//Quantitative values
132	//Makespan
132	//Mission completion time hauler 1
125	//Mission completion time hauler 2
2	//Application execution time (in millisecond)
//Path to the final points
0,[12,2],[6,8]
1,[12,3],[5,8]
2,[12,4],[5,7]
3,[11,4],[5,6]
4,[10,4],[5,5]
5,[9,4],[5,4]
6,[9,3],[5,5]
7,[8,3],[5,6]
8,[7,3],[5,7]
9,[6,3],[5,8]
10,[5,3],[5,9]
11,[4,3],[5,10]
12,[3,3],[6,10]
13,[3,2],[7,10]
14,[4,2],[8,10]
15,[4,1],[9,10]
16,[5,1],[10,10]
17,[4,1],[11,10]
18,[4,2],[12,10]
19,[3,2],[11,10]
20,[3,3],[10,10]
21,[3,4],[9,10]
22,[3,5],[8,10]
23,[3,6],[7,10]
24,[3,7],[6,10]
25,[3,8],[5,10]
26,[3,9],[5,9]
27,[3,10],[5,8]
28,[4,10],[5,7]
29,[5,10],[5,6]
30,[6,10],[5,5]
31,[7,10],[5,4]
32,[8,10],[5,5]
33,[9,10],[5,6]
34,[10,10],[5,7]
35,[11,10],[5,8]
36,[12,10],[5,9]
37,[11,10],[5,10]
38,[10,10],[6,10]
39,[9,10],[7,10]
40,[8,10],[7,10]
41,[7,10],[8,10]
42,[6,10],[9,10]
43,[5,10],[10,10]
44,[4,10],[11,10]
45,[3,10],[12,10]
46,[3,9],[11,10]
47,[3,8],[10,10]
48,[3,7],[9,10]
49,[3,6],[8,10]
50,[3,5],[7,10]
51,[3,4],[6,10]
52,[3,3],[5,10]
53,[3,2],[4,10]
54,[3,3],[3,10]
55,[3,4],[3,9]
56,[3,5],[3,8]
57,[3,6],[3,7]
58,[3,7],[3,6]
59,[3,8],[3,5]
60,[3,9],[3,4]
61,[3,10],[3,3]
62,[4,10],[3,2]
63,[5,10],[3,3]
64,[6,10],[3,4]
65,[7,10],[3,5]
66,[8,10],[3,6]
67,[9,10],[3,7]
68,[10,10],[3,8]
69,[11,10],[3,9]
70,[12,10],[3,10]
71,[11,10],[4,10]
72,[10,10],[5,10]
73,[9,10],[6,10]
74,[8,10],[7,10]
75,[7,10],[8,10]
76,[6,10],[9,10]
77,[5,10],[10,10]
78,[4,10],[11,10]
79,[3,10],[12,10]
80,[3,9],[11,10]
81,[3,8],[10,10]
82,[3,7],[9,10]
83,[3,6],[8,10]
84,[3,5],[7,10]
85,[3,4],[6,10]
86,[3,3],[5,10]
87,[3,2],[4,10]
88,[4,2],[3,10]
89,[4,1],[3,9]
90,[5,1],[3,8]
91,[5,2],[3,7]
92,[5,3],[3,6]
93,[5,4],[3,5]
94,[5,5],[3,4]
95,[5,6],[3,3]
96,[5,7],[3,2]
97,[5,8],[4,2]
98,[5,9],[4,1]
99,[5,10],[5,1]
100,[6,10],[5,2]
101,[7,10],[5,3]
102,[8,10],[5,4]
103,[9,10],[5,3]
104,[10,10],[5,2]
105,[11,10],[5,1]
106,[12,10],[4,1]
107,[11,10],[4,2]
108,[10,10],[3,2]
109,[9,10],[3,3]
110,[8,10],[3,4]
111,[7,10],[3,5]
112,[6,10],[3,6]
113,[5,10],[3,7]
114,[5,9],[3,8]
115,[5,8],[3,9]
116,[5,7],[3,10]
117,[5,6],[4,10]
118,[5,5],[5,10]
119,[5,4],[6,10]
120,[5,5],[7,10]
121,[5,6],[8,10]
122,[5,7],[9,10]
123,[5,8],[10,10]
124,[5,9],[11,10]
125,[5,10],[12,10]
126,[6,10],[12,10]
127,[7,10],[12,10]
128,[8,10],[12,10]
129,[9,10],[12,10]
130,[10,10],[12,10]
131,[11,10],[12,10]
132,[12,10],[12,10]
