//Quantitative values
108	//Makespan
86	//Mission completion time hauler 1
108	//Mission completion time hauler 2
2	//Application execution time (in millisecond)
//Path to the final points
0,[10,5],[10,10]
1,[9,5],[9,10]
2,[8,5],[8,10]
3,[7,5],[7,10]
4,[7,6],[6,10]
5,[7,7],[5,10]
6,[7,8],[4,10]
7,[7,9],[3,10]
8,[7,10],[2,10]
9,[7,11],[2,9]
10,[6,11],[2,8]
11,[5,11],[2,7]
12,[4,11],[1,7]
13,[3,11],[1,6]
14,[2,11],[1,7]
15,[2,10],[2,7]
16,[2,9],[2,8]
17,[2,8],[2,9]
18,[2,7],[2,10]
19,[1,7],[2,11]
20,[1,6],[3,11]
21,[1,7],[4,11]
22,[2,7],[5,11]
23,[2,8],[6,11]
24,[2,9],[7,11]
25,[2,10],[6,11]
26,[3,10],[5,11]
27,[4,10],[4,11]
28,[3,10],[4,10]
29,[2,10],[4,9]
30,[2,9],[4,8]
31,[2,8],[4,7]
32,[2,7],[4,6]
33,[1,7],[4,5]
34,[1,6],[4,6]
35,[1,7],[4,7]
36,[2,7],[4,8]
37,[2,8],[4,9]
38,[2,9],[4,10]
39,[2,10],[4,11]
40,[3,10],[5,11]
41,[4,10],[6,11]
42,[4,9],[7,11]
43,[4,8],[6,11]
44,[4,7],[5,11]
45,[4,6],[4,11]
46,[4,5],[3,11]
47,[4,6],[2,11]
48,[4,7],[2,10]
49,[4,8],[2,9]
50,[4,9],[2,8]
51,[4,10],[2,7]
52,[3,10],[1,7]
53,[2,10],[1,6]
54,[2,9],[1,5]
55,[2,8],[1,4]
56,[2,7],[1,3]
57,[1,7],[2,3]
58,[1,6],[3,3]
59,[1,7],[4,3]
60,[2,7],[5,3]
61,[2,8],[6,3]
62,[2,9],[7,3]
63,[2,10],[8,3]
64,[3,10],[9,3]
65,[4,10],[10,3]
66,[3,10],[11,3]
67,[2,10],[12,3]
68,[2,9],[11,3]
69,[2,8],[10,3]
70,[2,7],[9,3]
71,[1,7],[8,3]
72,[1,6],[7,3]
73,[1,7],[6,3]
74,[2,7],[5,3]
75,[2,8],[4,3]
76,[2,9],[3,3]
77,[2,10],[2,3]
78,[3,10],[1,3]
79,[4,10],[1,4]
80,[3,10],[1,5]
81,[2,10],[1,6]
82,[2,9],[1,7]
83,[2,8],[2,7]
84,[2,7],[2,8]
85,[1,7],[2,9]
86,[1,6],[2,10]
87,[1,6],[3,10]
88,[1,6],[4,10]
89,[1,6],[4,9]
90,[1,6],[4,8]
91,[1,6],[4,7]
92,[1,6],[4,6]
93,[1,6],[4,5]
94,[1,6],[4,6]
95,[1,6],[4,7]
96,[1,6],[4,8]
97,[1,6],[4,9]
98,[1,6],[4,10]
99,[1,6],[4,9]
100,[1,6],[4,8]
101,[1,6],[4,7]
102,[1,6],[4,6]
103,[1,6],[4,5]
104,[1,6],[4,6]
105,[1,6],[4,7]
106,[1,6],[4,8]
107,[1,6],[4,9]
108,[1,6],[4,10]
