//Quantitative values
543	//Makespan
544	//Mission completion time hauler 1
2	//Application execution time (in millisecond)
//Path to the final points
0,[5,9]
1,[5,8]
2,[5,7]
3,[5,6]
4,[5,5]
5,[5,4]
6,[5,3]
7,[5,2]
8,[5,1]
9,[4,1]
10,[5,1]
11,[5,2]
12,[5,3]
13,[6,3]
14,[5,3]
15,[5,2]
16,[5,1]
17,[4,1]
18,[4,1]
19,[4,1]
20,[4,1]
21,[4,1]
22,[4,1]
23,[3,1]
24,[2,1]
25,[1,1]
26,[1,2]
27,[1,3]
28,[1,4]
29,[1,5]
30,[1,6]
31,[1,7]
32,[1,8]
33,[1,9]
34,[1,10]
35,[1,11]
36,[1,12]
37,[2,12]
38,[3,12]
39,[2,12]
40,[1,12]
41,[1,11]
42,[1,10]
43,[1,9]
44,[1,8]
45,[1,7]
46,[1,6]
47,[1,5]
48,[1,4]
49,[1,3]
50,[1,2]
51,[1,1]
52,[2,1]
53,[3,1]
54,[4,1]
55,[4,1]
56,[4,1]
57,[4,1]
58,[4,1]
59,[4,1]
60,[5,1]
61,[5,2]
62,[5,3]
63,[6,3]
64,[5,3]
65,[5,2]
66,[5,1]
67,[4,1]
68,[3,1]
69,[2,1]
70,[1,1]
71,[1,2]
72,[1,3]
73,[1,4]
74,[1,5]
75,[1,6]
76,[1,7]
77,[1,8]
78,[1,9]
79,[1,10]
80,[1,11]
81,[1,12]
82,[2,12]
83,[3,12]
84,[2,12]
85,[1,12]
86,[1,11]
87,[1,10]
88,[1,9]
89,[1,8]
90,[1,7]
91,[1,6]
92,[1,5]
93,[1,4]
94,[1,3]
95,[1,2]
96,[1,1]
97,[2,1]
98,[3,1]
99,[4,1]
100,[4,1]
101,[4,1]
102,[4,1]
103,[4,1]
104,[4,1]
105,[5,1]
106,[5,2]
107,[5,3]
108,[5,4]
109,[6,4]
110,[7,4]
111,[7,5]
112,[7,6]
113,[7,7]
114,[7,8]
115,[7,9]
116,[7,10]
117,[8,10]
118,[9,10]
119,[9,11]
120,[10,11]
121,[11,11]
122,[12,11]
123,[11,11]
124,[10,11]
125,[9,11]
126,[9,10]
127,[8,10]
128,[7,10]
129,[7,9]
130,[7,8]
131,[7,7]
132,[7,6]
133,[7,5]
134,[7,4]
135,[6,4]
136,[5,4]
137,[5,3]
138,[5,2]
139,[5,1]
140,[4,1]
141,[4,1]
142,[4,1]
143,[4,1]
144,[4,1]
145,[4,1]
146,[3,1]
147,[2,1]
148,[1,1]
149,[1,2]
150,[1,3]
151,[1,4]
152,[1,5]
153,[1,6]
154,[1,7]
155,[1,8]
156,[1,9]
157,[1,10]
158,[1,11]
159,[1,12]
160,[2,12]
161,[3,12]
162,[2,12]
163,[1,12]
164,[1,11]
165,[1,10]
166,[1,9]
167,[1,8]
168,[1,7]
169,[1,6]
170,[1,5]
171,[1,4]
172,[1,3]
173,[1,2]
174,[1,1]
175,[2,1]
176,[3,1]
177,[4,1]
178,[4,1]
179,[4,1]
180,[4,1]
181,[4,1]
182,[4,1]
183,[5,1]
184,[5,2]
185,[5,3]
186,[6,3]
187,[5,3]
188,[5,2]
189,[5,1]
190,[4,1]
191,[5,1]
192,[5,2]
193,[5,3]
194,[5,4]
195,[6,4]
196,[7,4]
197,[7,5]
198,[7,6]
199,[7,7]
200,[7,8]
201,[7,9]
202,[7,10]
203,[8,10]
204,[9,10]
205,[8,10]
206,[7,10]
207,[7,9]
208,[7,8]
209,[7,7]
210,[7,6]
211,[7,5]
212,[7,4]
213,[6,4]
214,[5,4]
215,[5,3]
216,[5,2]
217,[5,1]
218,[4,1]
219,[4,1]
220,[4,1]
221,[4,1]
222,[4,1]
223,[4,1]
224,[5,1]
225,[5,2]
226,[5,3]
227,[5,4]
228,[6,4]
229,[7,4]
230,[7,5]
231,[7,6]
232,[7,7]
233,[7,8]
234,[7,9]
235,[7,10]
236,[8,10]
237,[9,10]
238,[9,11]
239,[10,11]
240,[11,11]
241,[12,11]
242,[11,11]
243,[10,11]
244,[9,11]
245,[9,10]
246,[8,10]
247,[7,10]
248,[7,9]
249,[7,8]
250,[7,7]
251,[7,6]
252,[7,5]
253,[7,4]
254,[6,4]
255,[5,4]
256,[5,3]
257,[5,2]
258,[5,1]
259,[4,1]
260,[4,1]
261,[4,1]
262,[4,1]
263,[4,1]
264,[4,1]
265,[5,1]
266,[5,2]
267,[5,3]
268,[5,4]
269,[6,4]
270,[7,4]
271,[7,5]
272,[7,6]
273,[7,7]
274,[7,8]
275,[7,9]
276,[7,10]
277,[8,10]
278,[9,10]
279,[8,10]
280,[7,10]
281,[7,9]
282,[7,8]
283,[7,7]
284,[7,6]
285,[7,5]
286,[7,4]
287,[6,4]
288,[5,4]
289,[5,3]
290,[5,2]
291,[5,1]
292,[4,1]
293,[4,1]
294,[4,1]
295,[4,1]
296,[4,1]
297,[4,1]
298,[5,1]
299,[5,2]
300,[5,3]
301,[5,4]
302,[6,4]
303,[7,4]
304,[7,5]
305,[7,6]
306,[7,7]
307,[7,8]
308,[7,9]
309,[7,10]
310,[8,10]
311,[9,10]
312,[9,11]
313,[10,11]
314,[11,11]
315,[12,11]
316,[11,11]
317,[10,11]
318,[9,11]
319,[9,10]
320,[8,10]
321,[7,10]
322,[7,9]
323,[7,8]
324,[7,7]
325,[7,6]
326,[7,5]
327,[7,4]
328,[6,4]
329,[5,4]
330,[5,3]
331,[5,2]
332,[5,1]
333,[4,1]
334,[4,1]
335,[4,1]
336,[4,1]
337,[4,1]
338,[4,1]
339,[5,1]
340,[5,2]
341,[5,3]
342,[5,4]
343,[6,4]
344,[7,4]
345,[7,5]
346,[7,6]
347,[7,7]
348,[7,8]
349,[7,9]
350,[7,10]
351,[8,10]
352,[9,10]
353,[8,10]
354,[7,10]
355,[7,9]
356,[7,8]
357,[7,7]
358,[7,6]
359,[7,5]
360,[7,4]
361,[6,4]
362,[5,4]
363,[5,3]
364,[5,2]
365,[5,1]
366,[4,1]
367,[4,1]
368,[4,1]
369,[4,1]
370,[4,1]
371,[4,1]
372,[5,1]
373,[5,2]
374,[5,3]
375,[5,4]
376,[6,4]
377,[7,4]
378,[7,5]
379,[7,6]
380,[7,7]
381,[7,8]
382,[7,9]
383,[7,10]
384,[8,10]
385,[9,10]
386,[9,11]
387,[10,11]
388,[11,11]
389,[12,11]
390,[11,11]
391,[10,11]
392,[9,11]
393,[9,10]
394,[8,10]
395,[7,10]
396,[7,9]
397,[7,8]
398,[7,7]
399,[7,6]
400,[7,5]
401,[7,4]
402,[6,4]
403,[5,4]
404,[5,3]
405,[5,2]
406,[5,1]
407,[4,1]
408,[4,1]
409,[4,1]
410,[4,1]
411,[4,1]
412,[4,1]
413,[5,1]
414,[5,2]
415,[5,3]
416,[5,4]
417,[6,4]
418,[7,4]
419,[7,5]
420,[7,6]
421,[7,7]
422,[7,8]
423,[7,9]
424,[7,10]
425,[8,10]
426,[9,10]
427,[8,10]
428,[7,10]
429,[7,9]
430,[7,8]
431,[7,7]
432,[7,6]
433,[7,5]
434,[7,4]
435,[6,4]
436,[5,4]
437,[5,3]
438,[5,2]
439,[5,1]
440,[4,1]
441,[4,1]
442,[4,1]
443,[4,1]
444,[4,1]
445,[4,1]
446,[5,1]
447,[5,2]
448,[5,3]
449,[5,2]
450,[5,1]
451,[4,1]
452,[3,1]
453,[2,1]
454,[1,1]
455,[1,2]
456,[1,3]
457,[1,4]
458,[1,5]
459,[1,6]
460,[1,7]
461,[1,8]
462,[1,9]
463,[1,10]
464,[1,11]
465,[1,12]
466,[2,12]
467,[3,12]
468,[2,12]
469,[1,12]
470,[1,11]
471,[1,10]
472,[1,9]
473,[1,8]
474,[1,7]
475,[1,6]
476,[1,5]
477,[1,4]
478,[1,3]
479,[1,2]
480,[1,1]
481,[2,1]
482,[3,1]
483,[4,1]
484,[4,1]
485,[4,1]
486,[4,1]
487,[4,1]
488,[4,1]
489,[5,1]
490,[5,2]
491,[5,3]
492,[5,4]
493,[6,4]
494,[7,4]
495,[7,5]
496,[7,6]
497,[7,7]
498,[7,8]
499,[7,9]
500,[7,10]
501,[8,10]
502,[9,10]
503,[9,11]
504,[10,11]
505,[11,11]
506,[12,11]
507,[11,11]
508,[10,11]
509,[9,11]
510,[9,10]
511,[8,10]
512,[7,10]
513,[7,9]
514,[7,8]
515,[7,7]
516,[7,6]
517,[7,5]
518,[7,4]
519,[6,4]
520,[5,4]
521,[5,3]
522,[5,2]
523,[5,1]
524,[4,1]
525,[4,1]
526,[4,1]
527,[4,1]
528,[4,1]
529,[4,1]
530,[5,1]
531,[5,2]
532,[5,3]
533,[5,4]
534,[6,4]
535,[7,4]
536,[7,5]
537,[7,6]
538,[7,7]
539,[7,8]
540,[7,9]
541,[7,10]
542,[8,10]
543,[9,10]
