//Quantitative values
485	//Makespan
486	//Mission completion time hauler 1
2	//Application execution time (in millisecond)
//Path to the final points
0,[2,8]
1,[2,9]
2,[2,10]
3,[2,11]
4,[2,12]
5,[3,12]
6,[4,12]
7,[5,12]
8,[6,12]
9,[7,12]
10,[8,12]
11,[9,12]
12,[9,11]
13,[10,11]
14,[10,10]
15,[10,9]
16,[11,9]
17,[12,9]
18,[12,9]
19,[12,9]
20,[12,9]
21,[12,9]
22,[12,9]
23,[12,8]
24,[12,7]
25,[12,6]
26,[12,7]
27,[12,8]
28,[12,9]
29,[11,9]
30,[10,9]
31,[9,9]
32,[8,9]
33,[7,9]
34,[7,8]
35,[7,7]
36,[7,6]
37,[7,5]
38,[7,4]
39,[6,4]
40,[6,3]
41,[5,3]
42,[5,2]
43,[5,1]
44,[4,1]
45,[3,1]
46,[2,1]
47,[1,1]
48,[1,2]
49,[1,3]
50,[2,3]
51,[3,3]
52,[2,3]
53,[1,3]
54,[1,2]
55,[1,1]
56,[2,1]
57,[3,1]
58,[4,1]
59,[5,1]
60,[5,2]
61,[5,3]
62,[6,3]
63,[6,4]
64,[7,4]
65,[7,5]
66,[7,6]
67,[7,7]
68,[7,8]
69,[7,9]
70,[8,9]
71,[9,9]
72,[10,9]
73,[11,9]
74,[12,9]
75,[12,9]
76,[12,9]
77,[12,9]
78,[12,9]
79,[12,9]
80,[12,8]
81,[12,7]
82,[12,6]
83,[12,7]
84,[12,8]
85,[12,9]
86,[11,9]
87,[10,9]
88,[9,9]
89,[8,9]
90,[7,9]
91,[7,8]
92,[7,7]
93,[7,6]
94,[7,5]
95,[7,4]
96,[6,4]
97,[6,3]
98,[5,3]
99,[5,2]
100,[5,1]
101,[4,1]
102,[3,1]
103,[2,1]
104,[1,1]
105,[1,2]
106,[1,3]
107,[2,3]
108,[3,3]
109,[2,3]
110,[1,3]
111,[1,2]
112,[1,1]
113,[2,1]
114,[3,1]
115,[4,1]
116,[5,1]
117,[5,2]
118,[5,3]
119,[6,3]
120,[6,4]
121,[7,4]
122,[7,5]
123,[7,6]
124,[7,7]
125,[7,8]
126,[7,9]
127,[8,9]
128,[9,9]
129,[10,9]
130,[11,9]
131,[12,9]
132,[12,9]
133,[12,9]
134,[12,9]
135,[12,9]
136,[12,9]
137,[11,9]
138,[10,9]
139,[9,9]
140,[8,9]
141,[7,9]
142,[7,8]
143,[7,7]
144,[7,6]
145,[7,5]
146,[7,4]
147,[6,4]
148,[6,3]
149,[5,3]
150,[5,2]
151,[5,1]
152,[4,1]
153,[5,1]
154,[5,2]
155,[5,3]
156,[6,3]
157,[6,4]
158,[7,4]
159,[7,5]
160,[7,6]
161,[7,7]
162,[7,8]
163,[7,9]
164,[8,9]
165,[9,9]
166,[10,9]
167,[11,9]
168,[12,9]
169,[12,9]
170,[12,9]
171,[12,9]
172,[12,9]
173,[12,9]
174,[11,9]
175,[10,9]
176,[10,10]
177,[10,11]
178,[9,11]
179,[9,12]
180,[8,12]
181,[7,12]
182,[6,12]
183,[7,12]
184,[8,12]
185,[9,12]
186,[9,11]
187,[10,11]
188,[10,10]
189,[10,9]
190,[11,9]
191,[12,9]
192,[12,9]
193,[12,9]
194,[12,9]
195,[12,9]
196,[12,9]
197,[12,8]
198,[12,7]
199,[12,6]
200,[12,7]
201,[12,8]
202,[12,9]
203,[11,9]
204,[10,9]
205,[10,10]
206,[10,11]
207,[9,11]
208,[9,12]
209,[8,12]
210,[7,12]
211,[6,12]
212,[7,12]
213,[8,12]
214,[9,12]
215,[9,11]
216,[10,11]
217,[10,10]
218,[10,9]
219,[11,9]
220,[12,9]
221,[12,9]
222,[12,9]
223,[12,9]
224,[12,9]
225,[12,9]
226,[11,9]
227,[10,9]
228,[9,9]
229,[8,9]
230,[7,9]
231,[7,8]
232,[7,7]
233,[7,6]
234,[7,5]
235,[7,4]
236,[6,4]
237,[6,3]
238,[5,3]
239,[5,2]
240,[5,1]
241,[4,1]
242,[5,1]
243,[5,2]
244,[5,3]
245,[6,3]
246,[6,4]
247,[7,4]
248,[7,5]
249,[7,6]
250,[7,7]
251,[7,8]
252,[7,9]
253,[8,9]
254,[9,9]
255,[10,9]
256,[11,9]
257,[12,9]
258,[12,9]
259,[12,9]
260,[12,9]
261,[12,9]
262,[12,9]
263,[11,9]
264,[10,9]
265,[9,9]
266,[8,9]
267,[7,9]
268,[7,8]
269,[7,7]
270,[7,6]
271,[7,5]
272,[7,4]
273,[6,4]
274,[6,3]
275,[5,3]
276,[5,2]
277,[5,1]
278,[4,1]
279,[3,1]
280,[2,1]
281,[1,1]
282,[1,2]
283,[1,3]
284,[2,3]
285,[3,3]
286,[2,3]
287,[1,3]
288,[1,2]
289,[1,1]
290,[2,1]
291,[3,1]
292,[4,1]
293,[5,1]
294,[5,2]
295,[5,3]
296,[6,3]
297,[6,4]
298,[7,4]
299,[7,5]
300,[7,6]
301,[7,7]
302,[7,8]
303,[7,9]
304,[8,9]
305,[9,9]
306,[10,9]
307,[11,9]
308,[12,9]
309,[12,9]
310,[12,9]
311,[12,9]
312,[12,9]
313,[12,9]
314,[11,9]
315,[10,9]
316,[9,9]
317,[8,9]
318,[7,9]
319,[7,8]
320,[7,7]
321,[7,6]
322,[7,5]
323,[7,4]
324,[6,4]
325,[6,3]
326,[5,3]
327,[5,2]
328,[5,1]
329,[4,1]
330,[5,1]
331,[5,2]
332,[5,3]
333,[6,3]
334,[6,4]
335,[7,4]
336,[7,5]
337,[7,6]
338,[7,7]
339,[7,8]
340,[7,9]
341,[8,9]
342,[9,9]
343,[10,9]
344,[11,9]
345,[12,9]
346,[12,9]
347,[12,9]
348,[12,9]
349,[12,9]
350,[12,9]
351,[12,8]
352,[12,7]
353,[11,7]
354,[11,6]
355,[11,5]
356,[11,4]
357,[11,5]
358,[11,6]
359,[11,7]
360,[12,7]
361,[12,8]
362,[12,9]
363,[11,9]
364,[10,9]
365,[9,9]
366,[8,9]
367,[7,9]
368,[7,8]
369,[7,7]
370,[7,6]
371,[7,5]
372,[7,4]
373,[6,4]
374,[6,3]
375,[5,3]
376,[5,2]
377,[5,1]
378,[4,1]
379,[5,1]
380,[5,2]
381,[5,3]
382,[6,3]
383,[6,4]
384,[7,4]
385,[7,5]
386,[7,6]
387,[7,7]
388,[7,8]
389,[7,9]
390,[8,9]
391,[9,9]
392,[10,9]
393,[11,9]
394,[12,9]
395,[12,9]
396,[12,9]
397,[12,9]
398,[12,9]
399,[12,9]
400,[11,9]
401,[10,9]
402,[9,9]
403,[8,9]
404,[7,9]
405,[7,8]
406,[7,7]
407,[7,6]
408,[7,5]
409,[7,4]
410,[6,4]
411,[6,3]
412,[5,3]
413,[5,2]
414,[5,1]
415,[4,1]
416,[3,1]
417,[2,1]
418,[1,1]
419,[1,2]
420,[1,3]
421,[2,3]
422,[3,3]
423,[2,3]
424,[1,3]
425,[1,2]
426,[1,1]
427,[2,1]
428,[3,1]
429,[4,1]
430,[5,1]
431,[5,2]
432,[5,3]
433,[6,3]
434,[6,4]
435,[7,4]
436,[7,5]
437,[7,6]
438,[7,7]
439,[7,8]
440,[7,9]
441,[8,9]
442,[9,9]
443,[10,9]
444,[11,9]
445,[12,9]
446,[12,9]
447,[12,9]
448,[12,9]
449,[12,9]
450,[12,9]
451,[12,8]
452,[12,7]
453,[12,6]
454,[12,7]
455,[12,8]
456,[12,9]
457,[12,8]
458,[12,7]
459,[11,7]
460,[11,6]
461,[11,5]
462,[11,4]
463,[11,5]
464,[11,6]
465,[11,7]
466,[12,7]
467,[12,8]
468,[12,9]
469,[12,9]
470,[12,9]
471,[12,9]
472,[12,9]
473,[12,9]
474,[12,8]
475,[12,7]
476,[12,6]
477,[12,7]
478,[12,8]
479,[12,9]
480,[12,8]
481,[12,7]
482,[11,7]
483,[11,6]
484,[11,5]
485,[11,4]
