//Quantitative values
545	//Makespan
546	//Mission completion time hauler 1
1	//Application execution time (in millisecond)
//Path to the final points
0,[1,5]
1,[1,4]
2,[1,3]
3,[1,2]
4,[1,1]
5,[2,1]
6,[3,1]
7,[4,1]
8,[5,1]
9,[5,2]
10,[6,2]
11,[7,2]
12,[8,2]
13,[9,2]
14,[10,2]
15,[11,2]
16,[12,2]
17,[12,3]
18,[12,4]
19,[11,4]
20,[11,5]
21,[11,6]
22,[11,6]
23,[11,6]
24,[11,6]
25,[11,6]
26,[11,6]
27,[11,5]
28,[11,4]
29,[12,4]
30,[12,3]
31,[12,2]
32,[11,2]
33,[10,2]
34,[9,2]
35,[8,2]
36,[7,2]
37,[6,2]
38,[5,2]
39,[5,1]
40,[4,1]
41,[3,1]
42,[2,1]
43,[3,1]
44,[4,1]
45,[5,1]
46,[5,2]
47,[6,2]
48,[7,2]
49,[8,2]
50,[9,2]
51,[10,2]
52,[11,2]
53,[12,2]
54,[12,3]
55,[12,4]
56,[11,4]
57,[11,5]
58,[11,6]
59,[11,6]
60,[11,6]
61,[11,6]
62,[11,6]
63,[11,6]
64,[11,5]
65,[11,4]
66,[12,4]
67,[12,3]
68,[12,2]
69,[11,2]
70,[10,2]
71,[11,2]
72,[12,2]
73,[12,3]
74,[12,4]
75,[11,4]
76,[11,5]
77,[11,6]
78,[11,5]
79,[11,4]
80,[12,4]
81,[12,3]
82,[12,2]
83,[11,2]
84,[10,2]
85,[9,2]
86,[8,2]
87,[7,2]
88,[6,2]
89,[5,2]
90,[5,1]
91,[4,1]
92,[3,1]
93,[2,1]
94,[1,1]
95,[1,2]
96,[1,3]
97,[1,4]
98,[1,3]
99,[1,2]
100,[1,1]
101,[2,1]
102,[3,1]
103,[4,1]
104,[5,1]
105,[5,2]
106,[6,2]
107,[7,2]
108,[8,2]
109,[9,2]
110,[10,2]
111,[11,2]
112,[12,2]
113,[12,3]
114,[12,4]
115,[11,4]
116,[11,5]
117,[11,6]
118,[11,6]
119,[11,6]
120,[11,6]
121,[11,6]
122,[11,6]
123,[11,7]
124,[12,7]
125,[12,8]
126,[12,9]
127,[12,10]
128,[12,11]
129,[12,12]
130,[12,11]
131,[12,10]
132,[12,9]
133,[12,8]
134,[12,7]
135,[11,7]
136,[11,6]
137,[11,5]
138,[11,4]
139,[12,4]
140,[12,3]
141,[12,2]
142,[11,2]
143,[10,2]
144,[9,2]
145,[8,2]
146,[7,2]
147,[6,2]
148,[5,2]
149,[5,1]
150,[4,1]
151,[3,1]
152,[2,1]
153,[3,1]
154,[4,1]
155,[5,1]
156,[5,2]
157,[6,2]
158,[7,2]
159,[8,2]
160,[9,2]
161,[10,2]
162,[11,2]
163,[12,2]
164,[12,3]
165,[12,4]
166,[11,4]
167,[11,5]
168,[11,6]
169,[11,6]
170,[11,6]
171,[11,6]
172,[11,6]
173,[11,6]
174,[11,5]
175,[11,4]
176,[12,4]
177,[12,3]
178,[12,2]
179,[11,2]
180,[10,2]
181,[11,2]
182,[12,2]
183,[12,3]
184,[12,4]
185,[11,4]
186,[11,5]
187,[11,6]
188,[11,5]
189,[11,4]
190,[12,4]
191,[12,3]
192,[12,2]
193,[11,2]
194,[10,2]
195,[9,2]
196,[8,2]
197,[7,2]
198,[6,2]
199,[5,2]
200,[5,1]
201,[4,1]
202,[3,1]
203,[2,1]
204,[3,1]
205,[4,1]
206,[5,1]
207,[5,2]
208,[6,2]
209,[7,2]
210,[8,2]
211,[9,2]
212,[10,2]
213,[11,2]
214,[12,2]
215,[12,3]
216,[12,4]
217,[11,4]
218,[11,5]
219,[11,6]
220,[11,6]
221,[11,6]
222,[11,6]
223,[11,6]
224,[11,6]
225,[11,5]
226,[11,4]
227,[12,4]
228,[12,3]
229,[12,2]
230,[11,2]
231,[10,2]
232,[11,2]
233,[12,2]
234,[12,3]
235,[12,4]
236,[11,4]
237,[11,5]
238,[11,6]
239,[11,5]
240,[11,4]
241,[12,4]
242,[12,3]
243,[12,2]
244,[11,2]
245,[10,2]
246,[9,2]
247,[8,2]
248,[7,2]
249,[6,2]
250,[5,2]
251,[5,1]
252,[4,1]
253,[3,1]
254,[2,1]
255,[3,1]
256,[4,1]
257,[5,1]
258,[5,2]
259,[6,2]
260,[7,2]
261,[8,2]
262,[9,2]
263,[10,2]
264,[11,2]
265,[12,2]
266,[12,3]
267,[12,4]
268,[11,4]
269,[11,5]
270,[11,6]
271,[11,6]
272,[11,6]
273,[11,6]
274,[11,6]
275,[11,6]
276,[11,7]
277,[12,7]
278,[12,8]
279,[12,9]
280,[12,10]
281,[12,11]
282,[12,12]
283,[12,11]
284,[12,10]
285,[12,9]
286,[12,8]
287,[12,7]
288,[11,7]
289,[11,6]
290,[11,5]
291,[11,4]
292,[12,4]
293,[12,3]
294,[12,2]
295,[11,2]
296,[10,2]
297,[9,2]
298,[8,2]
299,[7,2]
300,[6,2]
301,[5,2]
302,[5,1]
303,[4,1]
304,[3,1]
305,[2,1]
306,[1,1]
307,[1,2]
308,[1,3]
309,[1,4]
310,[1,3]
311,[1,2]
312,[1,1]
313,[2,1]
314,[3,1]
315,[4,1]
316,[5,1]
317,[5,2]
318,[6,2]
319,[7,2]
320,[8,2]
321,[9,2]
322,[10,2]
323,[11,2]
324,[12,2]
325,[12,3]
326,[12,4]
327,[11,4]
328,[11,5]
329,[11,6]
330,[11,6]
331,[11,6]
332,[11,6]
333,[11,6]
334,[11,6]
335,[11,5]
336,[11,4]
337,[12,4]
338,[12,3]
339,[12,2]
340,[11,2]
341,[10,2]
342,[11,2]
343,[12,2]
344,[12,3]
345,[12,4]
346,[11,4]
347,[11,5]
348,[11,6]
349,[11,5]
350,[11,4]
351,[12,4]
352,[12,3]
353,[12,2]
354,[11,2]
355,[10,2]
356,[9,2]
357,[8,2]
358,[7,2]
359,[6,2]
360,[5,2]
361,[5,1]
362,[4,1]
363,[3,1]
364,[2,1]
365,[1,1]
366,[1,2]
367,[1,3]
368,[1,4]
369,[1,3]
370,[1,2]
371,[1,1]
372,[2,1]
373,[3,1]
374,[4,1]
375,[5,1]
376,[5,2]
377,[6,2]
378,[7,2]
379,[8,2]
380,[9,2]
381,[10,2]
382,[11,2]
383,[12,2]
384,[12,3]
385,[12,4]
386,[11,4]
387,[11,5]
388,[11,6]
389,[11,6]
390,[11,6]
391,[11,6]
392,[11,6]
393,[11,6]
394,[11,7]
395,[12,7]
396,[12,8]
397,[12,9]
398,[11,9]
399,[10,9]
400,[9,9]
401,[9,10]
402,[9,11]
403,[9,12]
404,[8,12]
405,[7,12]
406,[6,12]
407,[5,12]
408,[4,12]
409,[3,12]
410,[2,12]
411,[3,12]
412,[4,12]
413,[5,12]
414,[6,12]
415,[7,12]
416,[8,12]
417,[9,12]
418,[9,11]
419,[9,10]
420,[9,9]
421,[10,9]
422,[11,9]
423,[12,9]
424,[12,8]
425,[12,7]
426,[11,7]
427,[11,6]
428,[11,6]
429,[11,6]
430,[11,6]
431,[11,6]
432,[11,6]
433,[11,5]
434,[11,4]
435,[12,4]
436,[12,3]
437,[12,2]
438,[11,2]
439,[10,2]
440,[9,2]
441,[8,2]
442,[7,2]
443,[6,2]
444,[5,2]
445,[5,1]
446,[4,1]
447,[3,1]
448,[2,1]
449,[3,1]
450,[4,1]
451,[5,1]
452,[5,2]
453,[6,2]
454,[7,2]
455,[8,2]
456,[9,2]
457,[10,2]
458,[11,2]
459,[12,2]
460,[12,3]
461,[12,4]
462,[11,4]
463,[11,5]
464,[11,6]
465,[11,6]
466,[11,6]
467,[11,6]
468,[11,6]
469,[11,6]
470,[11,7]
471,[12,7]
472,[12,8]
473,[12,9]
474,[12,10]
475,[12,11]
476,[12,12]
477,[12,11]
478,[12,10]
479,[12,9]
480,[12,8]
481,[12,7]
482,[11,7]
483,[11,6]
484,[11,5]
485,[11,4]
486,[12,4]
487,[12,3]
488,[12,2]
489,[11,2]
490,[10,2]
491,[9,2]
492,[8,2]
493,[7,2]
494,[6,2]
495,[5,2]
496,[5,1]
497,[4,1]
498,[3,1]
499,[2,1]
500,[1,1]
501,[1,2]
502,[1,3]
503,[1,4]
504,[1,3]
505,[1,2]
506,[1,1]
507,[2,1]
508,[3,1]
509,[4,1]
510,[5,1]
511,[5,2]
512,[6,2]
513,[7,2]
514,[8,2]
515,[9,2]
516,[10,2]
517,[11,2]
518,[12,2]
519,[12,3]
520,[12,4]
521,[11,4]
522,[11,5]
523,[11,6]
524,[11,6]
525,[11,6]
526,[11,6]
527,[11,6]
528,[11,6]
529,[11,7]
530,[12,7]
531,[12,8]
532,[12,9]
533,[11,9]
534,[10,9]
535,[9,9]
536,[9,10]
537,[9,11]
538,[9,12]
539,[8,12]
540,[7,12]
541,[6,12]
542,[5,12]
543,[4,12]
544,[3,12]
545,[2,12]
