//Quantitative values
532	//Makespan
533	//Mission completion time hauler 1
2	//Application execution time (in millisecond)
//Path to the final points
0,[2,7]
1,[2,8]
2,[2,9]
3,[2,10]
4,[2,11]
5,[2,12]
6,[3,12]
7,[4,12]
8,[5,12]
9,[6,12]
10,[7,12]
11,[8,12]
12,[9,12]
13,[10,12]
14,[11,12]
15,[11,12]
16,[11,12]
17,[11,12]
18,[11,12]
19,[11,12]
20,[10,12]
21,[9,12]
22,[9,11]
23,[9,10]
24,[8,10]
25,[7,10]
26,[7,9]
27,[7,8]
28,[7,7]
29,[7,6]
30,[7,5]
31,[7,4]
32,[6,4]
33,[5,4]
34,[5,3]
35,[5,2]
36,[5,1]
37,[4,1]
38,[5,1]
39,[5,2]
40,[5,3]
41,[5,4]
42,[6,4]
43,[7,4]
44,[7,5]
45,[7,6]
46,[7,7]
47,[7,8]
48,[7,9]
49,[7,10]
50,[8,10]
51,[9,10]
52,[9,11]
53,[9,12]
54,[10,12]
55,[11,12]
56,[11,12]
57,[11,12]
58,[11,12]
59,[11,12]
60,[11,12]
61,[10,12]
62,[9,12]
63,[8,12]
64,[7,12]
65,[6,12]
66,[5,12]
67,[4,12]
68,[3,12]
69,[3,11]
70,[3,10]
71,[3,9]
72,[3,8]
73,[4,8]
74,[5,8]
75,[4,8]
76,[3,8]
77,[3,9]
78,[3,10]
79,[3,11]
80,[3,12]
81,[4,12]
82,[5,12]
83,[6,12]
84,[7,12]
85,[8,12]
86,[9,12]
87,[10,12]
88,[11,12]
89,[11,12]
90,[11,12]
91,[11,12]
92,[11,12]
93,[11,12]
94,[10,12]
95,[9,12]
96,[8,12]
97,[7,12]
98,[6,12]
99,[5,12]
100,[4,12]
101,[3,12]
102,[2,12]
103,[1,12]
104,[2,12]
105,[3,12]
106,[4,12]
107,[5,12]
108,[6,12]
109,[7,12]
110,[8,12]
111,[9,12]
112,[10,12]
113,[11,12]
114,[10,12]
115,[9,12]
116,[8,12]
117,[7,12]
118,[6,12]
119,[5,12]
120,[4,12]
121,[3,12]
122,[3,11]
123,[3,10]
124,[3,9]
125,[3,8]
126,[4,8]
127,[5,8]
128,[4,8]
129,[3,8]
130,[3,9]
131,[3,10]
132,[3,11]
133,[3,12]
134,[4,12]
135,[5,12]
136,[6,12]
137,[7,12]
138,[8,12]
139,[9,12]
140,[10,12]
141,[11,12]
142,[11,12]
143,[11,12]
144,[11,12]
145,[11,12]
146,[11,12]
147,[10,12]
148,[9,12]
149,[8,12]
150,[7,12]
151,[6,12]
152,[5,12]
153,[4,12]
154,[3,12]
155,[2,12]
156,[1,12]
157,[2,12]
158,[3,12]
159,[4,12]
160,[5,12]
161,[6,12]
162,[7,12]
163,[8,12]
164,[9,12]
165,[10,12]
166,[11,12]
167,[10,12]
168,[9,12]
169,[8,12]
170,[7,12]
171,[6,12]
172,[5,12]
173,[4,12]
174,[3,12]
175,[3,11]
176,[3,10]
177,[3,9]
178,[3,8]
179,[4,8]
180,[5,8]
181,[4,8]
182,[3,8]
183,[3,9]
184,[3,10]
185,[3,11]
186,[3,12]
187,[4,12]
188,[5,12]
189,[6,12]
190,[7,12]
191,[8,12]
192,[9,12]
193,[10,12]
194,[11,12]
195,[11,12]
196,[11,12]
197,[11,12]
198,[11,12]
199,[11,12]
200,[10,12]
201,[9,12]
202,[9,11]
203,[9,10]
204,[8,10]
205,[7,10]
206,[7,9]
207,[7,8]
208,[7,7]
209,[7,6]
210,[7,5]
211,[7,4]
212,[6,4]
213,[5,4]
214,[5,3]
215,[5,2]
216,[5,1]
217,[4,1]
218,[5,1]
219,[5,2]
220,[5,3]
221,[5,4]
222,[6,4]
223,[7,4]
224,[7,5]
225,[7,6]
226,[7,7]
227,[7,8]
228,[7,9]
229,[7,10]
230,[8,10]
231,[9,10]
232,[9,11]
233,[9,12]
234,[10,12]
235,[11,12]
236,[11,12]
237,[11,12]
238,[11,12]
239,[11,12]
240,[11,12]
241,[10,12]
242,[9,12]
243,[9,11]
244,[9,10]
245,[8,10]
246,[7,10]
247,[7,9]
248,[7,8]
249,[7,7]
250,[7,6]
251,[7,5]
252,[7,4]
253,[7,3]
254,[7,2]
255,[7,3]
256,[7,4]
257,[7,5]
258,[7,6]
259,[7,7]
260,[7,8]
261,[7,9]
262,[7,10]
263,[8,10]
264,[9,10]
265,[9,11]
266,[9,12]
267,[10,12]
268,[11,12]
269,[11,12]
270,[11,12]
271,[11,12]
272,[11,12]
273,[11,12]
274,[10,12]
275,[9,12]
276,[8,12]
277,[7,12]
278,[6,12]
279,[5,12]
280,[4,12]
281,[3,12]
282,[2,12]
283,[1,12]
284,[2,12]
285,[3,12]
286,[4,12]
287,[5,12]
288,[6,12]
289,[7,12]
290,[8,12]
291,[9,12]
292,[10,12]
293,[11,12]
294,[10,12]
295,[9,12]
296,[8,12]
297,[7,12]
298,[6,12]
299,[5,12]
300,[4,12]
301,[3,12]
302,[3,11]
303,[3,10]
304,[3,9]
305,[3,8]
306,[4,8]
307,[5,8]
308,[4,8]
309,[3,8]
310,[3,9]
311,[3,10]
312,[3,11]
313,[3,12]
314,[4,12]
315,[5,12]
316,[6,12]
317,[7,12]
318,[8,12]
319,[9,12]
320,[10,12]
321,[11,12]
322,[11,12]
323,[11,12]
324,[11,12]
325,[11,12]
326,[11,12]
327,[10,12]
328,[9,12]
329,[9,11]
330,[9,10]
331,[8,10]
332,[7,10]
333,[7,9]
334,[7,8]
335,[7,9]
336,[7,10]
337,[8,10]
338,[9,10]
339,[9,11]
340,[9,12]
341,[10,12]
342,[11,12]
343,[10,12]
344,[9,12]
345,[9,11]
346,[9,10]
347,[8,10]
348,[7,10]
349,[7,9]
350,[7,8]
351,[7,7]
352,[7,6]
353,[7,5]
354,[7,4]
355,[7,3]
356,[7,2]
357,[7,3]
358,[7,4]
359,[7,5]
360,[7,6]
361,[7,7]
362,[7,8]
363,[7,9]
364,[7,10]
365,[8,10]
366,[9,10]
367,[9,11]
368,[9,12]
369,[10,12]
370,[11,12]
371,[11,12]
372,[11,12]
373,[11,12]
374,[11,12]
375,[11,12]
376,[10,12]
377,[9,12]
378,[9,11]
379,[9,10]
380,[8,10]
381,[7,10]
382,[7,9]
383,[7,8]
384,[7,7]
385,[7,6]
386,[7,5]
387,[7,4]
388,[6,4]
389,[5,4]
390,[5,3]
391,[5,2]
392,[5,1]
393,[4,1]
394,[5,1]
395,[5,2]
396,[5,3]
397,[5,4]
398,[6,4]
399,[7,4]
400,[7,5]
401,[7,6]
402,[7,7]
403,[7,8]
404,[7,9]
405,[7,10]
406,[8,10]
407,[9,10]
408,[9,11]
409,[9,12]
410,[10,12]
411,[11,12]
412,[11,12]
413,[11,12]
414,[11,12]
415,[11,12]
416,[11,12]
417,[10,12]
418,[9,12]
419,[9,11]
420,[9,10]
421,[8,10]
422,[7,10]
423,[7,9]
424,[7,8]
425,[7,7]
426,[7,6]
427,[7,5]
428,[7,4]
429,[7,3]
430,[7,2]
431,[7,3]
432,[7,4]
433,[7,5]
434,[7,6]
435,[7,7]
436,[7,8]
437,[7,9]
438,[7,10]
439,[8,10]
440,[9,10]
441,[9,11]
442,[9,12]
443,[10,12]
444,[11,12]
445,[11,12]
446,[11,12]
447,[11,12]
448,[11,12]
449,[11,12]
450,[10,12]
451,[9,12]
452,[9,11]
453,[9,10]
454,[8,10]
455,[7,10]
456,[7,9]
457,[7,8]
458,[7,9]
459,[7,10]
460,[8,10]
461,[9,10]
462,[9,11]
463,[9,12]
464,[10,12]
465,[11,12]
466,[10,12]
467,[9,12]
468,[8,12]
469,[7,12]
470,[6,12]
471,[5,12]
472,[4,12]
473,[3,12]
474,[3,11]
475,[3,10]
476,[3,9]
477,[3,8]
478,[4,8]
479,[5,8]
480,[4,8]
481,[3,8]
482,[3,9]
483,[3,10]
484,[3,11]
485,[3,12]
486,[4,12]
487,[5,12]
488,[6,12]
489,[7,12]
490,[8,12]
491,[9,12]
492,[10,12]
493,[11,12]
494,[11,12]
495,[11,12]
496,[11,12]
497,[11,12]
498,[11,12]
499,[10,12]
500,[9,12]
501,[8,12]
502,[7,12]
503,[6,12]
504,[5,12]
505,[4,12]
506,[3,12]
507,[2,12]
508,[1,12]
509,[2,12]
510,[3,12]
511,[4,12]
512,[5,12]
513,[6,12]
514,[7,12]
515,[8,12]
516,[9,12]
517,[10,12]
518,[11,12]
519,[10,12]
520,[9,12]
521,[8,12]
522,[7,12]
523,[6,12]
524,[5,12]
525,[4,12]
526,[3,12]
527,[3,11]
528,[3,10]
529,[3,9]
530,[3,8]
531,[4,8]
532,[5,8]
