//Quantitative values
287	//Makespan
288	//Mission completion time hauler 1
1	//Application execution time (in millisecond)
//Path to the final points
0,[3,12]
1,[2,12]
2,[1,12]
3,[1,11]
4,[1,10]
5,[1,9]
6,[2,9]
7,[3,9]
8,[4,9]
9,[4,10]
10,[5,10]
11,[5,10]
12,[5,10]
13,[5,10]
14,[5,10]
15,[5,10]
16,[4,10]
17,[4,9]
18,[3,9]
19,[3,8]
20,[3,7]
21,[3,6]
22,[3,5]
23,[3,6]
24,[3,7]
25,[3,8]
26,[3,9]
27,[4,9]
28,[4,10]
29,[5,10]
30,[4,10]
31,[4,9]
32,[3,9]
33,[4,9]
34,[4,10]
35,[5,10]
36,[5,10]
37,[5,10]
38,[5,10]
39,[5,10]
40,[5,10]
41,[4,10]
42,[4,9]
43,[3,9]
44,[2,9]
45,[1,9]
46,[1,10]
47,[1,11]
48,[1,12]
49,[2,12]
50,[3,12]
51,[4,12]
52,[5,12]
53,[6,12]
54,[7,12]
55,[6,12]
56,[5,12]
57,[4,12]
58,[3,12]
59,[2,12]
60,[1,12]
61,[1,11]
62,[1,10]
63,[1,9]
64,[2,9]
65,[3,9]
66,[4,9]
67,[4,10]
68,[5,10]
69,[5,10]
70,[5,10]
71,[5,10]
72,[5,10]
73,[5,10]
74,[4,10]
75,[4,9]
76,[3,9]
77,[4,9]
78,[4,10]
79,[5,10]
80,[4,10]
81,[4,9]
82,[3,9]
83,[2,9]
84,[1,9]
85,[1,10]
86,[1,11]
87,[1,12]
88,[2,12]
89,[3,12]
90,[4,12]
91,[3,12]
92,[2,12]
93,[1,12]
94,[1,11]
95,[1,10]
96,[1,9]
97,[2,9]
98,[3,9]
99,[4,9]
100,[4,10]
101,[5,10]
102,[5,10]
103,[5,10]
104,[5,10]
105,[5,10]
106,[5,10]
107,[4,10]
108,[4,9]
109,[3,9]
110,[2,9]
111,[1,9]
112,[2,9]
113,[3,9]
114,[4,9]
115,[4,10]
116,[5,10]
117,[4,10]
118,[4,9]
119,[3,9]
120,[2,9]
121,[1,9]
122,[1,10]
123,[1,11]
124,[1,12]
125,[2,12]
126,[3,12]
127,[4,12]
128,[5,12]
129,[6,12]
130,[7,12]
131,[6,12]
132,[5,12]
133,[4,12]
134,[3,12]
135,[2,12]
136,[1,12]
137,[1,11]
138,[1,10]
139,[1,9]
140,[2,9]
141,[3,9]
142,[4,9]
143,[4,10]
144,[5,10]
145,[5,10]
146,[5,10]
147,[5,10]
148,[5,10]
149,[5,10]
150,[4,10]
151,[4,9]
152,[3,9]
153,[4,9]
154,[4,10]
155,[5,10]
156,[4,10]
157,[4,9]
158,[3,9]
159,[3,8]
160,[3,7]
161,[3,6]
162,[3,5]
163,[3,6]
164,[3,7]
165,[3,8]
166,[3,9]
167,[4,9]
168,[4,10]
169,[5,10]
170,[5,10]
171,[5,10]
172,[5,10]
173,[5,10]
174,[5,10]
175,[4,10]
176,[4,9]
177,[3,9]
178,[4,9]
179,[4,10]
180,[5,10]
181,[4,10]
182,[4,9]
183,[3,9]
184,[2,9]
185,[1,9]
186,[1,10]
187,[1,11]
188,[1,12]
189,[2,12]
190,[3,12]
191,[4,12]
192,[3,12]
193,[2,12]
194,[1,12]
195,[1,11]
196,[1,10]
197,[1,9]
198,[2,9]
199,[3,9]
200,[4,9]
201,[4,10]
202,[5,10]
203,[5,10]
204,[5,10]
205,[5,10]
206,[5,10]
207,[5,10]
208,[4,10]
209,[4,9]
210,[3,9]
211,[4,9]
212,[4,10]
213,[5,10]
214,[4,10]
215,[4,9]
216,[3,9]
217,[3,8]
218,[3,7]
219,[3,6]
220,[3,5]
221,[3,6]
222,[3,7]
223,[3,8]
224,[3,9]
225,[4,9]
226,[4,10]
227,[5,10]
228,[5,10]
229,[5,10]
230,[5,10]
231,[5,10]
232,[5,10]
233,[4,10]
234,[4,9]
235,[3,9]
236,[4,9]
237,[4,10]
238,[5,10]
239,[4,10]
240,[4,9]
241,[3,9]
242,[3,8]
243,[3,7]
244,[3,6]
245,[3,5]
246,[3,6]
247,[3,7]
248,[3,8]
249,[3,9]
250,[4,9]
251,[4,10]
252,[5,10]
253,[5,10]
254,[5,10]
255,[5,10]
256,[5,10]
257,[5,10]
258,[4,10]
259,[4,9]
260,[3,9]
261,[4,9]
262,[4,10]
263,[5,10]
264,[4,10]
265,[4,9]
266,[3,9]
267,[3,8]
268,[3,7]
269,[3,6]
270,[3,5]
271,[3,6]
272,[3,7]
273,[3,8]
274,[3,9]
275,[4,9]
276,[4,10]
277,[5,10]
278,[5,10]
279,[5,10]
280,[5,10]
281,[5,10]
282,[5,10]
283,[4,10]
284,[4,9]
285,[3,9]
286,[2,9]
287,[1,9]
