//Quantitative values
272	//Makespan
273	//Mission completion time hauler 1
1	//Application execution time (in millisecond)
//Path to the final points
0,[5,9]
1,[5,8]
2,[5,7]
3,[5,6]
4,[5,5]
5,[5,4]
6,[5,3]
7,[5,2]
8,[5,1]
9,[4,1]
10,[5,1]
11,[5,2]
12,[5,3]
13,[6,3]
14,[5,3]
15,[5,2]
16,[5,1]
17,[4,1]
18,[4,1]
19,[4,1]
20,[4,1]
21,[4,1]
22,[4,1]
23,[5,1]
24,[5,2]
25,[5,3]
26,[5,4]
27,[6,4]
28,[7,4]
29,[7,5]
30,[7,6]
31,[7,7]
32,[7,8]
33,[7,9]
34,[7,10]
35,[8,10]
36,[9,10]
37,[8,10]
38,[7,10]
39,[7,9]
40,[7,8]
41,[7,7]
42,[7,6]
43,[7,5]
44,[7,4]
45,[6,4]
46,[5,4]
47,[5,3]
48,[5,2]
49,[5,1]
50,[4,1]
51,[4,1]
52,[4,1]
53,[4,1]
54,[4,1]
55,[4,1]
56,[5,1]
57,[5,2]
58,[5,3]
59,[6,3]
60,[5,3]
61,[5,2]
62,[5,1]
63,[4,1]
64,[5,1]
65,[5,2]
66,[5,3]
67,[5,4]
68,[6,4]
69,[7,4]
70,[7,5]
71,[7,6]
72,[7,7]
73,[7,8]
74,[7,9]
75,[7,10]
76,[8,10]
77,[9,10]
78,[8,10]
79,[7,10]
80,[7,9]
81,[7,8]
82,[7,7]
83,[7,6]
84,[7,5]
85,[7,4]
86,[6,4]
87,[5,4]
88,[5,3]
89,[5,2]
90,[5,1]
91,[4,1]
92,[4,1]
93,[4,1]
94,[4,1]
95,[4,1]
96,[4,1]
97,[5,1]
98,[5,2]
99,[5,3]
100,[5,4]
101,[6,4]
102,[7,4]
103,[7,5]
104,[7,6]
105,[7,7]
106,[7,8]
107,[7,9]
108,[7,10]
109,[8,10]
110,[9,10]
111,[9,11]
112,[10,11]
113,[11,11]
114,[12,11]
115,[11,11]
116,[10,11]
117,[9,11]
118,[9,10]
119,[8,10]
120,[7,10]
121,[7,9]
122,[7,8]
123,[7,7]
124,[7,6]
125,[7,5]
126,[7,4]
127,[6,4]
128,[5,4]
129,[5,3]
130,[5,2]
131,[5,1]
132,[4,1]
133,[4,1]
134,[4,1]
135,[4,1]
136,[4,1]
137,[4,1]
138,[5,1]
139,[5,2]
140,[5,3]
141,[5,4]
142,[6,4]
143,[7,4]
144,[7,5]
145,[7,6]
146,[7,7]
147,[7,8]
148,[7,9]
149,[7,10]
150,[8,10]
151,[9,10]
152,[8,10]
153,[7,10]
154,[7,9]
155,[7,8]
156,[7,7]
157,[7,6]
158,[7,5]
159,[7,4]
160,[6,4]
161,[5,4]
162,[5,3]
163,[5,2]
164,[5,1]
165,[4,1]
166,[4,1]
167,[4,1]
168,[4,1]
169,[4,1]
170,[4,1]
171,[5,1]
172,[5,2]
173,[5,3]
174,[5,4]
175,[6,4]
176,[7,4]
177,[7,5]
178,[7,6]
179,[7,7]
180,[7,8]
181,[7,9]
182,[7,10]
183,[8,10]
184,[9,10]
185,[9,11]
186,[10,11]
187,[11,11]
188,[12,11]
189,[11,11]
190,[10,11]
191,[9,11]
192,[9,10]
193,[8,10]
194,[7,10]
195,[7,9]
196,[7,8]
197,[7,7]
198,[7,6]
199,[7,5]
200,[7,4]
201,[6,4]
202,[5,4]
203,[5,3]
204,[5,2]
205,[5,1]
206,[4,1]
207,[4,1]
208,[4,1]
209,[4,1]
210,[4,1]
211,[4,1]
212,[3,1]
213,[2,1]
214,[1,1]
215,[1,2]
216,[1,3]
217,[1,4]
218,[1,5]
219,[1,6]
220,[1,7]
221,[1,8]
222,[1,9]
223,[1,10]
224,[1,11]
225,[1,12]
226,[2,12]
227,[3,12]
228,[2,12]
229,[1,12]
230,[1,11]
231,[1,10]
232,[1,9]
233,[1,8]
234,[1,7]
235,[1,6]
236,[1,5]
237,[1,4]
238,[1,3]
239,[1,2]
240,[1,1]
241,[2,1]
242,[3,1]
243,[4,1]
244,[4,1]
245,[4,1]
246,[4,1]
247,[4,1]
248,[4,1]
249,[5,1]
250,[5,2]
251,[5,3]
252,[6,3]
253,[5,3]
254,[5,2]
255,[5,1]
256,[4,1]
257,[3,1]
258,[2,1]
259,[1,1]
260,[1,2]
261,[1,3]
262,[1,4]
263,[1,5]
264,[1,6]
265,[1,7]
266,[1,8]
267,[1,9]
268,[1,10]
269,[1,11]
270,[1,12]
271,[2,12]
272,[3,12]
