//Quantitative values
169	//Makespan
170	//Mission completion time hauler 1
1	//Application execution time (in millisecond)
//Path to the final points
0,[2,8]
1,[2,9]
2,[2,10]
3,[2,11]
4,[2,12]
5,[3,12]
6,[4,12]
7,[5,12]
8,[6,12]
9,[7,12]
10,[8,12]
11,[9,12]
12,[9,11]
13,[10,11]
14,[10,10]
15,[10,9]
16,[11,9]
17,[12,9]
18,[12,9]
19,[12,9]
20,[12,9]
21,[12,9]
22,[12,9]
23,[12,8]
24,[12,7]
25,[12,6]
26,[12,7]
27,[12,8]
28,[12,9]
29,[11,9]
30,[10,9]
31,[10,10]
32,[10,11]
33,[9,11]
34,[9,12]
35,[8,12]
36,[7,12]
37,[6,12]
38,[7,12]
39,[8,12]
40,[9,12]
41,[9,11]
42,[10,11]
43,[10,10]
44,[10,9]
45,[11,9]
46,[12,9]
47,[12,9]
48,[12,9]
49,[12,9]
50,[12,9]
51,[12,9]
52,[12,8]
53,[12,7]
54,[12,6]
55,[12,7]
56,[12,8]
57,[12,9]
58,[11,9]
59,[10,9]
60,[9,9]
61,[8,9]
62,[7,9]
63,[7,8]
64,[7,7]
65,[7,6]
66,[7,5]
67,[7,4]
68,[6,4]
69,[6,3]
70,[5,3]
71,[5,2]
72,[5,1]
73,[4,1]
74,[3,1]
75,[2,1]
76,[1,1]
77,[1,2]
78,[1,3]
79,[2,3]
80,[3,3]
81,[2,3]
82,[1,3]
83,[1,2]
84,[1,1]
85,[2,1]
86,[3,1]
87,[4,1]
88,[5,1]
89,[5,2]
90,[5,3]
91,[6,3]
92,[6,4]
93,[7,4]
94,[7,5]
95,[7,6]
96,[7,7]
97,[7,8]
98,[7,9]
99,[8,9]
100,[9,9]
101,[10,9]
102,[11,9]
103,[12,9]
104,[12,9]
105,[12,9]
106,[12,9]
107,[12,9]
108,[12,9]
109,[12,8]
110,[12,7]
111,[12,6]
112,[12,7]
113,[12,8]
114,[12,9]
115,[12,8]
116,[12,7]
117,[11,7]
118,[11,6]
119,[11,5]
120,[11,4]
121,[11,5]
122,[11,6]
123,[11,7]
124,[12,7]
125,[12,8]
126,[12,9]
127,[12,9]
128,[12,9]
129,[12,9]
130,[12,9]
131,[12,9]
132,[12,8]
133,[12,7]
134,[12,6]
135,[12,7]
136,[12,8]
137,[12,9]
138,[12,8]
139,[12,7]
140,[11,7]
141,[11,6]
142,[11,5]
143,[11,4]
144,[11,5]
145,[11,6]
146,[11,7]
147,[12,7]
148,[12,8]
149,[12,9]
150,[12,9]
151,[12,9]
152,[12,9]
153,[12,9]
154,[12,9]
155,[12,8]
156,[12,7]
157,[12,6]
158,[12,7]
159,[12,8]
160,[12,9]
161,[11,9]
162,[10,9]
163,[10,10]
164,[10,11]
165,[9,11]
166,[9,12]
167,[8,12]
168,[7,12]
169,[6,12]
