//Quantitative values
272	//Makespan
273	//Mission completion time hauler 1
1	//Application execution time (in millisecond)
//Path to the final points
0,[1,5]
1,[1,4]
2,[1,3]
3,[1,2]
4,[1,1]
5,[2,1]
6,[3,1]
7,[4,1]
8,[5,1]
9,[5,2]
10,[6,2]
11,[7,2]
12,[8,2]
13,[9,2]
14,[10,2]
15,[11,2]
16,[12,2]
17,[12,3]
18,[12,4]
19,[11,4]
20,[11,5]
21,[11,6]
22,[11,6]
23,[11,6]
24,[11,6]
25,[11,6]
26,[11,6]
27,[11,5]
28,[11,4]
29,[12,4]
30,[12,3]
31,[12,2]
32,[11,2]
33,[10,2]
34,[11,2]
35,[12,2]
36,[12,3]
37,[12,4]
38,[11,4]
39,[11,5]
40,[11,6]
41,[11,5]
42,[11,4]
43,[12,4]
44,[12,3]
45,[12,2]
46,[11,2]
47,[10,2]
48,[9,2]
49,[8,2]
50,[7,2]
51,[6,2]
52,[5,2]
53,[5,1]
54,[4,1]
55,[3,1]
56,[2,1]
57,[1,1]
58,[1,2]
59,[1,3]
60,[1,4]
61,[1,3]
62,[1,2]
63,[1,1]
64,[2,1]
65,[3,1]
66,[4,1]
67,[5,1]
68,[5,2]
69,[6,2]
70,[7,2]
71,[8,2]
72,[9,2]
73,[10,2]
74,[11,2]
75,[12,2]
76,[12,3]
77,[12,4]
78,[11,4]
79,[11,5]
80,[11,6]
81,[11,6]
82,[11,6]
83,[11,6]
84,[11,6]
85,[11,6]
86,[11,7]
87,[12,7]
88,[12,8]
89,[12,9]
90,[12,10]
91,[12,11]
92,[12,12]
93,[12,11]
94,[12,10]
95,[12,9]
96,[12,8]
97,[12,7]
98,[11,7]
99,[11,6]
100,[11,5]
101,[11,4]
102,[12,4]
103,[12,3]
104,[12,2]
105,[11,2]
106,[10,2]
107,[9,2]
108,[8,2]
109,[7,2]
110,[6,2]
111,[5,2]
112,[5,1]
113,[4,1]
114,[3,1]
115,[2,1]
116,[3,1]
117,[4,1]
118,[5,1]
119,[5,2]
120,[6,2]
121,[7,2]
122,[8,2]
123,[9,2]
124,[10,2]
125,[11,2]
126,[12,2]
127,[12,3]
128,[12,4]
129,[11,4]
130,[11,5]
131,[11,6]
132,[11,6]
133,[11,6]
134,[11,6]
135,[11,6]
136,[11,6]
137,[11,5]
138,[11,4]
139,[12,4]
140,[12,3]
141,[12,2]
142,[11,2]
143,[10,2]
144,[11,2]
145,[12,2]
146,[12,3]
147,[12,4]
148,[11,4]
149,[11,5]
150,[11,6]
151,[11,5]
152,[11,4]
153,[12,4]
154,[12,3]
155,[12,2]
156,[11,2]
157,[10,2]
158,[9,2]
159,[8,2]
160,[7,2]
161,[6,2]
162,[5,2]
163,[5,1]
164,[4,1]
165,[3,1]
166,[2,1]
167,[3,1]
168,[4,1]
169,[5,1]
170,[5,2]
171,[6,2]
172,[7,2]
173,[8,2]
174,[9,2]
175,[10,2]
176,[11,2]
177,[12,2]
178,[12,3]
179,[12,4]
180,[11,4]
181,[11,5]
182,[11,6]
183,[11,6]
184,[11,6]
185,[11,6]
186,[11,6]
187,[11,6]
188,[11,5]
189,[11,4]
190,[12,4]
191,[12,3]
192,[12,2]
193,[11,2]
194,[10,2]
195,[11,2]
196,[12,2]
197,[12,3]
198,[12,4]
199,[11,4]
200,[11,5]
201,[11,6]
202,[11,5]
203,[11,4]
204,[12,4]
205,[12,3]
206,[12,2]
207,[11,2]
208,[10,2]
209,[9,2]
210,[8,2]
211,[7,2]
212,[6,2]
213,[5,2]
214,[5,1]
215,[4,1]
216,[3,1]
217,[2,1]
218,[3,1]
219,[4,1]
220,[5,1]
221,[5,2]
222,[6,2]
223,[7,2]
224,[8,2]
225,[9,2]
226,[10,2]
227,[11,2]
228,[12,2]
229,[12,3]
230,[12,4]
231,[11,4]
232,[11,5]
233,[11,6]
234,[11,6]
235,[11,6]
236,[11,6]
237,[11,6]
238,[11,6]
239,[11,7]
240,[12,7]
241,[12,8]
242,[12,9]
243,[12,10]
244,[12,11]
245,[12,12]
246,[12,11]
247,[12,10]
248,[12,9]
249,[12,8]
250,[12,7]
251,[11,7]
252,[11,6]
253,[11,5]
254,[11,4]
255,[12,4]
256,[12,3]
257,[12,2]
258,[11,2]
259,[10,2]
260,[9,2]
261,[8,2]
262,[7,2]
263,[6,2]
264,[5,2]
265,[5,1]
266,[4,1]
267,[3,1]
268,[2,1]
269,[1,1]
270,[1,2]
271,[1,3]
272,[1,4]
