//Quantitative values
283	//Makespan
284	//Mission completion time hauler 1
1	//Application execution time (in millisecond)
//Path to the final points
0,[2,7]
1,[2,8]
2,[2,9]
3,[2,10]
4,[2,11]
5,[2,12]
6,[3,12]
7,[4,12]
8,[5,12]
9,[6,12]
10,[7,12]
11,[8,12]
12,[9,12]
13,[10,12]
14,[11,12]
15,[11,12]
16,[11,12]
17,[11,12]
18,[11,12]
19,[11,12]
20,[10,12]
21,[9,12]
22,[8,12]
23,[7,12]
24,[6,12]
25,[5,12]
26,[4,12]
27,[3,12]
28,[3,11]
29,[3,10]
30,[3,9]
31,[3,8]
32,[4,8]
33,[5,8]
34,[4,8]
35,[3,8]
36,[3,9]
37,[3,10]
38,[3,11]
39,[3,12]
40,[4,12]
41,[5,12]
42,[6,12]
43,[7,12]
44,[8,12]
45,[9,12]
46,[10,12]
47,[11,12]
48,[11,12]
49,[11,12]
50,[11,12]
51,[11,12]
52,[11,12]
53,[10,12]
54,[9,12]
55,[9,11]
56,[9,10]
57,[8,10]
58,[7,10]
59,[7,9]
60,[7,8]
61,[7,9]
62,[7,10]
63,[8,10]
64,[9,10]
65,[9,11]
66,[9,12]
67,[10,12]
68,[11,12]
69,[10,12]
70,[9,12]
71,[8,12]
72,[7,12]
73,[6,12]
74,[5,12]
75,[4,12]
76,[3,12]
77,[3,11]
78,[3,10]
79,[3,9]
80,[3,8]
81,[4,8]
82,[5,8]
83,[4,8]
84,[3,8]
85,[3,9]
86,[3,10]
87,[3,11]
88,[3,12]
89,[4,12]
90,[5,12]
91,[6,12]
92,[7,12]
93,[8,12]
94,[9,12]
95,[10,12]
96,[11,12]
97,[11,12]
98,[11,12]
99,[11,12]
100,[11,12]
101,[11,12]
102,[10,12]
103,[9,12]
104,[9,11]
105,[9,10]
106,[8,10]
107,[7,10]
108,[7,9]
109,[7,8]
110,[7,9]
111,[7,10]
112,[8,10]
113,[9,10]
114,[9,11]
115,[9,12]
116,[10,12]
117,[11,12]
118,[10,12]
119,[9,12]
120,[9,11]
121,[9,10]
122,[8,10]
123,[7,10]
124,[7,9]
125,[7,8]
126,[7,7]
127,[7,6]
128,[7,5]
129,[7,4]
130,[7,3]
131,[7,2]
132,[7,3]
133,[7,4]
134,[7,5]
135,[7,6]
136,[7,7]
137,[7,8]
138,[7,9]
139,[7,10]
140,[8,10]
141,[9,10]
142,[9,11]
143,[9,12]
144,[10,12]
145,[11,12]
146,[11,12]
147,[11,12]
148,[11,12]
149,[11,12]
150,[11,12]
151,[10,12]
152,[9,12]
153,[9,11]
154,[9,10]
155,[8,10]
156,[7,10]
157,[7,9]
158,[7,8]
159,[7,7]
160,[7,6]
161,[7,5]
162,[7,4]
163,[6,4]
164,[5,4]
165,[5,3]
166,[5,2]
167,[5,1]
168,[4,1]
169,[5,1]
170,[5,2]
171,[5,3]
172,[5,4]
173,[6,4]
174,[7,4]
175,[7,5]
176,[7,6]
177,[7,7]
178,[7,8]
179,[7,9]
180,[7,10]
181,[8,10]
182,[9,10]
183,[9,11]
184,[9,12]
185,[10,12]
186,[11,12]
187,[11,12]
188,[11,12]
189,[11,12]
190,[11,12]
191,[11,12]
192,[10,12]
193,[9,12]
194,[9,11]
195,[9,10]
196,[8,10]
197,[7,10]
198,[7,9]
199,[7,8]
200,[7,7]
201,[7,6]
202,[7,5]
203,[7,4]
204,[7,3]
205,[7,2]
206,[7,3]
207,[7,4]
208,[7,5]
209,[7,6]
210,[7,7]
211,[7,8]
212,[7,9]
213,[7,10]
214,[8,10]
215,[9,10]
216,[9,11]
217,[9,12]
218,[10,12]
219,[11,12]
220,[11,12]
221,[11,12]
222,[11,12]
223,[11,12]
224,[11,12]
225,[10,12]
226,[9,12]
227,[9,11]
228,[9,10]
229,[8,10]
230,[7,10]
231,[7,9]
232,[7,8]
233,[7,9]
234,[7,10]
235,[8,10]
236,[9,10]
237,[9,11]
238,[9,12]
239,[10,12]
240,[11,12]
241,[10,12]
242,[9,12]
243,[9,11]
244,[9,10]
245,[8,10]
246,[7,10]
247,[7,9]
248,[7,8]
249,[7,7]
250,[7,6]
251,[7,5]
252,[7,4]
253,[7,3]
254,[7,2]
255,[7,3]
256,[7,4]
257,[7,5]
258,[7,6]
259,[7,7]
260,[7,8]
261,[7,9]
262,[7,10]
263,[8,10]
264,[9,10]
265,[9,11]
266,[9,12]
267,[10,12]
268,[11,12]
269,[11,12]
270,[11,12]
271,[11,12]
272,[11,12]
273,[11,12]
274,[10,12]
275,[9,12]
276,[8,12]
277,[7,12]
278,[6,12]
279,[5,12]
280,[4,12]
281,[3,12]
282,[2,12]
283,[1,12]
