//Quantitative values
171	//Makespan
172	//Mission completion time hauler 1
1	//Application execution time (in millisecond)
//Path to the final points
0,[3,12]
1,[2,12]
2,[1,12]
3,[1,11]
4,[1,10]
5,[1,9]
6,[2,9]
7,[3,9]
8,[4,9]
9,[4,10]
10,[5,10]
11,[5,10]
12,[5,10]
13,[5,10]
14,[5,10]
15,[5,10]
16,[4,10]
17,[4,9]
18,[3,9]
19,[2,9]
20,[1,9]
21,[2,9]
22,[3,9]
23,[4,9]
24,[4,10]
25,[5,10]
26,[4,10]
27,[4,9]
28,[3,9]
29,[2,9]
30,[1,9]
31,[1,10]
32,[1,11]
33,[1,12]
34,[2,12]
35,[3,12]
36,[4,12]
37,[3,12]
38,[2,12]
39,[1,12]
40,[1,11]
41,[1,10]
42,[1,9]
43,[2,9]
44,[3,9]
45,[4,9]
46,[4,10]
47,[5,10]
48,[5,10]
49,[5,10]
50,[5,10]
51,[5,10]
52,[5,10]
53,[4,10]
54,[4,9]
55,[3,9]
56,[4,9]
57,[4,10]
58,[5,10]
59,[4,10]
60,[4,9]
61,[3,9]
62,[2,9]
63,[1,9]
64,[1,10]
65,[1,11]
66,[1,12]
67,[2,12]
68,[3,12]
69,[4,12]
70,[3,12]
71,[2,12]
72,[1,12]
73,[1,11]
74,[1,10]
75,[1,9]
76,[2,9]
77,[3,9]
78,[4,9]
79,[4,10]
80,[5,10]
81,[5,10]
82,[5,10]
83,[5,10]
84,[5,10]
85,[5,10]
86,[4,10]
87,[4,9]
88,[3,9]
89,[4,9]
90,[4,10]
91,[5,10]
92,[4,10]
93,[4,9]
94,[3,9]
95,[2,9]
96,[1,9]
97,[1,10]
98,[1,11]
99,[1,12]
100,[2,12]
101,[3,12]
102,[4,12]
103,[3,12]
104,[2,12]
105,[1,12]
106,[1,11]
107,[1,10]
108,[1,9]
109,[2,9]
110,[3,9]
111,[4,9]
112,[4,10]
113,[5,10]
114,[5,10]
115,[5,10]
116,[5,10]
117,[5,10]
118,[5,10]
119,[4,10]
120,[4,9]
121,[3,9]
122,[4,9]
123,[4,10]
124,[5,10]
125,[4,10]
126,[4,9]
127,[3,9]
128,[2,9]
129,[1,9]
130,[1,10]
131,[1,11]
132,[1,12]
133,[2,12]
134,[3,12]
135,[4,12]
136,[3,12]
137,[2,12]
138,[1,12]
139,[1,11]
140,[1,10]
141,[1,9]
142,[2,9]
143,[3,9]
144,[4,9]
145,[4,10]
146,[5,10]
147,[5,10]
148,[5,10]
149,[5,10]
150,[5,10]
151,[5,10]
152,[4,10]
153,[4,9]
154,[3,9]
155,[4,9]
156,[4,10]
157,[5,10]
158,[4,10]
159,[4,9]
160,[3,9]
161,[2,9]
162,[1,9]
163,[1,10]
164,[1,11]
165,[1,12]
166,[2,12]
167,[3,12]
168,[4,12]
169,[5,12]
170,[6,12]
171,[7,12]
