//Quantitative values
80	//Makespan
80	//Mission completion time hauler 1
1	//Application execution time (in millisecond)
//Path to the final points
0,[3,2]
1,[3,3]
2,[3,4]
3,[3,5]
4,[4,5]
5,[5,5]
6,[6,5]
7,[7,5]
8,[8,5]
9,[9,5]
10,[10,5]
11,[11,5]
12,[11,4]
13,[11,3]
14,[11,2]
15,[12,2]
16,[11,2]
17,[10,2]
18,[9,2]
19,[9,3]
20,[9,4]
21,[8,4]
22,[8,5]
23,[8,6]
24,[8,7]
25,[8,8]
26,[7,8]
27,[6,8]
28,[5,8]
29,[4,8]
30,[3,8]
31,[2,8]
32,[1,8]
33,[1,7]
34,[1,6]
35,[1,5]
36,[1,4]
37,[1,3]
38,[1,4]
39,[1,5]
40,[1,6]
41,[1,7]
42,[1,8]
43,[2,8]
44,[3,8]
45,[4,8]
46,[5,8]
47,[6,8]
48,[7,8]
49,[8,8]
50,[8,7]
51,[8,6]
52,[8,5]
53,[8,4]
54,[9,4]
55,[9,3]
56,[9,2]
57,[10,2]
58,[11,2]
59,[12,2]
60,[11,2]
61,[10,2]
62,[9,2]
63,[8,2]
64,[7,2]
65,[6,2]
66,[5,2]
67,[4,2]
68,[4,3]
69,[4,4]
70,[4,5]
71,[4,6]
72,[4,7]
73,[4,8]
74,[4,9]
75,[4,10]
76,[4,11]
77,[5,11]
78,[6,11]
79,[7,11]
80,[8,11]
