//Quantitative values
52	//Makespan
52	//Mission completion time hauler 1
1	//Application execution time (in millisecond)
//Path to the final points
0,[10,8]
1,[9,8]
2,[8,8]
3,[7,8]
4,[6,8]
5,[5,8]
6,[4,8]
7,[4,7]
8,[4,6]
9,[4,7]
10,[3,7]
11,[3,8]
12,[3,9]
13,[3,10]
14,[3,11]
15,[3,12]
16,[3,11]
17,[3,10]
18,[3,9]
19,[3,8]
20,[3,7]
21,[4,7]
22,[4,6]
23,[4,7]
24,[5,7]
25,[5,8]
26,[5,9]
27,[5,10]
28,[5,11]
29,[5,12]
30,[6,12]
31,[7,12]
32,[6,12]
33,[5,12]
34,[4,12]
35,[3,12]
36,[2,12]
37,[1,12]
38,[1,11]
39,[1,10]
40,[1,9]
41,[1,8]
42,[1,7]
43,[1,6]
44,[1,5]
45,[2,5]
46,[3,5]
47,[4,5]
48,[4,6]
49,[4,5]
50,[3,5]
51,[2,5]
52,[1,5]
