//Quantitative values
63	//Makespan
63	//Mission completion time hauler 1
1	//Application execution time (in millisecond)
//Path to the final points
0,[10,5]
1,[9,5]
2,[9,6]
3,[8,6]
4,[7,6]
5,[7,7]
6,[6,7]
7,[5,7]
8,[4,7]
9,[3,7]
10,[2,7]
11,[2,6]
12,[2,5]
13,[2,4]
14,[2,3]
15,[2,2]
16,[2,1]
17,[2,2]
18,[2,3]
19,[2,4]
20,[2,5]
21,[2,6]
22,[2,7]
23,[3,7]
24,[4,7]
25,[5,7]
26,[6,7]
27,[7,7]
28,[6,7]
29,[6,6]
30,[6,5]
31,[6,6]
32,[6,7]
33,[6,8]
34,[6,9]
35,[6,10]
36,[7,10]
37,[6,10]
38,[5,10]
39,[4,10]
40,[3,10]
41,[2,10]
42,[2,9]
43,[2,8]
44,[2,7]
45,[2,6]
46,[2,5]
47,[2,4]
48,[2,3]
49,[2,2]
50,[2,1]
51,[2,2]
52,[2,3]
53,[2,4]
54,[3,4]
55,[4,4]
56,[5,4]
57,[6,4]
58,[7,4]
59,[7,3]
60,[7,2]
61,[7,1]
62,[8,1]
63,[9,1]
