//Quantitative values
136	//Makespan
137	//Mission completion time hauler 1
2	//Application execution time (in millisecond)
//Path to the final points
0,[1,6]
1,[1,5]
2,[2,5]
3,[3,5]
4,[4,5]
5,[5,5]
6,[6,5]
7,[7,5]
8,[7,4]
9,[8,4]
10,[9,4]
11,[8,4]
12,[7,4]
13,[7,5]
14,[6,5]
15,[5,5]
16,[4,5]
17,[4,6]
18,[4,7]
19,[4,8]
20,[4,7]
21,[4,6]
22,[4,5]
23,[4,4]
24,[4,3]
25,[5,3]
26,[6,3]
27,[7,3]
28,[8,3]
29,[9,3]
30,[10,3]
31,[11,3]
32,[10,3]
33,[9,3]
34,[8,3]
35,[7,3]
36,[6,3]
37,[5,3]
38,[4,3]
39,[3,3]
40,[2,3]
41,[2,2]
42,[2,3]
43,[2,4]
44,[2,5]
45,[2,6]
46,[2,7]
47,[2,8]
48,[2,9]
49,[3,9]
50,[4,9]
51,[5,9]
52,[6,9]
53,[6,10]
54,[7,10]
55,[7,11]
56,[8,11]
57,[9,11]
58,[10,11]
59,[11,11]
60,[10,11]
61,[9,11]
62,[8,11]
63,[7,11]
64,[7,10]
65,[7,9]
66,[7,8]
67,[7,7]
68,[7,6]
69,[7,5]
70,[7,4]
71,[7,3]
72,[7,2]
73,[7,3]
74,[8,3]
75,[9,3]
76,[10,3]
77,[11,3]
78,[10,3]
79,[9,3]
80,[8,3]
81,[7,3]
82,[6,3]
83,[5,3]
84,[4,3]
85,[4,4]
86,[4,5]
87,[3,5]
88,[3,6]
89,[3,7]
90,[3,8]
91,[3,7]
92,[3,6]
93,[3,5]
94,[4,5]
95,[4,4]
96,[4,3]
97,[5,3]
98,[6,3]
99,[7,3]
100,[8,3]
101,[9,3]
102,[10,3]
103,[11,3]
104,[10,3]
105,[9,3]
106,[8,3]
107,[7,3]
108,[6,3]
109,[5,3]
110,[4,3]
111,[4,4]
112,[4,5]
113,[4,6]
114,[4,7]
115,[4,8]
116,[4,9]
117,[5,9]
118,[6,9]
119,[6,10]
120,[7,10]
121,[7,11]
122,[8,11]
123,[9,11]
124,[10,11]
125,[11,11]
126,[10,11]
127,[9,11]
128,[8,11]
129,[7,11]
130,[7,10]
131,[6,10]
132,[6,9]
133,[5,9]
134,[4,9]
135,[3,9]
136,[3,8]
