//Quantitative values
102	//Makespan
103	//Mission completion time hauler 1
1	//Application execution time (in millisecond)
//Path to the final points
0,[8,11]
1,[8,10]
2,[8,9]
3,[8,8]
4,[8,7]
5,[8,6]
6,[8,5]
7,[8,4]
8,[8,3]
9,[8,2]
10,[9,2]
11,[10,2]
12,[11,2]
13,[12,2]
14,[11,2]
15,[10,2]
16,[9,2]
17,[8,2]
18,[8,1]
19,[7,1]
20,[6,1]
21,[5,1]
22,[4,1]
23,[4,2]
24,[4,3]
25,[4,4]
26,[4,5]
27,[4,6]
28,[4,7]
29,[4,8]
30,[4,9]
31,[4,10]
32,[4,11]
33,[3,11]
34,[3,12]
35,[3,11]
36,[4,11]
37,[4,10]
38,[4,9]
39,[4,8]
40,[4,7]
41,[4,8]
42,[4,9]
43,[4,10]
44,[4,11]
45,[3,11]
46,[3,12]
47,[3,11]
48,[4,11]
49,[4,10]
50,[4,9]
51,[4,8]
52,[4,7]
53,[4,6]
54,[4,5]
55,[4,4]
56,[4,3]
57,[5,3]
58,[6,3]
59,[7,3]
60,[8,3]
61,[8,2]
62,[9,2]
63,[10,2]
64,[11,2]
65,[12,2]
66,[11,2]
67,[10,2]
68,[9,2]
69,[8,2]
70,[8,3]
71,[8,4]
72,[8,5]
73,[8,6]
74,[8,7]
75,[8,8]
76,[8,9]
77,[8,10]
78,[7,10]
79,[6,10]
80,[5,10]
81,[4,10]
82,[4,9]
83,[3,9]
84,[3,8]
85,[3,7]
86,[4,7]
87,[4,6]
88,[4,5]
89,[4,4]
90,[4,3]
91,[4,2]
92,[3,2]
93,[3,3]
94,[3,4]
95,[2,4]
96,[2,5]
97,[2,6]
98,[2,7]
99,[2,8]
100,[2,9]
101,[2,10]
102,[1,10]
