//Quantitative values
113	//Makespan
98	//Mission completion time hauler 1
113	//Mission completion time hauler 2
2	//Application execution time (in millisecond)
//Path to the final points
0,[6,11],[10,10]
1,[7,11],[9,10]
2,[8,11],[8,10]
3,[9,11],[7,10]
4,[10,11],[7,9]
5,[11,11],[7,8]
6,[10,11],[6,8]
7,[9,11],[6,7]
8,[8,11],[6,8]
9,[7,11],[7,8]
10,[6,11],[8,8]
11,[5,11],[9,8]
12,[5,10],[10,8]
13,[4,10],[11,8]
14,[3,10],[10,8]
15,[2,10],[9,8]
16,[2,9],[8,8]
17,[2,8],[7,8]
18,[2,7],[6,8]
19,[2,6],[5,8]
20,[2,5],[5,7]
21,[2,4],[5,6]
22,[2,3],[5,5]
23,[2,2],[5,4]
24,[3,2],[5,3]
25,[3,1],[5,2]
26,[4,1],[5,1]
27,[5,1],[5,2]
28,[4,1],[5,3]
29,[3,1],[5,4]
30,[3,2],[5,5]
31,[2,2],[5,6]
32,[2,3],[5,7]
33,[2,4],[5,8]
34,[2,5],[6,8]
35,[2,6],[7,8]
36,[2,7],[8,8]
37,[2,6],[9,8]
38,[2,5],[10,8]
39,[2,4],[11,8]
40,[2,3],[10,8]
41,[3,3],[9,8]
42,[4,3],[8,8]
43,[5,3],[7,8]
44,[6,3],[6,8]
45,[7,3],[6,7]
46,[8,3],[6,6]
47,[9,3],[7,6]
48,[8,3],[7,5]
49,[7,3],[7,6]
50,[7,4],[6,6]
51,[7,5],[6,7]
52,[7,4],[6,8]
53,[6,4],[7,8]
54,[5,4],[8,8]
55,[5,3],[9,8]
56,[5,2],[10,8]
57,[5,1],[11,8]
58,[4,1],[10,8]
59,[3,1],[9,8]
60,[3,2],[8,8]
61,[2,2],[7,8]
62,[2,3],[6,8]
63,[2,4],[6,7]
64,[2,5],[6,8]
65,[2,6],[7,8]
66,[2,7],[8,8]
67,[3,7],[9,8]
68,[4,7],[10,8]
69,[5,7],[11,8]
70,[6,7],[10,8]
71,[6,8],[9,8]
72,[7,8],[9,7]
73,[8,8],[9,6]
74,[9,8],[9,5]
75,[10,8],[9,4]
76,[11,8],[9,3]
77,[10,8],[8,3]
78,[9,8],[7,3]
79,[9,7],[6,3]
80,[9,6],[5,3]
81,[9,5],[4,3]
82,[9,4],[3,3]
83,[9,3],[2,3]
84,[8,3],[2,4]
85,[7,3],[2,5]
86,[7,4],[2,6]
87,[7,5],[2,7]
88,[7,4],[2,8]
89,[7,3],[2,9]
90,[8,3],[2,10]
91,[9,3],[3,10]
92,[9,4],[4,10]
93,[9,5],[5,10]
94,[9,6],[5,11]
95,[9,7],[6,11]
96,[9,8],[7,11]
97,[10,8],[8,11]
98,[11,8],[9,11]
99,[11,8],[10,11]
100,[11,8],[11,11]
101,[11,8],[10,11]
102,[11,8],[9,11]
103,[11,8],[8,11]
104,[11,8],[7,11]
105,[11,8],[6,11]
106,[11,8],[5,11]
107,[11,8],[5,10]
108,[11,8],[4,10]
109,[11,8],[3,10]
110,[11,8],[2,10]
111,[11,8],[2,9]
112,[11,8],[2,8]
113,[11,8],[2,7]
