//Quantitative values
111	//Makespan
111	//Mission completion time hauler 1
2	//Application execution time (in millisecond)
//Path to the final points
0,[10,10]
1,[9,10]
2,[8,10]
3,[8,9]
4,[8,8]
5,[8,7]
6,[8,6]
7,[8,5]
8,[8,4]
9,[9,4]
10,[10,4]
11,[10,5]
12,[10,6]
13,[11,6]
14,[10,6]
15,[10,7]
16,[10,8]
17,[10,9]
18,[9,9]
19,[8,9]
20,[7,9]
21,[6,9]
22,[5,9]
23,[4,9]
24,[3,9]
25,[3,8]
26,[3,9]
27,[3,10]
28,[3,11]
29,[4,11]
30,[5,11]
31,[6,11]
32,[5,11]
33,[4,11]
34,[3,11]
35,[3,10]
36,[3,9]
37,[3,8]
38,[3,9]
39,[3,10]
40,[3,11]
41,[4,11]
42,[5,11]
43,[6,11]
44,[6,10]
45,[6,9]
46,[7,9]
47,[7,8]
48,[7,7]
49,[7,6]
50,[7,5]
51,[8,5]
52,[7,5]
53,[7,6]
54,[7,7]
55,[7,8]
56,[7,9]
57,[6,9]
58,[6,10]
59,[6,11]
60,[6,10]
61,[6,9]
62,[7,9]
63,[7,8]
64,[7,7]
65,[7,6]
66,[7,5]
67,[8,5]
68,[7,5]
69,[7,6]
70,[7,7]
71,[7,8]
72,[7,9]
73,[6,9]
74,[6,10]
75,[6,11]
76,[5,11]
77,[4,11]
78,[3,11]
79,[3,10]
80,[3,9]
81,[3,8]
82,[3,9]
83,[3,10]
84,[3,11]
85,[4,11]
86,[5,11]
87,[6,11]
88,[5,11]
89,[4,11]
90,[3,11]
91,[3,10]
92,[3,9]
93,[3,8]
94,[3,9]
95,[3,10]
96,[3,11]
97,[3,10]
98,[3,9]
99,[3,8]
100,[3,9]
101,[4,9]
102,[5,9]
103,[6,9]
104,[7,9]
105,[8,9]
106,[9,9]
107,[10,9]
108,[10,8]
109,[10,7]
110,[10,6]
111,[11,6]
