//Quantitative values
118	//Makespan
118	//Mission completion time hauler 1
2	//Application execution time (in millisecond)
//Path to the final points
0,[10,10]
1,[9,10]
2,[8,10]
3,[7,10]
4,[7,9]
5,[7,8]
6,[7,7]
7,[7,6]
8,[7,5]
9,[6,5]
10,[6,4]
11,[6,5]
12,[7,5]
13,[6,5]
14,[5,5]
15,[4,5]
16,[4,6]
17,[4,7]
18,[4,8]
19,[4,7]
20,[4,6]
21,[4,5]
22,[5,5]
23,[5,4]
24,[5,3]
25,[5,2]
26,[6,2]
27,[7,2]
28,[8,2]
29,[9,2]
30,[8,2]
31,[7,2]
32,[6,2]
33,[5,2]
34,[5,3]
35,[5,4]
36,[5,5]
37,[4,5]
38,[4,6]
39,[4,7]
40,[4,8]
41,[4,7]
42,[4,6]
43,[4,5]
44,[5,5]
45,[5,4]
46,[5,3]
47,[5,2]
48,[6,2]
49,[7,2]
50,[8,2]
51,[9,2]
52,[10,2]
53,[11,2]
54,[10,2]
55,[9,2]
56,[8,2]
57,[7,2]
58,[6,2]
59,[6,3]
60,[6,4]
61,[6,5]
62,[7,5]
63,[6,5]
64,[5,5]
65,[4,5]
66,[4,6]
67,[4,7]
68,[4,8]
69,[4,7]
70,[4,6]
71,[4,5]
72,[5,5]
73,[5,4]
74,[5,3]
75,[5,2]
76,[6,2]
77,[7,2]
78,[8,2]
79,[9,2]
80,[10,2]
81,[11,2]
82,[10,2]
83,[9,2]
84,[8,2]
85,[7,2]
86,[6,2]
87,[5,2]
88,[5,3]
89,[5,4]
90,[5,5]
91,[4,5]
92,[4,6]
93,[4,7]
94,[4,8]
95,[4,7]
96,[4,6]
97,[4,5]
98,[5,5]
99,[6,5]
100,[7,5]
101,[6,5]
102,[6,4]
103,[6,3]
104,[6,2]
105,[7,2]
106,[8,2]
107,[9,2]
108,[8,2]
109,[7,2]
110,[6,2]
111,[5,2]
112,[5,3]
113,[5,4]
114,[5,5]
115,[4,5]
116,[4,6]
117,[4,7]
118,[4,8]
