//Quantitative values
86	//Makespan
86	//Mission completion time hauler 1
2	//Application execution time (in millisecond)
//Path to the final points
0,[12,7]
1,[12,6]
2,[11,6]
3,[10,6]
4,[9,6]
5,[8,6]
6,[7,6]
7,[6,6]
8,[5,6]
9,[4,6]
10,[3,6]
11,[3,5]
12,[3,4]
13,[3,3]
14,[3,2]
15,[3,1]
16,[4,1]
17,[3,1]
18,[3,2]
19,[3,3]
20,[3,4]
21,[3,5]
22,[3,4]
23,[3,3]
24,[3,2]
25,[3,1]
26,[4,1]
27,[4,2]
28,[3,2]
29,[3,3]
30,[3,4]
31,[3,5]
32,[2,5]
33,[2,6]
34,[2,7]
35,[2,8]
36,[2,9]
37,[2,8]
38,[2,7]
39,[2,6]
40,[2,5]
41,[3,5]
42,[2,5]
43,[2,6]
44,[2,7]
45,[2,8]
46,[2,9]
47,[2,8]
48,[2,7]
49,[2,6]
50,[2,5]
51,[3,5]
52,[3,4]
53,[3,3]
54,[3,2]
55,[3,1]
56,[4,1]
57,[4,2]
58,[4,3]
59,[4,4]
60,[4,5]
61,[4,6]
62,[4,7]
63,[4,8]
64,[3,8]
65,[2,8]
66,[2,9]
67,[2,8]
68,[2,7]
69,[2,6]
70,[2,5]
71,[3,5]
72,[3,4]
73,[3,3]
74,[3,2]
75,[3,1]
76,[4,1]
77,[4,2]
78,[4,3]
79,[4,4]
80,[4,5]
81,[4,6]
82,[4,7]
83,[4,8]
84,[3,8]
85,[2,8]
86,[2,9]
