//Quantitative values
100	//Makespan
92	//Mission completion time hauler 1
100	//Mission completion time hauler 2
2	//Application execution time (in millisecond)
//Path to the final points
0,[2,10],[6,12]
1,[2,9],[6,11]
2,[2,8],[5,11]
3,[2,7],[4,11]
4,[2,6],[3,11]
5,[2,5],[3,10]
6,[2,4],[3,9]
7,[2,3],[3,8]
8,[2,2],[3,7]
9,[2,1],[3,6]
10,[3,1],[3,5]
11,[3,2],[3,4]
12,[3,3],[3,4]
13,[3,4],[3,3]
14,[3,5],[3,2]
15,[3,6],[3,1]
16,[3,7],[3,2]
17,[3,8],[3,3]
18,[3,9],[3,4]
19,[4,9],[3,5]
20,[5,9],[3,6]
21,[6,9],[3,7]
22,[7,9],[3,8]
23,[7,10],[3,9]
24,[7,9],[4,9]
25,[6,9],[5,9]
26,[5,9],[6,9]
27,[4,9],[7,9]
28,[3,9],[7,10]
29,[3,8],[7,9]
30,[3,7],[6,9]
31,[3,6],[5,9]
32,[3,5],[4,9]
33,[3,4],[3,9]
34,[3,3],[3,8]
35,[3,2],[3,7]
36,[3,1],[3,6]
37,[3,2],[3,5]
38,[3,3],[3,4]
39,[3,4],[3,3]
40,[3,5],[3,2]
41,[3,6],[3,1]
42,[3,7],[3,2]
43,[3,8],[3,3]
44,[4,8],[3,4]
45,[5,8],[3,5]
46,[6,8],[3,6]
47,[7,8],[3,7]
48,[6,8],[3,8]
49,[5,8],[3,9]
50,[4,8],[4,9]
51,[3,8],[5,9]
52,[3,7],[6,9]
53,[3,6],[7,9]
54,[3,5],[7,10]
55,[3,4],[8,10]
56,[3,3],[9,10]
57,[3,2],[10,10]
58,[3,1],[10,11]
59,[3,2],[11,11]
60,[3,3],[10,11]
61,[3,4],[10,10]
62,[3,5],[9,10]
63,[3,6],[8,10]
64,[3,7],[7,10]
65,[3,8],[7,9]
66,[4,8],[6,9]
67,[5,8],[5,9]
68,[6,8],[5,8]
69,[7,8],[5,9]
70,[7,7],[6,9]
71,[7,6],[7,9]
72,[7,5],[7,10]
73,[8,5],[8,10]
74,[9,5],[9,10]
75,[10,5],[10,10]
76,[9,5],[10,11]
77,[8,5],[11,11]
78,[7,5],[11,10]
79,[7,6],[11,9]
80,[7,7],[11,8]
81,[7,8],[10,8]
82,[6,8],[10,7]
83,[5,8],[10,6]
84,[5,9],[10,5]
85,[6,9],[9,5]
86,[7,9],[8,5]
87,[7,10],[7,5]
88,[8,10],[7,6]
89,[9,10],[7,7]
90,[10,10],[7,8]
91,[10,11],[7,9]
92,[11,11],[7,10]
93,[11,11],[7,9]
94,[11,11],[6,9]
95,[11,11],[5,9]
96,[11,11],[5,8]
97,[11,11],[6,8]
98,[11,11],[7,8]
99,[11,11],[8,8]
100,[11,11],[9,8]
