//Quantitative values
71	//Makespan
71	//Mission completion time hauler 1
67	//Mission completion time hauler 2
2	//Application execution time (in millisecond)
//Path to the final points
0,[2,10],[8,9]
1,[2,9],[8,8]
2,[3,9],[9,8]
3,[3,8],[9,7]
4,[3,7],[9,6]
5,[3,6],[9,5]
6,[3,5],[9,4]
7,[3,4],[9,3]
8,[4,4],[9,4]
9,[5,4],[9,5]
10,[6,4],[9,6]
11,[7,4],[9,7]
12,[6,4],[9,8]
13,[5,4],[9,9]
14,[4,4],[8,9]
15,[3,4],[7,9]
16,[4,4],[7,8]
17,[5,4],[7,7]
18,[6,4],[7,6]
19,[7,4],[7,5]
20,[8,4],[7,4]
21,[8,3],[6,4]
22,[9,3],[6,5]
23,[8,3],[6,6]
24,[8,4],[6,7]
25,[7,4],[6,8]
26,[6,4],[6,9]
27,[6,5],[6,10]
28,[6,6],[6,9]
29,[6,7],[6,8]
30,[6,8],[6,7]
31,[6,9],[6,6]
32,[6,8],[6,5]
33,[6,7],[6,4]
34,[6,6],[7,4]
35,[6,5],[6,4]
36,[6,4],[6,5]
37,[7,4],[6,6]
38,[8,4],[6,7]
39,[8,3],[6,8]
40,[9,3],[6,9]
41,[8,3],[6,10]
42,[8,4],[6,9]
43,[7,4],[6,8]
44,[6,4],[6,7]
45,[5,4],[6,6]
46,[4,4],[6,5]
47,[3,4],[6,4]
48,[4,4],[6,3]
49,[5,4],[6,2]
50,[6,4],[7,2]
51,[7,4],[6,2]
52,[8,4],[5,2]
53,[8,3],[4,2]
54,[9,3],[3,2]
55,[8,3],[3,3]
56,[8,4],[3,4]
57,[7,4],[4,4]
58,[6,4],[5,4]
59,[5,4],[6,4]
60,[4,4],[7,4]
61,[3,4],[6,4]
62,[4,4],[6,5]
63,[5,4],[6,6]
64,[6,4],[6,7]
65,[7,4],[6,8]
66,[6,4],[6,9]
67,[6,5],[6,10]
68,[6,6],[6,10]
69,[6,7],[6,10]
70,[6,8],[6,10]
71,[6,9],[6,10]
