//Quantitative values
138	//Makespan
138	//Mission completion time hauler 1
2	//Application execution time (in millisecond)
//Path to the final points
0,[11,10]
1,[10,10]
2,[9,10]
3,[9,11]
4,[9,10]
5,[9,9]
6,[10,9]
7,[11,9]
8,[12,9]
9,[12,8]
10,[12,7]
11,[12,6]
12,[12,5]
13,[12,4]
14,[12,3]
15,[12,4]
16,[12,5]
17,[12,6]
18,[12,7]
19,[12,8]
20,[12,9]
21,[11,9]
22,[10,9]
23,[9,9]
24,[9,10]
25,[9,11]
26,[9,10]
27,[9,9]
28,[10,9]
29,[11,9]
30,[12,9]
31,[12,8]
32,[12,7]
33,[11,7]
34,[10,7]
35,[11,7]
36,[12,7]
37,[12,8]
38,[12,9]
39,[11,9]
40,[10,9]
41,[9,9]
42,[9,10]
43,[9,11]
44,[9,12]
45,[8,12]
46,[7,12]
47,[6,12]
48,[7,12]
49,[8,12]
50,[9,12]
51,[9,11]
52,[9,10]
53,[9,9]
54,[10,9]
55,[11,9]
56,[12,9]
57,[12,8]
58,[12,7]
59,[11,7]
60,[10,7]
61,[11,7]
62,[12,7]
63,[12,8]
64,[12,9]
65,[11,9]
66,[10,9]
67,[9,9]
68,[9,10]
69,[9,11]
70,[9,12]
71,[8,12]
72,[7,12]
73,[6,12]
74,[7,12]
75,[8,12]
76,[9,12]
77,[9,11]
78,[9,10]
79,[9,9]
80,[10,9]
81,[11,9]
82,[12,9]
83,[12,8]
84,[12,7]
85,[12,6]
86,[12,5]
87,[12,4]
88,[12,3]
89,[12,2]
90,[11,2]
91,[10,2]
92,[9,2]
93,[8,2]
94,[7,2]
95,[6,2]
96,[5,2]
97,[5,3]
98,[5,4]
99,[5,5]
100,[5,6]
101,[5,7]
102,[4,7]
103,[5,7]
104,[5,6]
105,[5,5]
106,[5,4]
107,[5,3]
108,[5,2]
109,[6,2]
110,[7,2]
111,[8,2]
112,[9,2]
113,[10,2]
114,[11,2]
115,[12,2]
116,[12,3]
117,[12,4]
118,[12,5]
119,[12,6]
120,[12,7]
121,[12,8]
122,[12,9]
123,[11,9]
124,[10,9]
125,[9,9]
126,[9,10]
127,[9,11]
128,[9,10]
129,[9,9]
130,[10,9]
131,[11,9]
132,[12,9]
133,[12,8]
134,[12,7]
135,[12,6]
136,[12,5]
137,[12,4]
138,[12,3]
