//Quantitative values
54	//Makespan
54	//Mission completion time hauler 1
1	//Application execution time (in millisecond)
//Path to the final points
0,[1,12]
1,[1,11]
2,[1,10]
3,[2,10]
4,[2,9]
5,[2,8]
6,[2,7]
7,[2,6]
8,[3,6]
9,[4,6]
10,[3,6]
11,[2,6]
12,[1,6]
13,[1,7]
14,[2,7]
15,[3,7]
16,[4,7]
17,[5,7]
18,[6,7]
19,[7,7]
20,[8,7]
21,[9,7]
22,[10,7]
23,[9,7]
24,[8,7]
25,[7,7]
26,[6,7]
27,[6,8]
28,[6,9]
29,[5,9]
30,[6,9]
31,[6,8]
32,[6,7]
33,[7,7]
34,[8,7]
35,[9,7]
36,[10,7]
37,[9,7]
38,[8,7]
39,[7,7]
40,[6,7]
41,[5,7]
42,[4,7]
43,[3,7]
44,[2,7]
45,[1,7]
46,[1,6]
47,[2,6]
48,[3,6]
49,[4,6]
50,[5,6]
51,[4,6]
52,[3,6]
53,[2,6]
54,[1,6]
