//Quantitative values
62	//Makespan
62	//Mission completion time hauler 1
1	//Application execution time (in millisecond)
//Path to the final points
0,[9,8]
1,[9,9]
2,[9,10]
3,[9,11]
4,[10,11]
5,[11,11]
6,[12,11]
7,[11,11]
8,[10,11]
9,[9,11]
10,[9,10]
11,[8,10]
12,[7,10]
13,[6,10]
14,[6,9]
15,[5,9]
16,[4,9]
17,[3,9]
18,[2,9]
19,[2,8]
20,[2,7]
21,[2,6]
22,[2,5]
23,[2,4]
24,[2,3]
25,[3,3]
26,[4,3]
27,[5,3]
28,[6,3]
29,[7,3]
30,[8,3]
31,[7,3]
32,[6,3]
33,[5,3]
34,[4,3]
35,[3,3]
36,[2,3]
37,[2,4]
38,[2,3]
39,[3,3]
40,[4,3]
41,[5,3]
42,[6,3]
43,[7,3]
44,[8,3]
45,[7,3]
46,[6,3]
47,[5,3]
48,[4,3]
49,[3,3]
50,[2,3]
51,[2,4]
52,[2,3]
53,[3,3]
54,[4,3]
55,[5,3]
56,[6,3]
57,[7,3]
58,[8,3]
59,[8,2]
60,[9,2]
61,[10,2]
62,[11,2]
