//Quantitative values
68	//Makespan
69	//Mission completion time hauler 1
1	//Application execution time (in millisecond)
//Path to the final points
0,[10,10]
1,[9,10]
2,[9,9]
3,[9,8]
4,[9,7]
5,[9,6]
6,[9,5]
7,[9,4]
8,[9,3]
9,[9,2]
10,[10,2]
11,[11,2]
12,[10,2]
13,[9,2]
14,[8,2]
15,[7,2]
16,[6,2]
17,[6,3]
18,[6,4]
19,[6,3]
20,[6,2]
21,[7,2]
22,[8,2]
23,[9,2]
24,[8,2]
25,[7,2]
26,[6,2]
27,[5,2]
28,[5,3]
29,[5,4]
30,[5,5]
31,[4,5]
32,[4,6]
33,[4,7]
34,[4,8]
35,[4,7]
36,[4,6]
37,[4,5]
38,[5,5]
39,[5,4]
40,[5,3]
41,[5,2]
42,[6,2]
43,[7,2]
44,[8,2]
45,[9,2]
46,[10,2]
47,[11,2]
48,[10,2]
49,[9,2]
50,[8,2]
51,[7,2]
52,[6,2]
53,[5,2]
54,[5,3]
55,[5,4]
56,[5,5]
57,[4,5]
58,[4,6]
59,[4,7]
60,[4,8]
61,[4,7]
62,[4,6]
63,[4,5]
64,[5,5]
65,[6,5]
66,[7,5]
67,[6,5]
68,[6,4]
