//Quantitative values
93	//Makespan
93	//Mission completion time hauler 1
1	//Application execution time (in millisecond)
//Path to the final points
0,[5,9]
1,[4,9]
2,[3,9]
3,[2,9]
4,[2,10]
5,[2,11]
6,[2,12]
7,[3,12]
8,[4,12]
9,[5,12]
10,[6,12]
11,[7,12]
12,[8,12]
13,[9,12]
14,[9,11]
15,[10,11]
16,[11,11]
17,[12,11]
18,[11,11]
19,[10,11]
20,[9,11]
21,[9,12]
22,[8,12]
23,[7,12]
24,[6,12]
25,[5,12]
26,[4,12]
27,[3,12]
28,[2,12]
29,[2,11]
30,[2,10]
31,[2,9]
32,[2,8]
33,[2,7]
34,[3,7]
35,[4,7]
36,[5,7]
37,[5,6]
38,[5,5]
39,[5,4]
40,[5,3]
41,[5,4]
42,[5,5]
43,[5,6]
44,[5,7]
45,[4,7]
46,[3,7]
47,[2,7]
48,[2,8]
49,[2,9]
50,[2,10]
51,[2,11]
52,[2,12]
53,[3,12]
54,[4,12]
55,[5,12]
56,[6,12]
57,[7,12]
58,[8,12]
59,[9,12]
60,[9,11]
61,[10,11]
62,[11,11]
63,[12,11]
64,[11,11]
65,[10,11]
66,[9,11]
67,[9,12]
68,[8,12]
69,[7,12]
70,[6,12]
71,[5,12]
72,[4,12]
73,[3,12]
74,[4,12]
75,[5,12]
76,[6,12]
77,[7,12]
78,[8,12]
79,[9,12]
80,[9,11]
81,[10,11]
82,[11,11]
83,[12,11]
84,[11,11]
85,[10,11]
86,[9,11]
87,[9,12]
88,[8,12]
89,[7,12]
90,[6,12]
91,[5,12]
92,[4,12]
93,[3,12]
