//Quantitative values
44	//Makespan
44	//Mission completion time hauler 1
1	//Application execution time (in millisecond)
//Path to the final points
0,[4,12]
1,[5,12]
2,[6,12]
3,[7,12]
4,[8,12]
5,[9,12]
6,[9,11]
7,[9,10]
8,[9,9]
9,[10,9]
10,[11,9]
11,[12,9]
12,[12,8]
13,[12,7]
14,[12,6]
15,[12,5]
16,[12,4]
17,[12,3]
18,[12,2]
19,[11,2]
20,[10,2]
21,[9,2]
22,[8,2]
23,[8,3]
24,[8,4]
25,[8,5]
26,[7,5]
27,[7,6]
28,[7,7]
29,[7,8]
30,[7,9]
31,[7,10]
32,[8,10]
33,[9,10]
34,[9,11]
35,[9,12]
36,[8,12]
37,[7,12]
38,[6,12]
39,[5,12]
40,[6,12]
41,[7,12]
42,[8,12]
43,[9,12]
44,[10,12]
