//Quantitative values
242	//Makespan
242	//Mission completion time hauler 1
1	//Application execution time (in millisecond)
//Path to the final points
0,[2,8]
1,[2,9]
2,[2,10]
3,[2,11]
4,[2,12]
5,[3,12]
6,[4,12]
7,[5,12]
8,[6,12]
9,[7,12]
10,[8,12]
11,[9,12]
12,[9,11]
13,[10,11]
14,[10,10]
15,[10,9]
16,[11,9]
17,[12,9]
18,[12,8]
19,[12,7]
20,[12,6]
21,[11,6]
22,[11,5]
23,[11,4]
24,[12,4]
25,[12,3]
26,[12,2]
27,[11,2]
28,[10,2]
29,[9,2]
30,[8,2]
31,[7,2]
32,[6,2]
33,[5,2]
34,[5,1]
35,[4,1]
36,[3,1]
37,[2,1]
38,[1,1]
39,[1,2]
40,[1,3]
41,[2,3]
42,[3,3]
43,[2,3]
44,[1,3]
45,[1,2]
46,[1,1]
47,[2,1]
48,[3,1]
49,[4,1]
50,[5,1]
51,[5,2]
52,[6,2]
53,[7,2]
54,[8,2]
55,[9,2]
56,[10,2]
57,[11,2]
58,[12,2]
59,[12,3]
60,[12,4]
61,[12,5]
62,[12,6]
63,[12,7]
64,[12,8]
65,[12,9]
66,[11,9]
67,[10,9]
68,[10,10]
69,[10,11]
70,[9,11]
71,[9,12]
72,[8,12]
73,[7,12]
74,[6,12]
75,[5,12]
76,[4,12]
77,[3,12]
78,[2,12]
79,[1,12]
80,[1,11]
81,[1,10]
82,[1,9]
83,[1,8]
84,[1,7]
85,[1,6]
86,[1,5]
87,[1,4]
88,[1,3]
89,[1,2]
90,[1,1]
91,[2,1]
92,[3,1]
93,[4,1]
94,[3,1]
95,[2,1]
96,[1,1]
97,[1,2]
98,[1,3]
99,[2,3]
100,[3,3]
101,[2,3]
102,[1,3]
103,[1,2]
104,[1,1]
105,[2,1]
106,[3,1]
107,[4,1]
108,[5,1]
109,[5,2]
110,[6,2]
111,[7,2]
112,[8,2]
113,[9,2]
114,[10,2]
115,[11,2]
116,[12,2]
117,[12,3]
118,[12,4]
119,[12,5]
120,[12,6]
121,[12,5]
122,[12,4]
123,[12,3]
124,[12,2]
125,[11,2]
126,[10,2]
127,[9,2]
128,[8,2]
129,[7,2]
130,[6,2]
131,[5,2]
132,[5,1]
133,[4,1]
134,[3,1]
135,[2,1]
136,[1,1]
137,[1,2]
138,[1,3]
139,[2,3]
140,[3,3]
141,[2,3]
142,[1,3]
143,[1,2]
144,[1,1]
145,[2,1]
146,[3,1]
147,[4,1]
148,[5,1]
149,[5,2]
150,[6,2]
151,[7,2]
152,[8,2]
153,[9,2]
154,[10,2]
155,[11,2]
156,[12,2]
157,[12,3]
158,[12,4]
159,[12,5]
160,[12,6]
161,[12,7]
162,[12,8]
163,[12,9]
164,[11,9]
165,[10,9]
166,[10,10]
167,[10,11]
168,[9,11]
169,[9,12]
170,[8,12]
171,[7,12]
172,[6,12]
173,[5,12]
174,[4,12]
175,[3,12]
176,[2,12]
177,[1,12]
178,[1,11]
179,[1,10]
180,[1,9]
181,[1,8]
182,[1,7]
183,[1,6]
184,[1,5]
185,[1,4]
186,[1,3]
187,[1,2]
188,[1,1]
189,[2,1]
190,[3,1]
191,[4,1]
192,[3,1]
193,[2,1]
194,[1,1]
195,[1,2]
196,[1,3]
197,[1,4]
198,[1,5]
199,[1,6]
200,[1,7]
201,[1,8]
202,[1,9]
203,[1,10]
204,[1,11]
205,[1,12]
206,[2,12]
207,[3,12]
208,[4,12]
209,[5,12]
210,[6,12]
211,[7,12]
212,[8,12]
213,[9,12]
214,[9,11]
215,[10,11]
216,[10,10]
217,[10,9]
218,[11,9]
219,[12,9]
220,[12,8]
221,[12,7]
222,[12,6]
223,[12,5]
224,[12,4]
225,[12,3]
226,[12,2]
227,[11,2]
228,[10,2]
229,[9,2]
230,[8,2]
231,[7,2]
232,[6,2]
233,[5,2]
234,[5,1]
235,[4,1]
236,[3,1]
237,[2,1]
238,[1,1]
239,[1,2]
240,[1,3]
241,[2,3]
242,[3,3]
