//Quantitative values
92	//Makespan
92	//Mission completion time hauler 1
2	//Application execution time (in millisecond)
//Path to the final points
0,[12,4]
1,[11,4]
2,[11,5]
3,[10,5]
4,[9,5]
5,[8,5]
6,[7,5]
7,[6,5]
8,[5,5]
9,[4,5]
10,[3,5]
11,[3,6]
12,[3,7]
13,[2,7]
14,[2,8]
15,[2,7]
16,[3,7]
17,[3,6]
18,[3,5]
19,[4,5]
20,[5,5]
21,[4,5]
22,[3,5]
23,[3,6]
24,[3,7]
25,[3,8]
26,[3,9]
27,[3,10]
28,[3,9]
29,[3,8]
30,[3,7]
31,[3,6]
32,[3,5]
33,[4,5]
34,[5,5]
35,[6,5]
36,[7,5]
37,[8,5]
38,[9,5]
39,[10,5]
40,[11,5]
41,[11,4]
42,[11,5]
43,[10,5]
44,[9,5]
45,[8,5]
46,[7,5]
47,[6,5]
48,[5,5]
49,[4,5]
50,[3,5]
51,[3,6]
52,[3,7]
53,[3,8]
54,[3,9]
55,[3,10]
56,[3,9]
57,[4,9]
58,[5,9]
59,[6,9]
60,[5,9]
61,[4,9]
62,[3,9]
63,[2,9]
64,[2,8]
65,[2,9]
66,[3,9]
67,[4,9]
68,[5,9]
69,[6,9]
70,[6,10]
71,[6,11]
72,[7,11]
73,[8,11]
74,[9,11]
75,[10,11]
76,[9,11]
77,[8,11]
78,[7,11]
79,[6,11]
80,[6,10]
81,[6,9]
82,[5,9]
83,[4,9]
84,[3,9]
85,[2,9]
86,[2,8]
87,[2,7]
88,[3,7]
89,[3,6]
90,[3,5]
91,[4,5]
92,[5,5]
