//Quantitative values
274	//Makespan
275	//Mission completion time hauler 1
2	//Application execution time (in millisecond)
//Path to the final points
0,[10,10]
1,[9,10]
2,[9,11]
3,[9,12]
4,[8,12]
5,[8,11]
6,[8,10]
7,[8,9]
8,[8,8]
9,[8,7]
10,[8,6]
11,[8,5]
12,[8,6]
13,[8,7]
14,[8,8]
15,[8,9]
16,[8,10]
17,[8,11]
18,[8,12]
19,[9,12]
20,[9,12]
21,[9,12]
22,[9,12]
23,[9,12]
24,[9,12]
25,[9,11]
26,[9,10]
27,[9,9]
28,[10,9]
29,[10,8]
30,[10,7]
31,[10,6]
32,[11,6]
33,[10,6]
34,[10,7]
35,[10,8]
36,[10,9]
37,[9,9]
38,[9,10]
39,[9,11]
40,[9,12]
41,[9,12]
42,[9,12]
43,[9,12]
44,[9,12]
45,[9,12]
46,[8,12]
47,[7,12]
48,[6,12]
49,[6,11]
50,[5,11]
51,[4,11]
52,[3,11]
53,[3,10]
54,[3,9]
55,[3,8]
56,[3,9]
57,[3,10]
58,[3,11]
59,[4,11]
60,[5,11]
61,[6,11]
62,[6,12]
63,[7,12]
64,[8,12]
65,[9,12]
66,[9,12]
67,[9,12]
68,[9,12]
69,[9,12]
70,[9,12]
71,[8,12]
72,[7,12]
73,[6,12]
74,[6,11]
75,[6,12]
76,[7,12]
77,[8,12]
78,[9,12]
79,[8,12]
80,[7,12]
81,[6,12]
82,[6,11]
83,[5,11]
84,[4,11]
85,[3,11]
86,[3,10]
87,[3,9]
88,[3,8]
89,[3,9]
90,[3,10]
91,[3,11]
92,[4,11]
93,[5,11]
94,[6,11]
95,[6,12]
96,[7,12]
97,[8,12]
98,[9,12]
99,[9,12]
100,[9,12]
101,[9,12]
102,[9,12]
103,[9,12]
104,[8,12]
105,[7,12]
106,[6,12]
107,[6,11]
108,[6,12]
109,[7,12]
110,[8,12]
111,[9,12]
112,[8,12]
113,[8,11]
114,[8,10]
115,[8,9]
116,[8,8]
117,[8,7]
118,[8,6]
119,[8,5]
120,[8,6]
121,[8,7]
122,[8,8]
123,[8,9]
124,[8,10]
125,[8,11]
126,[8,12]
127,[9,12]
128,[9,12]
129,[9,12]
130,[9,12]
131,[9,12]
132,[9,12]
133,[8,12]
134,[7,12]
135,[6,12]
136,[6,11]
137,[6,12]
138,[7,12]
139,[8,12]
140,[9,12]
141,[8,12]
142,[8,11]
143,[8,10]
144,[8,9]
145,[8,8]
146,[8,7]
147,[8,6]
148,[8,5]
149,[8,6]
150,[8,7]
151,[8,8]
152,[8,9]
153,[8,10]
154,[8,11]
155,[8,12]
156,[9,12]
157,[9,12]
158,[9,12]
159,[9,12]
160,[9,12]
161,[9,12]
162,[8,12]
163,[7,12]
164,[6,12]
165,[6,11]
166,[6,12]
167,[7,12]
168,[8,12]
169,[9,12]
170,[8,12]
171,[7,12]
172,[6,12]
173,[6,11]
174,[5,11]
175,[4,11]
176,[3,11]
177,[3,10]
178,[3,9]
179,[3,8]
180,[3,9]
181,[3,10]
182,[3,11]
183,[4,11]
184,[5,11]
185,[6,11]
186,[6,12]
187,[7,12]
188,[8,12]
189,[9,12]
190,[9,12]
191,[9,12]
192,[9,12]
193,[9,12]
194,[9,12]
195,[8,12]
196,[7,12]
197,[6,12]
198,[6,11]
199,[6,12]
200,[7,12]
201,[8,12]
202,[9,12]
203,[8,12]
204,[7,12]
205,[6,12]
206,[6,11]
207,[5,11]
208,[4,11]
209,[3,11]
210,[3,10]
211,[3,9]
212,[3,8]
213,[3,9]
214,[3,10]
215,[3,11]
216,[4,11]
217,[5,11]
218,[6,11]
219,[6,12]
220,[7,12]
221,[8,12]
222,[9,12]
223,[9,12]
224,[9,12]
225,[9,12]
226,[9,12]
227,[9,12]
228,[8,12]
229,[7,12]
230,[6,12]
231,[6,11]
232,[5,11]
233,[4,11]
234,[3,11]
235,[4,11]
236,[5,11]
237,[6,11]
238,[6,12]
239,[7,12]
240,[8,12]
241,[9,12]
242,[8,12]
243,[7,12]
244,[6,12]
245,[6,11]
246,[5,11]
247,[4,11]
248,[3,11]
249,[3,10]
250,[3,9]
251,[3,8]
252,[3,9]
253,[3,10]
254,[3,11]
255,[4,11]
256,[5,11]
257,[6,11]
258,[6,12]
259,[7,12]
260,[8,12]
261,[9,12]
262,[9,12]
263,[9,12]
264,[9,12]
265,[9,12]
266,[9,12]
267,[9,11]
268,[9,10]
269,[9,9]
270,[10,9]
271,[10,8]
272,[10,7]
273,[10,6]
274,[11,6]
