//Quantitative values
377	//Makespan
378	//Mission completion time hauler 1
2	//Application execution time (in millisecond)
//Path to the final points
0,[1,12]
1,[1,11]
2,[1,10]
3,[2,10]
4,[2,9]
5,[2,8]
6,[2,7]
7,[2,6]
8,[2,5]
9,[2,4]
10,[2,3]
11,[3,3]
12,[3,2]
13,[3,1]
14,[4,1]
15,[5,1]
16,[6,1]
17,[7,1]
18,[8,1]
19,[9,1]
20,[9,1]
21,[9,1]
22,[9,1]
23,[9,1]
24,[9,1]
25,[9,2]
26,[9,3]
27,[9,4]
28,[9,5]
29,[9,6]
30,[9,7]
31,[10,7]
32,[9,7]
33,[9,6]
34,[9,5]
35,[9,4]
36,[9,3]
37,[9,2]
38,[9,1]
39,[8,1]
40,[7,1]
41,[6,1]
42,[5,1]
43,[4,1]
44,[3,1]
45,[3,2]
46,[3,3]
47,[2,3]
48,[1,3]
49,[1,4]
50,[1,5]
51,[1,6]
52,[1,5]
53,[1,4]
54,[1,3]
55,[2,3]
56,[3,3]
57,[3,2]
58,[3,1]
59,[4,1]
60,[5,1]
61,[6,1]
62,[7,1]
63,[8,1]
64,[9,1]
65,[9,1]
66,[9,1]
67,[9,1]
68,[9,1]
69,[9,1]
70,[8,1]
71,[7,1]
72,[6,1]
73,[6,2]
74,[6,3]
75,[6,4]
76,[5,4]
77,[4,4]
78,[4,5]
79,[4,6]
80,[4,5]
81,[4,4]
82,[5,4]
83,[6,4]
84,[6,3]
85,[6,2]
86,[6,1]
87,[7,1]
88,[8,1]
89,[9,1]
90,[8,1]
91,[7,1]
92,[6,1]
93,[6,2]
94,[6,3]
95,[6,4]
96,[6,5]
97,[6,6]
98,[6,7]
99,[6,8]
100,[6,9]
101,[5,9]
102,[6,9]
103,[6,8]
104,[6,7]
105,[6,6]
106,[6,5]
107,[6,4]
108,[6,3]
109,[6,2]
110,[6,1]
111,[7,1]
112,[8,1]
113,[9,1]
114,[9,1]
115,[9,1]
116,[9,1]
117,[9,1]
118,[9,1]
119,[9,2]
120,[9,3]
121,[9,4]
122,[9,5]
123,[9,6]
124,[9,7]
125,[10,7]
126,[9,7]
127,[9,6]
128,[9,5]
129,[9,4]
130,[9,3]
131,[9,2]
132,[9,1]
133,[8,1]
134,[7,1]
135,[6,1]
136,[6,2]
137,[6,3]
138,[6,4]
139,[6,5]
140,[6,6]
141,[6,7]
142,[6,8]
143,[6,9]
144,[5,9]
145,[6,9]
146,[6,8]
147,[6,7]
148,[6,6]
149,[6,5]
150,[6,4]
151,[6,3]
152,[6,2]
153,[6,1]
154,[7,1]
155,[8,1]
156,[9,1]
157,[9,1]
158,[9,1]
159,[9,1]
160,[9,1]
161,[9,1]
162,[9,2]
163,[9,3]
164,[9,4]
165,[9,5]
166,[9,6]
167,[9,7]
168,[10,7]
169,[9,7]
170,[9,6]
171,[9,5]
172,[9,4]
173,[9,3]
174,[9,2]
175,[9,1]
176,[8,1]
177,[7,1]
178,[6,1]
179,[5,1]
180,[4,1]
181,[3,1]
182,[3,2]
183,[3,3]
184,[2,3]
185,[1,3]
186,[1,4]
187,[1,5]
188,[1,6]
189,[1,5]
190,[1,4]
191,[1,3]
192,[2,3]
193,[3,3]
194,[3,2]
195,[3,1]
196,[4,1]
197,[5,1]
198,[6,1]
199,[7,1]
200,[8,1]
201,[9,1]
202,[9,1]
203,[9,1]
204,[9,1]
205,[9,1]
206,[9,1]
207,[8,1]
208,[7,1]
209,[6,1]
210,[6,2]
211,[6,3]
212,[6,4]
213,[5,4]
214,[5,5]
215,[5,6]
216,[5,5]
217,[5,4]
218,[6,4]
219,[6,3]
220,[6,2]
221,[6,1]
222,[7,1]
223,[8,1]
224,[9,1]
225,[8,1]
226,[7,1]
227,[6,1]
228,[6,2]
229,[6,3]
230,[6,4]
231,[6,5]
232,[6,6]
233,[6,7]
234,[6,8]
235,[6,9]
236,[5,9]
237,[6,9]
238,[6,8]
239,[6,7]
240,[6,6]
241,[6,5]
242,[6,4]
243,[6,3]
244,[6,2]
245,[6,1]
246,[7,1]
247,[8,1]
248,[9,1]
249,[9,1]
250,[9,1]
251,[9,1]
252,[9,1]
253,[9,1]
254,[8,1]
255,[7,1]
256,[6,1]
257,[6,2]
258,[6,3]
259,[6,4]
260,[5,4]
261,[4,4]
262,[4,5]
263,[4,6]
264,[4,5]
265,[4,4]
266,[5,4]
267,[6,4]
268,[6,3]
269,[6,2]
270,[6,1]
271,[7,1]
272,[8,1]
273,[9,1]
274,[8,1]
275,[7,1]
276,[6,1]
277,[6,2]
278,[6,3]
279,[6,4]
280,[6,5]
281,[6,6]
282,[6,7]
283,[6,8]
284,[6,9]
285,[5,9]
286,[6,9]
287,[6,8]
288,[6,7]
289,[6,6]
290,[6,5]
291,[6,4]
292,[6,3]
293,[6,2]
294,[6,1]
295,[7,1]
296,[8,1]
297,[9,1]
298,[9,1]
299,[9,1]
300,[9,1]
301,[9,1]
302,[9,1]
303,[8,1]
304,[7,1]
305,[6,1]
306,[6,2]
307,[6,3]
308,[6,4]
309,[5,4]
310,[5,5]
311,[5,6]
312,[5,5]
313,[5,4]
314,[6,4]
315,[6,3]
316,[6,2]
317,[6,1]
318,[7,1]
319,[8,1]
320,[9,1]
321,[8,1]
322,[7,1]
323,[6,1]
324,[5,1]
325,[4,1]
326,[3,1]
327,[3,2]
328,[3,3]
329,[2,3]
330,[1,3]
331,[1,4]
332,[1,5]
333,[1,6]
334,[1,5]
335,[1,4]
336,[1,3]
337,[2,3]
338,[3,3]
339,[3,2]
340,[3,1]
341,[4,1]
342,[5,1]
343,[6,1]
344,[7,1]
345,[8,1]
346,[9,1]
347,[9,1]
348,[9,1]
349,[9,1]
350,[9,1]
351,[9,1]
352,[9,2]
353,[9,3]
354,[9,4]
355,[9,5]
356,[9,6]
357,[9,7]
358,[10,7]
359,[9,7]
360,[9,6]
361,[9,5]
362,[9,4]
363,[9,3]
364,[9,2]
365,[9,1]
366,[8,1]
367,[7,1]
368,[6,1]
369,[6,2]
370,[6,3]
371,[6,4]
372,[6,5]
373,[6,6]
374,[6,7]
375,[6,8]
376,[6,9]
377,[5,9]
