//Quantitative values
267	//Makespan
268	//Mission completion time hauler 1
1	//Application execution time (in millisecond)
//Path to the final points
0,[9,8]
1,[8,8]
2,[8,9]
3,[8,10]
4,[7,10]
5,[6,10]
6,[6,9]
7,[5,9]
8,[5,8]
9,[5,7]
10,[5,6]
11,[5,7]
12,[5,8]
13,[5,9]
14,[6,9]
15,[6,10]
16,[7,10]
17,[8,10]
18,[9,10]
19,[9,11]
20,[10,11]
21,[11,11]
22,[12,11]
23,[11,11]
24,[10,11]
25,[9,11]
26,[9,10]
27,[8,10]
28,[7,10]
29,[6,10]
30,[6,9]
31,[5,9]
32,[5,8]
33,[5,7]
34,[5,6]
35,[5,6]
36,[5,6]
37,[5,6]
38,[5,6]
39,[5,6]
40,[4,6]
41,[3,6]
42,[2,6]
43,[2,5]
44,[2,4]
45,[2,5]
46,[2,6]
47,[3,6]
48,[4,6]
49,[5,6]
50,[5,7]
51,[5,8]
52,[5,9]
53,[6,9]
54,[6,10]
55,[7,10]
56,[8,10]
57,[9,10]
58,[9,11]
59,[10,11]
60,[11,11]
61,[12,11]
62,[11,11]
63,[10,11]
64,[9,11]
65,[9,10]
66,[8,10]
67,[7,10]
68,[6,10]
69,[6,9]
70,[5,9]
71,[5,8]
72,[5,7]
73,[5,6]
74,[5,6]
75,[5,6]
76,[5,6]
77,[5,6]
78,[5,6]
79,[4,6]
80,[3,6]
81,[2,6]
82,[2,5]
83,[2,4]
84,[2,5]
85,[2,6]
86,[3,6]
87,[4,6]
88,[5,6]
89,[5,5]
90,[5,4]
91,[5,3]
92,[5,2]
93,[5,3]
94,[5,4]
95,[5,5]
96,[5,6]
97,[5,6]
98,[5,6]
99,[5,6]
100,[5,6]
101,[5,6]
102,[4,6]
103,[3,6]
104,[2,6]
105,[2,5]
106,[2,4]
107,[2,5]
108,[2,6]
109,[3,6]
110,[4,6]
111,[5,6]
112,[5,5]
113,[5,4]
114,[5,3]
115,[5,2]
116,[5,3]
117,[5,4]
118,[5,5]
119,[5,6]
120,[5,6]
121,[5,6]
122,[5,6]
123,[5,6]
124,[5,6]
125,[4,6]
126,[3,6]
127,[2,6]
128,[2,5]
129,[2,4]
130,[2,5]
131,[2,6]
132,[3,6]
133,[4,6]
134,[5,6]
135,[5,5]
136,[5,4]
137,[5,3]
138,[5,2]
139,[5,3]
140,[5,4]
141,[5,5]
142,[5,6]
143,[5,6]
144,[5,6]
145,[5,6]
146,[5,6]
147,[5,6]
148,[5,5]
149,[5,4]
150,[5,3]
151,[5,2]
152,[6,2]
153,[7,2]
154,[8,2]
155,[9,2]
156,[10,2]
157,[11,2]
158,[10,2]
159,[9,2]
160,[8,2]
161,[7,2]
162,[6,2]
163,[5,2]
164,[5,3]
165,[5,4]
166,[5,5]
167,[5,6]
168,[5,6]
169,[5,6]
170,[5,6]
171,[5,6]
172,[5,6]
173,[5,5]
174,[5,4]
175,[5,3]
176,[5,2]
177,[5,3]
178,[5,4]
179,[5,5]
180,[5,6]
181,[4,6]
182,[3,6]
183,[2,6]
184,[2,5]
185,[2,4]
186,[2,5]
187,[2,6]
188,[3,6]
189,[4,6]
190,[5,6]
191,[5,6]
192,[5,6]
193,[5,6]
194,[5,6]
195,[5,6]
196,[5,5]
197,[5,4]
198,[5,3]
199,[5,2]
200,[5,3]
201,[5,4]
202,[5,5]
203,[5,6]
204,[5,5]
205,[5,4]
206,[5,3]
207,[5,2]
208,[6,2]
209,[7,2]
210,[8,2]
211,[9,2]
212,[10,2]
213,[11,2]
214,[10,2]
215,[9,2]
216,[8,2]
217,[7,2]
218,[6,2]
219,[5,2]
220,[5,3]
221,[5,4]
222,[5,5]
223,[5,6]
224,[5,6]
225,[5,6]
226,[5,6]
227,[5,6]
228,[5,6]
229,[5,7]
230,[5,8]
231,[5,9]
232,[6,9]
233,[6,10]
234,[7,10]
235,[8,10]
236,[9,10]
237,[9,11]
238,[10,11]
239,[11,11]
240,[12,11]
241,[11,11]
242,[10,11]
243,[9,11]
244,[9,10]
245,[8,10]
246,[7,10]
247,[6,10]
248,[6,9]
249,[5,9]
250,[5,8]
251,[5,7]
252,[5,6]
253,[5,6]
254,[5,6]
255,[5,6]
256,[5,6]
257,[5,6]
258,[5,5]
259,[5,4]
260,[5,3]
261,[5,2]
262,[6,2]
263,[7,2]
264,[8,2]
265,[9,2]
266,[10,2]
267,[11,2]
