//Quantitative values
228	//Makespan
229	//Mission completion time hauler 1
1	//Application execution time (in millisecond)
//Path to the final points
0,[10,10]
1,[9,10]
2,[9,9]
3,[9,8]
4,[9,7]
5,[9,6]
6,[9,5]
7,[9,4]
8,[9,3]
9,[8,3]
10,[8,2]
11,[7,2]
12,[6,2]
13,[6,3]
14,[6,4]
15,[6,5]
16,[7,5]
17,[6,5]
18,[6,4]
19,[6,3]
20,[6,2]
21,[7,2]
22,[8,2]
23,[8,2]
24,[8,2]
25,[8,2]
26,[8,2]
27,[8,2]
28,[7,2]
29,[6,2]
30,[6,3]
31,[6,4]
32,[6,3]
33,[6,2]
34,[7,2]
35,[8,2]
36,[7,2]
37,[6,2]
38,[6,3]
39,[6,4]
40,[6,5]
41,[7,5]
42,[6,5]
43,[6,4]
44,[6,3]
45,[6,2]
46,[7,2]
47,[8,2]
48,[8,2]
49,[8,2]
50,[8,2]
51,[8,2]
52,[8,2]
53,[7,2]
54,[6,2]
55,[5,2]
56,[5,3]
57,[5,4]
58,[5,5]
59,[4,5]
60,[4,6]
61,[4,7]
62,[4,8]
63,[4,7]
64,[4,6]
65,[4,5]
66,[5,5]
67,[5,4]
68,[5,3]
69,[5,2]
70,[6,2]
71,[7,2]
72,[8,2]
73,[8,2]
74,[8,2]
75,[8,2]
76,[8,2]
77,[8,2]
78,[9,2]
79,[8,2]
80,[7,2]
81,[6,2]
82,[5,2]
83,[5,3]
84,[5,4]
85,[5,5]
86,[4,5]
87,[4,6]
88,[4,7]
89,[4,8]
90,[4,7]
91,[4,6]
92,[4,5]
93,[5,5]
94,[5,4]
95,[5,3]
96,[5,2]
97,[6,2]
98,[7,2]
99,[8,2]
100,[8,2]
101,[8,2]
102,[8,2]
103,[8,2]
104,[8,2]
105,[9,2]
106,[10,2]
107,[11,2]
108,[10,2]
109,[9,2]
110,[8,2]
111,[7,2]
112,[6,2]
113,[6,3]
114,[6,4]
115,[6,3]
116,[6,2]
117,[7,2]
118,[8,2]
119,[7,2]
120,[6,2]
121,[6,3]
122,[6,4]
123,[6,5]
124,[7,5]
125,[6,5]
126,[6,4]
127,[6,3]
128,[6,2]
129,[7,2]
130,[8,2]
131,[8,2]
132,[8,2]
133,[8,2]
134,[8,2]
135,[8,2]
136,[7,2]
137,[6,2]
138,[5,2]
139,[5,3]
140,[5,4]
141,[5,5]
142,[4,5]
143,[4,6]
144,[4,7]
145,[4,8]
146,[4,7]
147,[4,6]
148,[4,5]
149,[5,5]
150,[5,4]
151,[5,3]
152,[5,2]
153,[6,2]
154,[7,2]
155,[8,2]
156,[8,2]
157,[8,2]
158,[8,2]
159,[8,2]
160,[8,2]
161,[9,2]
162,[10,2]
163,[11,2]
164,[10,2]
165,[9,2]
166,[8,2]
167,[7,2]
168,[6,2]
169,[5,2]
170,[5,3]
171,[5,4]
172,[5,5]
173,[4,5]
174,[4,6]
175,[4,7]
176,[4,8]
177,[4,7]
178,[4,6]
179,[4,5]
180,[5,5]
181,[5,4]
182,[5,3]
183,[5,2]
184,[6,2]
185,[7,2]
186,[8,2]
187,[8,2]
188,[8,2]
189,[8,2]
190,[8,2]
191,[8,2]
192,[7,2]
193,[6,2]
194,[6,3]
195,[6,4]
196,[6,5]
197,[7,5]
198,[6,5]
199,[6,4]
200,[6,3]
201,[6,2]
202,[7,2]
203,[8,2]
204,[7,2]
205,[6,2]
206,[6,3]
207,[6,4]
208,[6,3]
209,[6,2]
210,[7,2]
211,[8,2]
212,[8,2]
213,[8,2]
214,[8,2]
215,[8,2]
216,[8,2]
217,[9,2]
218,[8,2]
219,[7,2]
220,[6,2]
221,[5,2]
222,[5,3]
223,[5,4]
224,[5,5]
225,[4,5]
226,[4,6]
227,[4,7]
228,[4,8]
