//Quantitative values
245	//Makespan
246	//Mission completion time hauler 1
2	//Application execution time (in millisecond)
//Path to the final points
0,[12,7]
1,[12,8]
2,[11,8]
3,[10,8]
4,[9,8]
5,[8,8]
6,[7,8]
7,[7,9]
8,[6,9]
9,[5,9]
10,[4,9]
11,[3,9]
12,[2,9]
13,[1,9]
14,[1,9]
15,[1,9]
16,[1,9]
17,[1,9]
18,[1,9]
19,[2,9]
20,[2,8]
21,[2,7]
22,[2,6]
23,[2,5]
24,[3,5]
25,[2,5]
26,[2,6]
27,[2,7]
28,[2,8]
29,[2,9]
30,[1,9]
31,[2,9]
32,[2,8]
33,[2,7]
34,[2,6]
35,[2,5]
36,[3,5]
37,[3,4]
38,[3,3]
39,[3,2]
40,[3,1]
41,[4,1]
42,[3,1]
43,[3,2]
44,[3,3]
45,[3,4]
46,[3,5]
47,[2,5]
48,[2,6]
49,[2,7]
50,[2,8]
51,[2,9]
52,[1,9]
53,[1,9]
54,[1,9]
55,[1,9]
56,[1,9]
57,[1,9]
58,[2,9]
59,[2,8]
60,[2,7]
61,[2,6]
62,[2,5]
63,[3,5]
64,[2,5]
65,[2,6]
66,[2,7]
67,[2,8]
68,[2,9]
69,[1,9]
70,[2,9]
71,[2,8]
72,[2,7]
73,[2,6]
74,[2,5]
75,[3,5]
76,[3,4]
77,[3,3]
78,[3,2]
79,[3,1]
80,[4,1]
81,[3,1]
82,[3,2]
83,[3,3]
84,[3,4]
85,[3,5]
86,[2,5]
87,[2,6]
88,[2,7]
89,[2,8]
90,[2,9]
91,[1,9]
92,[1,9]
93,[1,9]
94,[1,9]
95,[1,9]
96,[1,9]
97,[2,9]
98,[2,8]
99,[2,7]
100,[2,6]
101,[2,5]
102,[3,5]
103,[3,4]
104,[3,3]
105,[3,2]
106,[4,2]
107,[3,2]
108,[3,3]
109,[3,4]
110,[3,5]
111,[2,5]
112,[2,6]
113,[2,7]
114,[2,8]
115,[2,9]
116,[1,9]
117,[1,9]
118,[1,9]
119,[1,9]
120,[1,9]
121,[1,9]
122,[2,9]
123,[1,9]
124,[2,9]
125,[2,8]
126,[2,7]
127,[2,6]
128,[2,5]
129,[3,5]
130,[2,5]
131,[2,6]
132,[2,7]
133,[2,8]
134,[2,9]
135,[1,9]
136,[1,9]
137,[1,9]
138,[1,9]
139,[1,9]
140,[1,9]
141,[2,9]
142,[1,9]
143,[2,9]
144,[2,8]
145,[2,7]
146,[2,6]
147,[2,5]
148,[3,5]
149,[2,5]
150,[2,6]
151,[2,7]
152,[2,8]
153,[2,9]
154,[1,9]
155,[1,9]
156,[1,9]
157,[1,9]
158,[1,9]
159,[1,9]
160,[2,9]
161,[2,8]
162,[2,7]
163,[2,6]
164,[2,5]
165,[3,5]
166,[3,4]
167,[3,3]
168,[3,2]
169,[3,1]
170,[4,1]
171,[3,1]
172,[3,2]
173,[3,3]
174,[3,4]
175,[3,5]
176,[2,5]
177,[2,6]
178,[2,7]
179,[2,8]
180,[2,9]
181,[1,9]
182,[1,9]
183,[1,9]
184,[1,9]
185,[1,9]
186,[1,9]
187,[2,9]
188,[2,8]
189,[3,8]
190,[2,8]
191,[2,9]
192,[1,9]
193,[2,9]
194,[1,9]
195,[2,9]
196,[2,8]
197,[2,7]
198,[2,6]
199,[2,5]
200,[3,5]
201,[2,5]
202,[2,6]
203,[2,7]
204,[2,8]
205,[2,9]
206,[1,9]
207,[1,9]
208,[1,9]
209,[1,9]
210,[1,9]
211,[1,9]
212,[2,9]
213,[2,8]
214,[2,7]
215,[2,6]
216,[2,5]
217,[3,5]
218,[3,4]
219,[3,3]
220,[3,2]
221,[3,1]
222,[4,1]
223,[3,1]
224,[3,2]
225,[3,3]
226,[3,4]
227,[3,5]
228,[2,5]
229,[2,6]
230,[2,7]
231,[2,8]
232,[2,9]
233,[1,9]
234,[1,9]
235,[1,9]
236,[1,9]
237,[1,9]
238,[1,9]
239,[2,9]
240,[2,8]
241,[3,8]
242,[2,8]
243,[2,9]
244,[1,9]
245,[2,9]
