//Quantitative values
117	//Makespan
117	//Mission completion time hauler 1
2	//Application execution time (in millisecond)
//Path to the final points
0,[10,10]
1,[9,10]
2,[8,10]
3,[8,9]
4,[8,8]
5,[8,7]
6,[8,6]
7,[8,5]
8,[7,5]
9,[6,5]
10,[5,5]
11,[4,5]
12,[3,5]
13,[3,6]
14,[3,7]
15,[3,8]
16,[3,9]
17,[3,10]
18,[3,11]
19,[3,10]
20,[3,9]
21,[3,8]
22,[3,7]
23,[3,6]
24,[3,5]
25,[4,5]
26,[5,5]
27,[6,5]
28,[7,5]
29,[8,5]
30,[7,5]
31,[6,5]
32,[5,5]
33,[4,5]
34,[3,5]
35,[3,6]
36,[3,7]
37,[3,8]
38,[3,9]
39,[3,10]
40,[3,11]
41,[3,10]
42,[3,9]
43,[3,8]
44,[3,9]
45,[3,10]
46,[3,11]
47,[4,11]
48,[5,11]
49,[6,11]
50,[6,10]
51,[6,9]
52,[7,9]
53,[7,8]
54,[7,7]
55,[7,6]
56,[7,5]
57,[8,5]
58,[7,5]
59,[7,6]
60,[7,7]
61,[7,8]
62,[7,9]
63,[6,9]
64,[6,10]
65,[6,11]
66,[6,10]
67,[6,9]
68,[7,9]
69,[7,8]
70,[7,7]
71,[7,6]
72,[7,5]
73,[8,5]
74,[7,5]
75,[6,5]
76,[5,5]
77,[4,5]
78,[3,5]
79,[3,6]
80,[3,7]
81,[3,8]
82,[3,9]
83,[3,10]
84,[3,11]
85,[3,10]
86,[3,9]
87,[3,8]
88,[3,7]
89,[3,6]
90,[3,5]
91,[4,5]
92,[5,5]
93,[6,5]
94,[7,5]
95,[8,5]
96,[7,5]
97,[7,6]
98,[7,7]
99,[7,8]
100,[7,9]
101,[6,9]
102,[6,10]
103,[6,11]
104,[6,10]
105,[6,9]
106,[7,9]
107,[7,8]
108,[7,7]
109,[7,6]
110,[7,5]
111,[8,5]
112,[8,4]
113,[9,4]
114,[10,4]
115,[10,5]
116,[10,6]
117,[11,6]
