//Quantitative values
81	//Makespan
82	//Mission completion time hauler 1
1	//Application execution time (in millisecond)
//Path to the final points
0,[10,10]
1,[9,10]
2,[8,10]
3,[7,10]
4,[6,10]
5,[6,9]
6,[6,8]
7,[5,8]
8,[4,8]
9,[4,7]
10,[4,6]
11,[4,5]
12,[5,5]
13,[5,4]
14,[5,3]
15,[5,2]
16,[6,2]
17,[7,2]
18,[8,2]
19,[9,2]
20,[8,2]
21,[7,2]
22,[6,2]
23,[6,3]
24,[6,4]
25,[6,5]
26,[7,5]
27,[6,5]
28,[5,5]
29,[4,5]
30,[4,6]
31,[4,7]
32,[4,8]
33,[4,7]
34,[4,6]
35,[4,5]
36,[5,5]
37,[5,4]
38,[5,3]
39,[5,2]
40,[6,2]
41,[7,2]
42,[8,2]
43,[9,2]
44,[8,2]
45,[7,2]
46,[6,2]
47,[6,3]
48,[6,4]
49,[6,3]
50,[6,2]
51,[7,2]
52,[8,2]
53,[9,2]
54,[8,2]
55,[7,2]
56,[6,2]
57,[5,2]
58,[5,3]
59,[5,4]
60,[5,5]
61,[4,5]
62,[4,6]
63,[4,7]
64,[4,8]
65,[4,7]
66,[4,6]
67,[4,5]
68,[5,5]
69,[6,5]
70,[7,5]
71,[6,5]
72,[6,4]
73,[6,5]
74,[7,5]
75,[6,5]
76,[6,4]
77,[6,3]
78,[6,2]
79,[7,2]
80,[8,2]
81,[9,2]
