//Quantitative values
68	//Makespan
69	//Mission completion time hauler 1
1	//Application execution time (in millisecond)
//Path to the final points
0,[12,7]
1,[12,6]
2,[11,6]
3,[10,6]
4,[9,6]
5,[8,6]
6,[7,6]
7,[6,6]
8,[5,6]
9,[4,6]
10,[3,6]
11,[3,5]
12,[2,5]
13,[2,6]
14,[2,7]
15,[2,8]
16,[2,9]
17,[2,8]
18,[3,8]
19,[4,8]
20,[4,7]
21,[4,6]
22,[4,5]
23,[4,4]
24,[4,3]
25,[4,2]
26,[4,1]
27,[4,2]
28,[4,1]
29,[3,1]
30,[3,2]
31,[3,3]
32,[3,4]
33,[3,5]
34,[2,5]
35,[2,6]
36,[2,7]
37,[2,8]
38,[2,9]
39,[2,8]
40,[2,7]
41,[2,6]
42,[2,5]
43,[3,5]
44,[3,4]
45,[3,3]
46,[3,2]
47,[3,1]
48,[4,1]
49,[3,1]
50,[3,2]
51,[3,3]
52,[3,4]
53,[3,5]
54,[3,4]
55,[3,3]
56,[3,2]
57,[3,1]
58,[4,1]
59,[3,1]
60,[3,2]
61,[3,3]
62,[3,4]
63,[3,5]
64,[2,5]
65,[2,6]
66,[2,7]
67,[2,8]
68,[2,9]
