//Quantitative values
65	//Makespan
66	//Mission completion time hauler 1
1	//Application execution time (in millisecond)
//Path to the final points
0,[10,10]
1,[9,10]
2,[8,10]
3,[7,10]
4,[6,10]
5,[5,10]
6,[4,10]
7,[3,10]
8,[3,11]
9,[3,10]
10,[3,9]
11,[3,8]
12,[3,9]
13,[3,10]
14,[3,11]
15,[3,10]
16,[3,9]
17,[3,8]
18,[3,9]
19,[3,10]
20,[3,11]
21,[4,11]
22,[5,11]
23,[6,11]
24,[5,11]
25,[4,11]
26,[3,11]
27,[3,10]
28,[3,9]
29,[3,8]
30,[3,9]
31,[4,9]
32,[5,9]
33,[6,9]
34,[7,9]
35,[8,9]
36,[9,9]
37,[10,9]
38,[10,8]
39,[10,7]
40,[10,6]
41,[11,6]
42,[10,6]
43,[10,5]
44,[10,4]
45,[9,4]
46,[8,4]
47,[8,5]
48,[8,4]
49,[9,4]
50,[10,4]
51,[10,5]
52,[10,6]
53,[11,6]
54,[10,6]
55,[10,7]
56,[10,8]
57,[10,9]
58,[9,9]
59,[8,9]
60,[7,9]
61,[6,9]
62,[5,9]
63,[4,9]
64,[3,9]
65,[3,8]
