//Quantitative values
41	//Makespan
42	//Mission completion time hauler 1
1	//Application execution time (in millisecond)
//Path to the final points
0,[1,12]
1,[1,11]
2,[1,10]
3,[2,10]
4,[2,9]
5,[2,8]
6,[2,7]
7,[1,7]
8,[1,6]
9,[2,6]
10,[3,6]
11,[4,6]
12,[4,7]
13,[4,8]
14,[4,9]
15,[5,9]
16,[4,9]
17,[4,8]
18,[4,7]
19,[4,6]
20,[5,6]
21,[4,6]
22,[3,6]
23,[2,6]
24,[1,6]
25,[2,6]
26,[3,6]
27,[4,6]
28,[4,7]
29,[4,8]
30,[4,9]
31,[5,9]
32,[4,9]
33,[4,8]
34,[4,7]
35,[4,6]
36,[3,6]
37,[2,6]
38,[1,6]
39,[2,6]
40,[3,6]
41,[4,6]
