//Quantitative values
160	//Makespan
160	//Mission completion time hauler 1
1	//Application execution time (in millisecond)
//Path to the final points
0,[2,8]
1,[1,8]
2,[1,7]
3,[1,6]
4,[1,5]
5,[1,4]
6,[1,3]
7,[1,2]
8,[1,1]
9,[2,1]
10,[3,1]
11,[4,1]
12,[3,1]
13,[2,1]
14,[1,1]
15,[1,2]
16,[1,3]
17,[1,4]
18,[1,5]
19,[1,6]
20,[1,7]
21,[1,8]
22,[1,9]
23,[1,10]
24,[1,11]
25,[1,12]
26,[2,12]
27,[3,12]
28,[4,12]
29,[5,12]
30,[6,12]
31,[5,12]
32,[4,12]
33,[3,12]
34,[2,12]
35,[1,12]
36,[1,11]
37,[1,10]
38,[1,9]
39,[1,8]
40,[1,7]
41,[1,6]
42,[1,5]
43,[1,4]
44,[1,3]
45,[1,2]
46,[1,1]
47,[2,1]
48,[3,1]
49,[4,1]
50,[5,1]
51,[5,2]
52,[6,2]
53,[7,2]
54,[8,2]
55,[9,2]
56,[10,2]
57,[11,2]
58,[12,2]
59,[12,3]
60,[12,4]
61,[11,4]
62,[11,5]
63,[11,6]
64,[12,6]
65,[11,6]
66,[11,5]
67,[11,4]
68,[11,5]
69,[11,6]
70,[12,6]
71,[12,5]
72,[12,4]
73,[12,3]
74,[12,2]
75,[11,2]
76,[10,2]
77,[9,2]
78,[8,2]
79,[7,2]
80,[6,2]
81,[5,2]
82,[5,1]
83,[4,1]
84,[3,1]
85,[2,1]
86,[1,1]
87,[1,2]
88,[1,3]
89,[2,3]
90,[3,3]
91,[2,3]
92,[1,3]
93,[1,2]
94,[1,1]
95,[2,1]
96,[3,1]
97,[4,1]
98,[5,1]
99,[5,2]
100,[6,2]
101,[7,2]
102,[8,2]
103,[9,2]
104,[10,2]
105,[11,2]
106,[12,2]
107,[12,3]
108,[12,4]
109,[12,5]
110,[12,6]
111,[12,7]
112,[12,8]
113,[12,9]
114,[11,9]
115,[10,9]
116,[10,10]
117,[10,11]
118,[9,11]
119,[9,12]
120,[8,12]
121,[7,12]
122,[6,12]
123,[5,12]
124,[4,12]
125,[3,12]
126,[2,12]
127,[1,12]
128,[1,11]
129,[1,10]
130,[1,9]
131,[1,8]
132,[1,7]
133,[1,6]
134,[1,5]
135,[1,4]
136,[1,3]
137,[1,2]
138,[1,1]
139,[2,1]
140,[3,1]
141,[4,1]
142,[3,1]
143,[2,1]
144,[1,1]
145,[1,2]
146,[1,3]
147,[1,4]
148,[1,5]
149,[1,6]
150,[1,7]
151,[1,8]
152,[1,9]
153,[1,10]
154,[1,11]
155,[1,12]
156,[2,12]
157,[3,12]
158,[4,12]
159,[5,12]
160,[6,12]
