//Quantitative values
311	//Makespan
312	//Mission completion time hauler 1
2	//Application execution time (in millisecond)
//Path to the final points
0,[7,3]
1,[7,4]
2,[8,4]
3,[7,4]
4,[6,4]
5,[5,4]
6,[4,4]
7,[4,5]
8,[4,6]
9,[4,7]
10,[4,8]
11,[4,9]
12,[3,9]
13,[3,10]
14,[3,11]
15,[3,12]
16,[3,11]
17,[3,10]
18,[3,9]
19,[4,9]
20,[4,8]
21,[4,7]
22,[4,6]
23,[4,5]
24,[4,4]
25,[5,4]
26,[6,4]
27,[7,4]
28,[8,4]
29,[8,4]
30,[8,4]
31,[8,4]
32,[8,4]
33,[8,4]
34,[7,4]
35,[6,4]
36,[7,4]
37,[8,4]
38,[7,4]
39,[6,4]
40,[5,4]
41,[4,4]
42,[4,5]
43,[4,6]
44,[4,7]
45,[4,8]
46,[4,9]
47,[3,9]
48,[3,10]
49,[3,11]
50,[3,12]
51,[3,11]
52,[3,10]
53,[3,9]
54,[4,9]
55,[4,8]
56,[4,7]
57,[4,6]
58,[4,5]
59,[4,4]
60,[5,4]
61,[6,4]
62,[7,4]
63,[8,4]
64,[8,4]
65,[8,4]
66,[8,4]
67,[8,4]
68,[8,4]
69,[7,4]
70,[6,4]
71,[5,4]
72,[4,4]
73,[4,5]
74,[4,6]
75,[4,7]
76,[4,8]
77,[4,9]
78,[4,10]
79,[4,11]
80,[4,12]
81,[4,11]
82,[4,10]
83,[4,9]
84,[4,8]
85,[4,7]
86,[4,6]
87,[4,5]
88,[4,4]
89,[5,4]
90,[6,4]
91,[7,4]
92,[8,4]
93,[8,4]
94,[8,4]
95,[8,4]
96,[8,4]
97,[8,4]
98,[7,4]
99,[6,4]
100,[5,4]
101,[4,4]
102,[4,5]
103,[4,6]
104,[4,7]
105,[4,8]
106,[4,9]
107,[3,9]
108,[3,10]
109,[3,11]
110,[3,12]
111,[3,11]
112,[3,10]
113,[3,9]
114,[4,9]
115,[4,8]
116,[4,7]
117,[4,6]
118,[4,5]
119,[4,4]
120,[5,4]
121,[6,4]
122,[7,4]
123,[8,4]
124,[8,4]
125,[8,4]
126,[8,4]
127,[8,4]
128,[8,4]
129,[7,4]
130,[6,4]
131,[5,4]
132,[4,4]
133,[4,5]
134,[4,6]
135,[4,7]
136,[4,8]
137,[4,9]
138,[4,10]
139,[4,11]
140,[4,12]
141,[4,11]
142,[4,10]
143,[4,9]
144,[4,8]
145,[4,7]
146,[4,6]
147,[4,5]
148,[4,4]
149,[5,4]
150,[6,4]
151,[7,4]
152,[8,4]
153,[8,4]
154,[8,4]
155,[8,4]
156,[8,4]
157,[8,4]
158,[7,4]
159,[7,5]
160,[7,6]
161,[7,7]
162,[7,8]
163,[7,9]
164,[8,9]
165,[9,9]
166,[10,9]
167,[9,9]
168,[8,9]
169,[7,9]
170,[7,8]
171,[7,7]
172,[7,6]
173,[7,5]
174,[7,4]
175,[8,4]
176,[8,4]
177,[8,4]
178,[8,4]
179,[8,4]
180,[8,4]
181,[7,4]
182,[6,4]
183,[5,4]
184,[4,4]
185,[3,4]
186,[2,4]
187,[2,5]
188,[2,4]
189,[3,4]
190,[4,4]
191,[5,4]
192,[6,4]
193,[7,4]
194,[8,4]
195,[7,4]
196,[7,5]
197,[7,6]
198,[7,7]
199,[7,8]
200,[7,9]
201,[8,9]
202,[9,9]
203,[10,9]
204,[9,9]
205,[8,9]
206,[7,9]
207,[7,8]
208,[7,7]
209,[7,6]
210,[7,5]
211,[7,4]
212,[8,4]
213,[8,4]
214,[8,4]
215,[8,4]
216,[8,4]
217,[8,4]
218,[7,4]
219,[6,4]
220,[7,4]
221,[8,4]
222,[7,4]
223,[7,5]
224,[7,6]
225,[7,7]
226,[7,8]
227,[7,9]
228,[8,9]
229,[9,9]
230,[10,9]
231,[9,9]
232,[8,9]
233,[7,9]
234,[7,8]
235,[7,7]
236,[7,6]
237,[7,5]
238,[7,4]
239,[8,4]
240,[8,4]
241,[8,4]
242,[8,4]
243,[8,4]
244,[8,4]
245,[7,4]
246,[6,4]
247,[5,4]
248,[4,4]
249,[4,5]
250,[4,6]
251,[4,7]
252,[4,8]
253,[4,9]
254,[4,10]
255,[4,11]
256,[4,12]
257,[4,11]
258,[4,10]
259,[4,9]
260,[4,8]
261,[4,7]
262,[4,6]
263,[4,5]
264,[4,4]
265,[5,4]
266,[6,4]
267,[7,4]
268,[8,4]
269,[8,4]
270,[8,4]
271,[8,4]
272,[8,4]
273,[8,4]
274,[7,4]
275,[6,4]
276,[5,4]
277,[4,4]
278,[4,5]
279,[4,6]
280,[4,7]
281,[4,8]
282,[4,9]
283,[3,9]
284,[3,10]
285,[3,11]
286,[3,12]
287,[3,11]
288,[3,10]
289,[3,9]
290,[4,9]
291,[4,8]
292,[4,7]
293,[4,6]
294,[4,5]
295,[4,4]
296,[5,4]
297,[6,4]
298,[7,4]
299,[8,4]
300,[8,4]
301,[8,4]
302,[8,4]
303,[8,4]
304,[8,4]
305,[7,4]
306,[6,4]
307,[5,4]
308,[4,4]
309,[3,4]
310,[2,4]
311,[2,5]
