//Quantitative values
235	//Makespan
236	//Mission completion time hauler 1
2	//Application execution time (in millisecond)
//Path to the final points
0,[2,1]
1,[2,2]
2,[2,3]
3,[2,4]
4,[2,5]
5,[2,6]
6,[3,6]
7,[4,6]
8,[5,6]
9,[6,6]
10,[7,6]
11,[8,6]
12,[9,6]
13,[9,6]
14,[9,6]
15,[9,6]
16,[9,6]
17,[9,6]
18,[10,6]
19,[10,7]
20,[10,8]
21,[10,9]
22,[10,10]
23,[10,11]
24,[10,12]
25,[10,11]
26,[10,10]
27,[10,9]
28,[10,8]
29,[10,7]
30,[10,6]
31,[9,6]
32,[8,6]
33,[7,6]
34,[6,6]
35,[5,6]
36,[5,7]
37,[5,8]
38,[5,7]
39,[5,6]
40,[6,6]
41,[7,6]
42,[8,6]
43,[9,6]
44,[9,6]
45,[9,6]
46,[9,6]
47,[9,6]
48,[9,6]
49,[9,5]
50,[9,4]
51,[9,3]
52,[10,3]
53,[10,2]
54,[10,1]
55,[9,1]
56,[10,1]
57,[10,2]
58,[10,3]
59,[9,3]
60,[9,4]
61,[9,5]
62,[9,6]
63,[8,6]
64,[7,6]
65,[6,6]
66,[5,6]
67,[4,6]
68,[3,6]
69,[2,6]
70,[2,5]
71,[2,6]
72,[3,6]
73,[4,6]
74,[5,6]
75,[6,6]
76,[7,6]
77,[8,6]
78,[9,6]
79,[9,6]
80,[9,6]
81,[9,6]
82,[9,6]
83,[9,6]
84,[10,6]
85,[10,7]
86,[10,8]
87,[10,9]
88,[10,10]
89,[10,11]
90,[10,12]
91,[10,11]
92,[10,10]
93,[10,9]
94,[10,8]
95,[10,7]
96,[10,6]
97,[9,6]
98,[8,6]
99,[7,6]
100,[6,6]
101,[5,6]
102,[5,7]
103,[5,8]
104,[5,7]
105,[5,6]
106,[6,6]
107,[7,6]
108,[8,6]
109,[9,6]
110,[9,6]
111,[9,6]
112,[9,6]
113,[9,6]
114,[9,6]
115,[9,5]
116,[9,4]
117,[9,3]
118,[10,3]
119,[10,2]
120,[10,1]
121,[9,1]
122,[10,1]
123,[10,2]
124,[10,3]
125,[9,3]
126,[9,4]
127,[9,5]
128,[9,6]
129,[8,6]
130,[7,6]
131,[6,6]
132,[5,6]
133,[4,6]
134,[3,6]
135,[2,6]
136,[2,5]
137,[2,6]
138,[3,6]
139,[4,6]
140,[5,6]
141,[6,6]
142,[7,6]
143,[8,6]
144,[9,6]
145,[9,6]
146,[9,6]
147,[9,6]
148,[9,6]
149,[9,6]
150,[9,5]
151,[9,4]
152,[9,3]
153,[10,3]
154,[10,2]
155,[10,1]
156,[9,1]
157,[10,1]
158,[10,2]
159,[10,3]
160,[9,3]
161,[9,4]
162,[9,5]
163,[9,6]
164,[8,6]
165,[7,6]
166,[6,6]
167,[5,6]
168,[5,7]
169,[5,8]
170,[5,7]
171,[5,6]
172,[6,6]
173,[7,6]
174,[8,6]
175,[9,6]
176,[9,6]
177,[9,6]
178,[9,6]
179,[9,6]
180,[9,6]
181,[9,5]
182,[9,4]
183,[9,3]
184,[10,3]
185,[10,2]
186,[10,1]
187,[9,1]
188,[10,1]
189,[10,2]
190,[10,3]
191,[9,3]
192,[9,4]
193,[9,5]
194,[9,6]
195,[8,6]
196,[7,6]
197,[6,6]
198,[5,6]
199,[5,7]
200,[5,8]
201,[5,7]
202,[5,6]
203,[6,6]
204,[7,6]
205,[8,6]
206,[9,6]
207,[9,6]
208,[9,6]
209,[9,6]
210,[9,6]
211,[9,6]
212,[8,6]
213,[7,6]
214,[6,6]
215,[5,6]
216,[4,6]
217,[3,6]
218,[3,7]
219,[3,8]
220,[3,7]
221,[3,6]
222,[4,6]
223,[5,6]
224,[6,6]
225,[7,6]
226,[8,6]
227,[9,6]
228,[8,6]
229,[7,6]
230,[6,6]
231,[5,6]
232,[4,6]
233,[3,6]
234,[2,6]
235,[2,5]
