//Quantitative values
368	//Makespan
369	//Mission completion time hauler 1
1	//Application execution time (in millisecond)
//Path to the final points
0,[8,5]
1,[8,4]
2,[8,3]
3,[8,2]
4,[9,2]
5,[10,2]
6,[11,2]
7,[10,2]
8,[9,2]
9,[8,2]
10,[7,2]
11,[7,3]
12,[7,4]
13,[7,5]
14,[7,6]
15,[7,7]
16,[7,8]
17,[7,7]
18,[7,6]
19,[7,5]
20,[7,4]
21,[7,3]
22,[7,2]
23,[8,2]
24,[9,2]
25,[10,2]
26,[11,2]
27,[11,2]
28,[11,2]
29,[11,2]
30,[11,2]
31,[11,2]
32,[10,2]
33,[9,2]
34,[8,2]
35,[7,2]
36,[6,2]
37,[5,2]
38,[5,3]
39,[5,4]
40,[5,5]
41,[5,6]
42,[5,7]
43,[5,8]
44,[5,7]
45,[5,6]
46,[5,5]
47,[5,4]
48,[5,3]
49,[5,2]
50,[6,2]
51,[7,2]
52,[8,2]
53,[9,2]
54,[10,2]
55,[11,2]
56,[11,2]
57,[11,2]
58,[11,2]
59,[11,2]
60,[11,2]
61,[10,2]
62,[9,2]
63,[8,2]
64,[7,2]
65,[6,2]
66,[5,2]
67,[4,2]
68,[3,2]
69,[3,3]
70,[3,4]
71,[3,3]
72,[3,2]
73,[4,2]
74,[5,2]
75,[6,2]
76,[7,2]
77,[8,2]
78,[9,2]
79,[10,2]
80,[11,2]
81,[11,2]
82,[11,2]
83,[11,2]
84,[11,2]
85,[11,2]
86,[10,2]
87,[9,2]
88,[8,2]
89,[7,2]
90,[6,2]
91,[5,2]
92,[4,2]
93,[3,2]
94,[2,2]
95,[1,2]
96,[1,3]
97,[1,4]
98,[1,5]
99,[1,4]
100,[1,3]
101,[1,2]
102,[2,2]
103,[3,2]
104,[4,2]
105,[5,2]
106,[6,2]
107,[7,2]
108,[8,2]
109,[9,2]
110,[10,2]
111,[11,2]
112,[11,2]
113,[11,2]
114,[11,2]
115,[11,2]
116,[11,2]
117,[10,2]
118,[9,2]
119,[8,2]
120,[7,2]
121,[7,3]
122,[7,4]
123,[7,5]
124,[7,6]
125,[7,7]
126,[7,8]
127,[7,7]
128,[7,6]
129,[7,5]
130,[7,4]
131,[7,3]
132,[7,2]
133,[8,2]
134,[9,2]
135,[10,2]
136,[11,2]
137,[11,2]
138,[11,2]
139,[11,2]
140,[11,2]
141,[11,2]
142,[10,2]
143,[9,2]
144,[8,2]
145,[7,2]
146,[6,2]
147,[5,2]
148,[5,3]
149,[5,4]
150,[5,5]
151,[5,6]
152,[5,7]
153,[5,8]
154,[5,7]
155,[5,6]
156,[5,5]
157,[5,4]
158,[5,3]
159,[5,2]
160,[6,2]
161,[7,2]
162,[8,2]
163,[9,2]
164,[10,2]
165,[11,2]
166,[11,2]
167,[11,2]
168,[11,2]
169,[11,2]
170,[11,2]
171,[10,2]
172,[9,2]
173,[8,2]
174,[7,2]
175,[6,2]
176,[5,2]
177,[4,2]
178,[3,2]
179,[3,3]
180,[3,4]
181,[3,3]
182,[3,2]
183,[4,2]
184,[5,2]
185,[6,2]
186,[7,2]
187,[8,2]
188,[9,2]
189,[10,2]
190,[11,2]
191,[11,2]
192,[11,2]
193,[11,2]
194,[11,2]
195,[11,2]
196,[10,2]
197,[9,2]
198,[8,2]
199,[7,2]
200,[6,2]
201,[5,2]
202,[5,3]
203,[5,4]
204,[5,5]
205,[5,6]
206,[5,7]
207,[5,8]
208,[5,7]
209,[5,6]
210,[5,5]
211,[5,4]
212,[5,3]
213,[5,2]
214,[6,2]
215,[7,2]
216,[8,2]
217,[9,2]
218,[10,2]
219,[11,2]
220,[11,2]
221,[11,2]
222,[11,2]
223,[11,2]
224,[11,2]
225,[10,2]
226,[9,2]
227,[8,2]
228,[7,2]
229,[7,3]
230,[7,4]
231,[7,5]
232,[7,6]
233,[7,7]
234,[7,8]
235,[7,7]
236,[7,6]
237,[7,5]
238,[7,4]
239,[7,3]
240,[7,2]
241,[8,2]
242,[9,2]
243,[10,2]
244,[11,2]
245,[11,2]
246,[11,2]
247,[11,2]
248,[11,2]
249,[11,2]
250,[10,2]
251,[9,2]
252,[8,2]
253,[7,2]
254,[6,2]
255,[5,2]
256,[4,2]
257,[3,2]
258,[2,2]
259,[1,2]
260,[1,3]
261,[1,4]
262,[1,5]
263,[1,4]
264,[1,3]
265,[1,2]
266,[2,2]
267,[3,2]
268,[4,2]
269,[5,2]
270,[6,2]
271,[7,2]
272,[8,2]
273,[9,2]
274,[10,2]
275,[11,2]
276,[11,2]
277,[11,2]
278,[11,2]
279,[11,2]
280,[11,2]
281,[10,2]
282,[9,2]
283,[8,2]
284,[7,2]
285,[7,3]
286,[7,4]
287,[7,5]
288,[7,6]
289,[7,7]
290,[7,8]
291,[7,7]
292,[7,6]
293,[7,5]
294,[7,4]
295,[7,3]
296,[7,2]
297,[8,2]
298,[9,2]
299,[10,2]
300,[11,2]
301,[11,2]
302,[11,2]
303,[11,2]
304,[11,2]
305,[11,2]
306,[10,2]
307,[9,2]
308,[8,2]
309,[7,2]
310,[6,2]
311,[5,2]
312,[5,3]
313,[5,4]
314,[5,5]
315,[5,6]
316,[5,7]
317,[5,8]
318,[5,7]
319,[5,6]
320,[5,5]
321,[5,4]
322,[5,3]
323,[5,2]
324,[6,2]
325,[7,2]
326,[8,2]
327,[9,2]
328,[10,2]
329,[11,2]
330,[11,2]
331,[11,2]
332,[11,2]
333,[11,2]
334,[11,2]
335,[10,2]
336,[9,2]
337,[8,2]
338,[7,2]
339,[6,2]
340,[5,2]
341,[4,2]
342,[3,2]
343,[3,3]
344,[3,4]
345,[3,3]
346,[3,2]
347,[4,2]
348,[5,2]
349,[6,2]
350,[7,2]
351,[8,2]
352,[9,2]
353,[10,2]
354,[11,2]
355,[11,2]
356,[11,2]
357,[11,2]
358,[11,2]
359,[11,2]
360,[10,2]
361,[9,2]
362,[8,2]
363,[7,2]
364,[6,2]
365,[5,2]
366,[4,2]
367,[3,2]
368,[3,3]
