//Quantitative values
315	//Makespan
316	//Mission completion time hauler 1
2	//Application execution time (in millisecond)
//Path to the final points
0,[6,5]
1,[5,5]
2,[4,5]
3,[3,5]
4,[2,5]
5,[2,6]
6,[2,5]
7,[2,4]
8,[3,4]
9,[4,4]
10,[5,4]
11,[6,4]
12,[7,4]
13,[6,4]
14,[5,4]
15,[4,4]
16,[3,4]
17,[2,4]
18,[2,5]
19,[2,6]
20,[2,6]
21,[2,6]
22,[2,6]
23,[2,6]
24,[2,6]
25,[2,5]
26,[2,4]
27,[3,4]
28,[4,4]
29,[5,4]
30,[6,4]
31,[7,4]
32,[8,4]
33,[8,3]
34,[9,3]
35,[10,3]
36,[11,3]
37,[10,3]
38,[9,3]
39,[8,3]
40,[8,4]
41,[7,4]
42,[6,4]
43,[5,4]
44,[4,4]
45,[3,4]
46,[2,4]
47,[2,5]
48,[2,6]
49,[2,6]
50,[2,6]
51,[2,6]
52,[2,6]
53,[2,6]
54,[2,5]
55,[3,5]
56,[4,5]
57,[5,5]
58,[6,5]
59,[6,6]
60,[7,6]
61,[8,6]
62,[9,6]
63,[10,6]
64,[9,6]
65,[8,6]
66,[7,6]
67,[6,6]
68,[6,5]
69,[5,5]
70,[4,5]
71,[3,5]
72,[2,5]
73,[2,6]
74,[2,6]
75,[2,6]
76,[2,6]
77,[2,6]
78,[2,6]
79,[2,7]
80,[1,7]
81,[1,8]
82,[1,9]
83,[1,10]
84,[1,11]
85,[1,10]
86,[1,9]
87,[1,8]
88,[1,7]
89,[2,7]
90,[2,6]
91,[2,5]
92,[3,5]
93,[4,5]
94,[5,5]
95,[6,5]
96,[6,6]
97,[7,6]
98,[8,6]
99,[9,6]
100,[10,6]
101,[9,6]
102,[8,6]
103,[7,6]
104,[6,6]
105,[6,5]
106,[5,5]
107,[4,5]
108,[3,5]
109,[2,5]
110,[2,6]
111,[2,6]
112,[2,6]
113,[2,6]
114,[2,6]
115,[2,6]
116,[2,7]
117,[2,8]
118,[3,8]
119,[4,8]
120,[5,8]
121,[6,8]
122,[7,8]
123,[8,8]
124,[9,8]
125,[10,8]
126,[10,9]
127,[10,8]
128,[9,8]
129,[8,8]
130,[7,8]
131,[6,8]
132,[5,8]
133,[4,8]
134,[3,8]
135,[2,8]
136,[2,7]
137,[2,6]
138,[2,6]
139,[2,6]
140,[2,6]
141,[2,6]
142,[2,6]
143,[2,5]
144,[2,4]
145,[3,4]
146,[4,4]
147,[5,4]
148,[6,4]
149,[7,4]
150,[6,4]
151,[5,4]
152,[4,4]
153,[3,4]
154,[2,4]
155,[2,5]
156,[2,6]
157,[2,6]
158,[2,6]
159,[2,6]
160,[2,6]
161,[2,6]
162,[2,7]
163,[1,7]
164,[1,8]
165,[1,9]
166,[1,10]
167,[1,11]
168,[1,10]
169,[1,9]
170,[1,8]
171,[1,7]
172,[2,7]
173,[2,6]
174,[2,5]
175,[3,5]
176,[4,5]
177,[5,5]
178,[6,5]
179,[6,6]
180,[7,6]
181,[8,6]
182,[9,6]
183,[10,6]
184,[9,6]
185,[8,6]
186,[7,6]
187,[6,6]
188,[6,5]
189,[5,5]
190,[4,5]
191,[3,5]
192,[2,5]
193,[2,6]
194,[2,6]
195,[2,6]
196,[2,6]
197,[2,6]
198,[2,6]
199,[2,7]
200,[2,8]
201,[3,8]
202,[4,8]
203,[5,8]
204,[6,8]
205,[7,8]
206,[8,8]
207,[9,8]
208,[10,8]
209,[10,9]
210,[10,8]
211,[9,8]
212,[8,8]
213,[7,8]
214,[6,8]
215,[5,8]
216,[4,8]
217,[3,8]
218,[2,8]
219,[2,7]
220,[2,6]
221,[2,6]
222,[2,6]
223,[2,6]
224,[2,6]
225,[2,6]
226,[2,5]
227,[3,5]
228,[4,5]
229,[5,5]
230,[6,5]
231,[6,6]
232,[7,6]
233,[8,6]
234,[9,6]
235,[10,6]
236,[9,6]
237,[8,6]
238,[7,6]
239,[6,6]
240,[6,5]
241,[5,5]
242,[4,5]
243,[3,5]
244,[2,5]
245,[2,6]
246,[2,6]
247,[2,6]
248,[2,6]
249,[2,6]
250,[2,6]
251,[2,5]
252,[2,4]
253,[3,4]
254,[4,4]
255,[5,4]
256,[6,4]
257,[7,4]
258,[8,4]
259,[8,3]
260,[9,3]
261,[10,3]
262,[11,3]
263,[10,3]
264,[9,3]
265,[8,3]
266,[8,4]
267,[7,4]
268,[6,4]
269,[5,4]
270,[4,4]
271,[3,4]
272,[2,4]
273,[2,5]
274,[2,6]
275,[2,6]
276,[2,6]
277,[2,6]
278,[2,6]
279,[2,6]
280,[2,5]
281,[3,5]
282,[4,5]
283,[5,5]
284,[6,5]
285,[6,6]
286,[7,6]
287,[8,6]
288,[9,6]
289,[10,6]
290,[9,6]
291,[8,6]
292,[7,6]
293,[6,6]
294,[6,5]
295,[5,5]
296,[4,5]
297,[3,5]
298,[2,5]
299,[2,6]
300,[2,6]
301,[2,6]
302,[2,6]
303,[2,6]
304,[2,6]
305,[2,7]
306,[2,8]
307,[3,8]
308,[4,8]
309,[5,8]
310,[6,8]
311,[7,8]
312,[8,8]
313,[9,8]
314,[10,8]
315,[10,9]
