//Quantitative values
243	//Makespan
244	//Mission completion time hauler 1
2	//Application execution time (in millisecond)
//Path to the final points
0,[10,12]
1,[9,12]
2,[8,12]
3,[7,12]
4,[6,12]
5,[5,12]
6,[4,12]
7,[4,11]
8,[4,10]
9,[4,9]
10,[4,8]
11,[4,7]
12,[4,6]
13,[4,5]
14,[4,4]
15,[4,3]
16,[4,3]
17,[4,3]
18,[4,3]
19,[4,3]
20,[4,3]
21,[3,3]
22,[3,4]
23,[3,5]
24,[3,6]
25,[3,7]
26,[3,8]
27,[3,9]
28,[3,10]
29,[2,10]
30,[3,10]
31,[3,9]
32,[3,8]
33,[3,7]
34,[3,6]
35,[3,5]
36,[3,4]
37,[3,3]
38,[4,3]
39,[4,2]
40,[4,1]
41,[4,2]
42,[4,3]
43,[3,3]
44,[3,4]
45,[3,5]
46,[3,6]
47,[3,7]
48,[3,8]
49,[3,9]
50,[3,10]
51,[2,10]
52,[3,10]
53,[3,9]
54,[3,8]
55,[3,7]
56,[3,6]
57,[3,5]
58,[3,4]
59,[3,3]
60,[4,3]
61,[4,3]
62,[4,3]
63,[4,3]
64,[4,3]
65,[4,3]
66,[4,2]
67,[4,1]
68,[4,2]
69,[4,3]
70,[3,3]
71,[3,4]
72,[3,5]
73,[3,6]
74,[3,7]
75,[3,8]
76,[3,9]
77,[3,10]
78,[2,10]
79,[3,10]
80,[3,9]
81,[3,8]
82,[3,7]
83,[3,6]
84,[3,5]
85,[3,4]
86,[3,3]
87,[4,3]
88,[4,2]
89,[4,1]
90,[4,2]
91,[4,3]
92,[4,3]
93,[4,3]
94,[4,3]
95,[4,3]
96,[4,3]
97,[3,3]
98,[3,4]
99,[3,5]
100,[3,6]
101,[3,7]
102,[3,8]
103,[3,9]
104,[3,10]
105,[2,10]
106,[3,10]
107,[3,9]
108,[3,8]
109,[3,7]
110,[3,6]
111,[3,5]
112,[3,4]
113,[3,3]
114,[4,3]
115,[3,3]
116,[2,3]
117,[2,4]
118,[2,5]
119,[1,5]
120,[1,6]
121,[1,7]
122,[1,6]
123,[1,5]
124,[2,5]
125,[2,4]
126,[2,3]
127,[3,3]
128,[4,3]
129,[4,3]
130,[4,3]
131,[4,3]
132,[4,3]
133,[4,3]
134,[5,3]
135,[6,3]
136,[7,3]
137,[8,3]
138,[9,3]
139,[10,3]
140,[11,3]
141,[12,3]
142,[11,3]
143,[10,3]
144,[9,3]
145,[8,3]
146,[7,3]
147,[6,3]
148,[5,3]
149,[4,3]
150,[3,3]
151,[2,3]
152,[2,4]
153,[2,5]
154,[1,5]
155,[1,6]
156,[1,7]
157,[1,6]
158,[1,5]
159,[2,5]
160,[2,4]
161,[2,3]
162,[3,3]
163,[4,3]
164,[4,3]
165,[4,3]
166,[4,3]
167,[4,3]
168,[4,3]
169,[3,3]
170,[3,4]
171,[3,5]
172,[3,6]
173,[3,7]
174,[3,8]
175,[3,9]
176,[3,10]
177,[2,10]
178,[3,10]
179,[3,9]
180,[3,8]
181,[3,7]
182,[3,6]
183,[3,5]
184,[3,4]
185,[3,3]
186,[4,3]
187,[4,4]
188,[4,5]
189,[4,6]
190,[4,7]
191,[4,8]
192,[4,9]
193,[5,9]
194,[6,9]
195,[7,9]
196,[8,9]
197,[9,9]
198,[10,9]
199,[9,9]
200,[8,9]
201,[7,9]
202,[6,9]
203,[5,9]
204,[4,9]
205,[4,8]
206,[4,7]
207,[4,6]
208,[4,5]
209,[4,4]
210,[4,3]
211,[4,3]
212,[4,3]
213,[4,3]
214,[4,3]
215,[4,3]
216,[5,3]
217,[6,3]
218,[7,3]
219,[8,3]
220,[9,3]
221,[10,3]
222,[11,3]
223,[12,3]
224,[11,3]
225,[10,3]
226,[9,3]
227,[8,3]
228,[7,3]
229,[6,3]
230,[5,3]
231,[4,3]
232,[4,4]
233,[4,5]
234,[4,6]
235,[4,7]
236,[4,8]
237,[4,9]
238,[5,9]
239,[6,9]
240,[7,9]
241,[8,9]
242,[9,9]
243,[10,9]
