//Quantitative values
165	//Makespan
166	//Mission completion time hauler 1
1	//Application execution time (in millisecond)
//Path to the final points
0,[1,5]
1,[1,6]
2,[1,7]
3,[1,8]
4,[1,9]
5,[1,10]
6,[1,11]
7,[1,12]
8,[2,12]
9,[3,12]
10,[4,12]
11,[5,12]
12,[6,12]
13,[7,12]
14,[8,12]
15,[9,12]
16,[10,12]
17,[11,12]
18,[12,12]
19,[11,12]
20,[10,12]
21,[9,12]
22,[8,12]
23,[7,12]
24,[6,12]
25,[5,12]
26,[4,12]
27,[3,12]
28,[2,12]
29,[1,12]
30,[1,11]
31,[1,10]
32,[1,9]
33,[1,8]
34,[1,7]
35,[1,6]
36,[1,5]
37,[1,4]
38,[1,3]
39,[1,2]
40,[1,1]
41,[2,1]
42,[3,1]
43,[4,1]
44,[5,1]
45,[5,2]
46,[6,2]
47,[7,2]
48,[8,2]
49,[9,2]
50,[10,2]
51,[9,2]
52,[8,2]
53,[7,2]
54,[6,2]
55,[5,2]
56,[5,1]
57,[4,1]
58,[3,1]
59,[2,1]
60,[1,1]
61,[1,2]
62,[1,3]
63,[1,4]
64,[1,5]
65,[1,6]
66,[1,7]
67,[1,8]
68,[1,9]
69,[1,10]
70,[1,11]
71,[1,12]
72,[2,12]
73,[3,12]
74,[4,12]
75,[5,12]
76,[6,12]
77,[7,12]
78,[8,12]
79,[9,12]
80,[10,12]
81,[11,12]
82,[12,12]
83,[11,12]
84,[10,12]
85,[9,12]
86,[9,11]
87,[9,10]
88,[8,10]
89,[8,9]
90,[7,9]
91,[7,8]
92,[7,7]
93,[7,6]
94,[7,5]
95,[7,4]
96,[6,4]
97,[6,3]
98,[5,3]
99,[5,2]
100,[5,1]
101,[4,1]
102,[3,1]
103,[2,1]
104,[3,1]
105,[4,1]
106,[5,1]
107,[5,2]
108,[6,2]
109,[7,2]
110,[8,2]
111,[9,2]
112,[10,2]
113,[9,2]
114,[8,2]
115,[7,2]
116,[6,2]
117,[5,2]
118,[5,1]
119,[4,1]
120,[3,1]
121,[2,1]
122,[1,1]
123,[1,2]
124,[1,3]
125,[1,4]
126,[1,5]
127,[1,6]
128,[1,7]
129,[1,8]
130,[1,9]
131,[1,10]
132,[1,11]
133,[1,12]
134,[2,12]
135,[1,12]
136,[1,11]
137,[1,10]
138,[1,9]
139,[1,8]
140,[1,7]
141,[1,6]
142,[1,5]
143,[1,4]
144,[1,3]
145,[1,2]
146,[1,1]
147,[2,1]
148,[3,1]
149,[4,1]
150,[5,1]
151,[5,2]
152,[6,2]
153,[7,2]
154,[8,2]
155,[9,2]
156,[10,2]
157,[9,2]
158,[8,2]
159,[7,2]
160,[6,2]
161,[5,2]
162,[5,1]
163,[4,1]
164,[3,1]
165,[2,1]
