//Quantitative values
106	//Makespan
107	//Mission completion time hauler 1
1	//Application execution time (in millisecond)
//Path to the final points
0,[2,7]
1,[1,7]
2,[1,8]
3,[1,9]
4,[1,10]
5,[1,11]
6,[1,12]
7,[1,11]
8,[1,10]
9,[1,9]
10,[1,8]
11,[2,8]
12,[3,8]
13,[4,8]
14,[5,8]
15,[5,7]
16,[5,6]
17,[5,5]
18,[5,4]
19,[5,3]
20,[5,2]
21,[5,1]
22,[4,1]
23,[5,1]
24,[5,2]
25,[5,3]
26,[5,4]
27,[5,5]
28,[5,6]
29,[5,7]
30,[5,8]
31,[5,7]
32,[5,6]
33,[5,5]
34,[5,4]
35,[6,4]
36,[7,4]
37,[7,5]
38,[7,6]
39,[7,7]
40,[7,8]
41,[7,7]
42,[7,6]
43,[7,5]
44,[7,4]
45,[6,4]
46,[5,4]
47,[5,5]
48,[5,6]
49,[5,7]
50,[5,8]
51,[5,7]
52,[5,6]
53,[5,5]
54,[5,4]
55,[5,3]
56,[5,2]
57,[5,1]
58,[4,1]
59,[5,1]
60,[5,2]
61,[5,3]
62,[5,4]
63,[5,5]
64,[5,6]
65,[5,7]
66,[5,8]
67,[5,7]
68,[5,6]
69,[5,5]
70,[5,4]
71,[5,3]
72,[5,2]
73,[5,1]
74,[4,1]
75,[5,1]
76,[5,2]
77,[5,3]
78,[5,4]
79,[5,5]
80,[5,6]
81,[5,7]
82,[5,8]
83,[4,8]
84,[3,8]
85,[2,8]
86,[1,8]
87,[1,9]
88,[1,10]
89,[1,11]
90,[1,12]
91,[1,11]
92,[1,10]
93,[1,9]
94,[1,8]
95,[1,7]
96,[2,7]
97,[3,7]
98,[4,7]
99,[5,7]
100,[5,6]
101,[5,5]
102,[5,4]
103,[5,3]
104,[5,2]
105,[6,2]
106,[7,2]
