//Quantitative values
71	//Makespan
72	//Mission completion time hauler 1
1	//Application execution time (in millisecond)
//Path to the final points
0,[3,12]
1,[2,12]
2,[1,12]
3,[1,11]
4,[1,10]
5,[1,9]
6,[1,10]
7,[1,11]
8,[1,12]
9,[2,12]
10,[3,12]
11,[4,12]
12,[3,12]
13,[2,12]
14,[1,12]
15,[1,11]
16,[1,10]
17,[1,9]
18,[2,9]
19,[3,9]
20,[3,8]
21,[3,7]
22,[3,6]
23,[3,5]
24,[3,6]
25,[3,7]
26,[3,8]
27,[3,9]
28,[3,8]
29,[3,7]
30,[3,6]
31,[3,5]
32,[3,6]
33,[3,7]
34,[3,8]
35,[3,9]
36,[2,9]
37,[1,9]
38,[1,10]
39,[1,11]
40,[1,12]
41,[2,12]
42,[3,12]
43,[4,12]
44,[3,12]
45,[2,12]
46,[1,12]
47,[1,11]
48,[1,10]
49,[1,9]
50,[2,9]
51,[3,9]
52,[2,9]
53,[1,9]
54,[1,10]
55,[1,11]
56,[1,12]
57,[2,12]
58,[3,12]
59,[4,12]
60,[3,12]
61,[2,12]
62,[1,12]
63,[1,11]
64,[1,10]
65,[1,9]
66,[1,8]
67,[1,7]
68,[1,6]
69,[1,5]
70,[2,5]
71,[3,5]
