//Quantitative values
94	//Makespan
94	//Mission completion time hauler 1
2	//Application execution time (in millisecond)
//Path to the final points
0,[6,5]
1,[6,4]
2,[7,4]
3,[8,4]
4,[8,3]
5,[9,3]
6,[10,3]
7,[11,3]
8,[10,3]
9,[10,4]
10,[10,5]
11,[10,6]
12,[9,6]
13,[8,6]
14,[7,6]
15,[6,6]
16,[6,7]
17,[5,7]
18,[5,8]
19,[4,8]
20,[3,8]
21,[2,8]
22,[1,8]
23,[1,9]
24,[1,10]
25,[1,11]
26,[1,10]
27,[1,9]
28,[1,8]
29,[2,8]
30,[3,8]
31,[4,8]
32,[5,8]
33,[5,7]
34,[6,7]
35,[6,6]
36,[7,6]
37,[8,6]
38,[9,6]
39,[10,6]
40,[10,7]
41,[10,8]
42,[10,9]
43,[10,8]
44,[9,8]
45,[8,8]
46,[7,8]
47,[7,7]
48,[7,6]
49,[7,5]
50,[7,4]
51,[6,4]
52,[5,4]
53,[4,4]
54,[3,4]
55,[2,4]
56,[2,5]
57,[2,6]
58,[2,7]
59,[1,7]
60,[1,8]
61,[1,9]
62,[1,10]
63,[1,11]
64,[1,10]
65,[1,9]
66,[1,8]
67,[2,8]
68,[3,8]
69,[4,8]
70,[5,8]
71,[5,7]
72,[6,7]
73,[6,6]
74,[7,6]
75,[8,6]
76,[9,6]
77,[10,6]
78,[10,7]
79,[10,8]
80,[10,9]
81,[10,8]
82,[10,7]
83,[10,6]
84,[10,5]
85,[10,4]
86,[10,3]
87,[11,3]
88,[10,3]
89,[10,4]
90,[10,5]
91,[10,6]
92,[10,7]
93,[10,8]
94,[10,9]
