//Quantitative values
51	//Makespan
51	//Mission completion time hauler 1
1	//Application execution time (in millisecond)
//Path to the final points
0,[11,4]
1,[10,4]
2,[9,4]
3,[8,4]
4,[7,4]
5,[6,4]
6,[6,5]
7,[5,5]
8,[4,5]
9,[3,5]
10,[2,5]
11,[2,6]
12,[2,7]
13,[2,8]
14,[2,7]
15,[2,6]
16,[2,5]
17,[3,5]
18,[4,5]
19,[5,5]
20,[6,5]
21,[6,4]
22,[6,3]
23,[7,3]
24,[8,3]
25,[9,3]
26,[10,3]
27,[11,3]
28,[10,3]
29,[9,3]
30,[8,3]
31,[7,3]
32,[6,3]
33,[6,2]
34,[5,2]
35,[4,2]
36,[4,3]
37,[3,3]
38,[2,3]
39,[1,3]
40,[2,3]
41,[3,3]
42,[4,3]
43,[4,2]
44,[5,2]
45,[6,2]
46,[6,3]
47,[7,3]
48,[8,3]
49,[9,3]
50,[10,3]
51,[11,3]
