//Quantitative values
100	//Makespan
100	//Mission completion time hauler 1
66	//Mission completion time hauler 2
3	//Application execution time (in millisecond)
//Path to the final points
0,[12 ,2],[6,8]
1,[12 ,3],[5,8]
2,[12 ,4],[5,7]
3,[11 ,4],[5,6]
4,[10 ,4],[5,5]
5,[9 ,4],[5,4]
6,[9 ,3],[5,3]
7,[8 ,3],[5,2]
8,[7 ,3],[5,1]
9,[6 ,3],[4,1]
10,[5 ,3],[4,2]
11,[5 ,4],[3,2]
12,[5 ,5],[3,3]
13,[5 ,6],[3,4]
14,[5 ,7],[3,5]
15,[5 ,8],[3,6]
16,[5 ,9],[3,7]
17,[5 ,10],[3,8]
18,[6 ,10],[3,9]
19,[7 ,10],[3,10]
20,[8 ,10],[4,10]
21,[9 ,10],[5,10]
22,[10 ,10],[6,10]
23,[11 ,10],[7,10]
24,[12 ,10],[8,10]
25,[11 ,10],[9,10]
26,[10 ,10],[10,10]
27,[9 ,10],[11,10]
28,[8 ,10],[12,10]
29,[7 ,10],[11,10]
30,[6 ,10],[10,10]
31,[5 ,10],[9,10]
32,[4 ,10],[8,10]
33,[3 ,10],[7,10]
34,[3 ,9],[6,10]
35,[3 ,8],[5,10]
36,[3 ,7],[4,10]
37,[3 ,6],[3,10]
38,[3 ,5],[3,9]
39,[3 ,4],[3,8]
40,[3 ,3],[3,7]
41,[3 ,2],[3,6]
42,[3 ,3],[3,5]
43,[3 ,4],[3,4]
44,[3 ,5],[3,3]
45,[3 ,6],[3,2]
46,[3 ,7],[4,2]
47,[3 ,8],[4,1]
48,[3 ,9],[5,1]
49,[3 ,10],[4,1]
50,[4 ,10],[4,2]
51,[5 ,10],[3,2]
52,[6 ,10],[4,2]
53,[7 ,10],[4,1]
54,[8 ,10],[5,1]
55,[9 ,10],[4,1]
56,[10 ,10],[4,2]
57,[11 ,10],[3,2]
58,[12 ,10],[3,3]
59,[11 ,10],[3,2]
60,[10 ,10],[4,2]
61,[9 ,10],[4,1]
62,[8 ,10],[5,1]
63,[7 ,10],[4,1]
64,[6 ,10],[4,2]
65,[5 ,10],[3,2]
66,[4 ,10],[3,3]
67,[3 ,10],[3,3]
68,[3 ,9],[3,3]
69,[3 ,8],[3,3]
70,[3 ,7],[3,3]
71,[3 ,6],[3,3]
72,[3 ,5],[3,3]
73,[3 ,4],[3,3]
74,[3 ,3],[3,3]
75,[3 ,2],[3,3]
76,[4 ,2],[3,3]
77,[4 ,1],[3,3]
78,[5 ,1],[3,3]
79,[5 ,2],[3,3]
80,[5 ,3],[3,3]
81,[5 ,4],[3,3]
82,[5 ,3],[3,3]
83,[5 ,2],[3,3]
84,[5 ,1],[3,3]
85,[5 ,2],[3,3]
86,[5 ,3],[3,3]
87,[5 ,4],[3,3]
88,[5 ,5],[3,3]
89,[5 ,6],[3,3]
90,[5 ,7],[3,3]
91,[5 ,8],[3,3]
92,[5 ,9],[3,3]
93,[5 ,10],[3,3]
94,[6 ,10],[3,3]
95,[7 ,10],[3,3]
96,[8 ,10],[3,3]
97,[9 ,10],[3,3]
98,[10 ,10],[3,3]
99,[11 ,10],[3,3]
100,[12 ,10],[3,3]
