//Quantitative values
80	//Makespan
37	//Mission completion time hauler 1
80	//Mission completion time hauler 2
3	//Application execution time (in millisecond)
//Path to the final points
0,[4 ,6],[5,9]
1,[3 ,6],[4,9]
2,[3 ,7],[4,8]
3,[3 ,8],[4,7]
4,[3 ,9],[4,6]
5,[3 ,10],[4,5]
6,[3 ,9],[4,4]
7,[4 ,9],[5,4]
8,[3 ,9],[4,4]
9,[3 ,10],[3,4]
10,[4 ,10],[2,4]
11,[5 ,10],[1,4]
12,[6 ,10],[1,5]
13,[7 ,10],[1,6]
14,[8 ,10],[1,7]
15,[9 ,10],[1,8]
16,[10 ,10],[1,7]
17,[11 ,10],[1,6]
18,[12 ,10],[1,5]
19,[11 ,10],[1,4]
20,[10 ,10],[2,4]
21,[9 ,10],[3,4]
22,[8 ,10],[4,4]
23,[7 ,10],[5,4]
24,[6 ,10],[4,4]
25,[5 ,10],[4,5]
26,[4 ,10],[4,6]
27,[3 ,10],[4,7]
28,[3 ,9],[4,8]
29,[4 ,9],[4,9]
30,[3 ,9],[4,8]
31,[3 ,10],[4,7]
32,[3 ,9],[4,6]
33,[4 ,9],[4,5]
34,[3 ,9],[4,4]
35,[3 ,10],[5,4]
36,[3 ,9],[5,5]
37,[4 ,9],[5,6]
38,[4 ,9],[5,7]
39,[4 ,9],[5,8]
40,[4 ,9],[5,9]
41,[4 ,9],[5,10]
42,[4 ,9],[6,10]
43,[4 ,9],[7,10]
44,[4 ,9],[8,10]
45,[4 ,9],[9,10]
46,[4 ,9],[10,10]
47,[4 ,9],[11,10]
48,[4 ,9],[12,10]
49,[4 ,9],[11,10]
50,[4 ,9],[10,10]
51,[4 ,9],[9,10]
52,[4 ,9],[8,10]
53,[4 ,9],[7,10]
54,[4 ,9],[6,10]
55,[4 ,9],[5,10]
56,[4 ,9],[4,10]
57,[4 ,9],[3,10]
58,[4 ,9],[4,10]
59,[4 ,9],[5,10]
60,[4 ,9],[6,10]
61,[4 ,9],[7,10]
62,[4 ,9],[8,10]
63,[4 ,9],[9,10]
64,[4 ,9],[10,10]
65,[4 ,9],[11,10]
66,[4 ,9],[12,10]
67,[4 ,9],[11,10]
68,[4 ,9],[10,10]
69,[4 ,9],[9,10]
70,[4 ,9],[8,10]
71,[4 ,9],[7,10]
72,[4 ,9],[6,10]
73,[4 ,9],[5,10]
74,[4 ,9],[5,9]
75,[4 ,9],[5,8]
76,[4 ,9],[5,7]
77,[4 ,9],[5,6]
78,[4 ,9],[5,5]
79,[4 ,9],[5,4]
80,[4 ,9],[5,4]
