//Quantitative values
70	//Makespan
71	//Mission completion time hauler 1
63	//Mission completion time hauler 2
1	//Application execution time (in millisecond)
//Path to the final points
0,[12 ,7],[4,5]
1,[11 ,7],[3,5]
2,[11 ,8],[3,6]
3,[10 ,8],[3,7]
4,[10 ,7],[3,8]
5,[9 ,7],[2,8]
6,[8 ,7],[1,8]
7,[7 ,7],[1,7]
8,[6 ,7],[2,7]
9,[5 ,7],[3,7]
10,[5 ,6],[4,7]
11,[5 ,5],[5,7]
12,[5 ,4],[6,7]
13,[5 ,5],[7,7]
14,[5 ,6],[8,7]
15,[5 ,7],[9,7]
16,[6 ,7],[10,7]
17,[7 ,7],[10,8]
18,[8 ,7],[11,8]
19,[9 ,7],[10,8]
20,[10 ,7],[10,7]
21,[10 ,8],[9,7]
22,[11 ,8],[8,7]
23,[10 ,8],[7,7]
24,[10 ,7],[6,7]
25,[9 ,7],[5,7]
26,[8 ,7],[4,7]
27,[7 ,7],[3,7]
28,[6 ,7],[2,7]
29,[5 ,7],[1,7]
30,[5 ,6],[2,7]
31,[5 ,5],[3,7]
32,[5 ,4],[4,7]
33,[5 ,5],[5,7]
34,[5 ,6],[6,7]
35,[5 ,7],[7,7]
36,[6 ,7],[8,7]
37,[7 ,7],[9,7]
38,[8 ,7],[10,7]
39,[9 ,7],[10,8]
40,[10 ,7],[11,8]
41,[10 ,8],[11,7]
42,[11 ,8],[10,7]
43,[10 ,8],[9,7]
44,[10 ,7],[8,7]
45,[9 ,7],[7,7]
46,[8 ,7],[6,7]
47,[7 ,7],[5,7]
48,[6 ,7],[4,7]
49,[5 ,7],[3,7]
50,[5 ,6],[3,8]
51,[5 ,5],[2,8]
52,[5 ,4],[1,8]
53,[4 ,4],[1,7]
54,[3 ,4],[1,8]
55,[3 ,5],[2,8]
56,[3 ,6],[3,8]
57,[3 ,7],[3,7]
58,[3 ,8],[3,6]
59,[2 ,8],[3,5]
60,[1 ,8],[3,4]
61,[1 ,7],[4,4]
62,[1 ,8],[5,4]
63,[2 ,8],[5,4]
64,[3 ,8],[5,4]
65,[3 ,7],[5,4]
66,[3 ,6],[5,4]
67,[3 ,5],[5,4]
68,[3 ,4],[5,4]
69,[4 ,4],[5,4]
70,[5 ,4],[5,4]
