//Quantitative values
64	//Makespan
64	//Mission completion time hauler 1
1	//Application execution time (in millisecond)
//Path to the final points
0,[6,12]
1,[7,12]
2,[8,12]
3,[9,12]
4,[9,11]
5,[9,10]
6,[8,10]
7,[8,9]
8,[8,8]
9,[8,7]
10,[8,6]
11,[8,5]
12,[7,5]
13,[7,4]
14,[6,4]
15,[5,4]
16,[5,5]
17,[5,6]
18,[5,7]
19,[4,7]
20,[3,7]
21,[3,6]
22,[3,5]
23,[3,4]
24,[3,3]
25,[3,4]
26,[3,5]
27,[3,6]
28,[3,7]
29,[4,7]
30,[5,7]
31,[5,6]
32,[5,5]
33,[5,4]
34,[6,4]
35,[7,4]
36,[7,5]
37,[8,5]
38,[8,4]
39,[8,3]
40,[8,2]
41,[9,2]
42,[10,2]
43,[11,2]
44,[12,2]
45,[11,2]
46,[10,2]
47,[9,2]
48,[8,2]
49,[8,3]
50,[8,4]
51,[8,5]
52,[7,5]
53,[7,4]
54,[6,4]
55,[5,4]
56,[5,5]
57,[5,6]
58,[5,7]
59,[4,7]
60,[3,7]
61,[3,6]
62,[3,5]
63,[3,4]
64,[3,3]
