//Quantitative values
45	//Makespan
45	//Mission completion time hauler 1
1	//Application execution time (in millisecond)
//Path to the final points
0,[11,10]
1,[11,9]
2,[12,9]
3,[12,8]
4,[12,7]
5,[11,7]
6,[10,7]
7,[11,7]
8,[12,7]
9,[12,8]
10,[12,9]
11,[11,9]
12,[10,9]
13,[9,9]
14,[9,10]
15,[9,11]
16,[9,12]
17,[8,12]
18,[9,12]
19,[9,11]
20,[9,10]
21,[9,9]
22,[10,9]
23,[11,9]
24,[12,9]
25,[12,8]
26,[12,7]
27,[12,6]
28,[12,5]
29,[12,4]
30,[12,3]
31,[12,4]
32,[12,5]
33,[12,6]
34,[12,7]
35,[12,8]
36,[12,9]
37,[11,9]
38,[10,9]
39,[9,9]
40,[9,10]
41,[9,11]
42,[9,12]
43,[8,12]
44,[7,12]
45,[6,12]
