//Quantitative values
397	//Makespan
398	//Mission completion time hauler 1
1	//Application execution time (in millisecond)
//Path to the final points
0,[5,9]
1,[5,8]
2,[5,7]
3,[5,6]
4,[5,5]
5,[5,4]
6,[5,3]
7,[5,2]
8,[5,1]
9,[4,1]
10,[5,1]
11,[5,2]
12,[5,3]
13,[6,3]
14,[5,3]
15,[5,2]
16,[5,1]
17,[4,1]
18,[4,1]
19,[4,1]
20,[4,1]
21,[4,1]
22,[4,1]
23,[5,1]
24,[5,2]
25,[5,3]
26,[5,4]
27,[6,4]
28,[7,4]
29,[7,5]
30,[7,6]
31,[7,7]
32,[7,8]
33,[7,9]
34,[7,10]
35,[8,10]
36,[9,10]
37,[8,10]
38,[7,10]
39,[7,9]
40,[7,8]
41,[7,7]
42,[7,6]
43,[7,5]
44,[7,4]
45,[6,4]
46,[5,4]
47,[5,3]
48,[5,2]
49,[5,1]
50,[4,1]
51,[4,1]
52,[4,1]
53,[4,1]
54,[4,1]
55,[4,1]
56,[5,1]
57,[5,2]
58,[5,3]
59,[6,3]
60,[5,3]
61,[5,2]
62,[5,1]
63,[4,1]
64,[5,1]
65,[5,2]
66,[5,3]
67,[5,4]
68,[6,4]
69,[7,4]
70,[7,5]
71,[7,6]
72,[7,7]
73,[7,8]
74,[7,9]
75,[7,10]
76,[8,10]
77,[9,10]
78,[8,10]
79,[7,10]
80,[7,9]
81,[7,8]
82,[7,7]
83,[7,6]
84,[7,5]
85,[7,4]
86,[6,4]
87,[5,4]
88,[5,3]
89,[5,2]
90,[5,1]
91,[4,1]
92,[4,1]
93,[4,1]
94,[4,1]
95,[4,1]
96,[4,1]
97,[5,1]
98,[5,2]
99,[5,3]
100,[5,2]
101,[5,1]
102,[4,1]
103,[5,1]
104,[5,2]
105,[5,3]
106,[5,4]
107,[6,4]
108,[7,4]
109,[7,5]
110,[7,6]
111,[7,7]
112,[7,8]
113,[7,9]
114,[7,10]
115,[8,10]
116,[9,10]
117,[8,10]
118,[7,10]
119,[7,9]
120,[7,8]
121,[7,7]
122,[7,6]
123,[7,5]
124,[7,4]
125,[6,4]
126,[5,4]
127,[5,3]
128,[5,2]
129,[5,1]
130,[4,1]
131,[4,1]
132,[4,1]
133,[4,1]
134,[4,1]
135,[4,1]
136,[5,1]
137,[5,2]
138,[5,3]
139,[5,4]
140,[6,4]
141,[7,4]
142,[7,5]
143,[7,6]
144,[7,7]
145,[7,8]
146,[7,9]
147,[7,10]
148,[8,10]
149,[9,10]
150,[9,11]
151,[10,11]
152,[11,11]
153,[12,11]
154,[11,11]
155,[10,11]
156,[9,11]
157,[9,10]
158,[8,10]
159,[7,10]
160,[7,9]
161,[7,8]
162,[7,7]
163,[7,6]
164,[7,5]
165,[7,4]
166,[6,4]
167,[5,4]
168,[5,3]
169,[5,2]
170,[5,1]
171,[4,1]
172,[4,1]
173,[4,1]
174,[4,1]
175,[4,1]
176,[4,1]
177,[5,1]
178,[5,2]
179,[5,3]
180,[5,4]
181,[6,4]
182,[7,4]
183,[7,5]
184,[7,6]
185,[7,7]
186,[7,8]
187,[7,9]
188,[7,10]
189,[8,10]
190,[9,10]
191,[8,10]
192,[7,10]
193,[7,9]
194,[7,8]
195,[7,7]
196,[7,6]
197,[7,5]
198,[7,4]
199,[6,4]
200,[5,4]
201,[5,3]
202,[5,2]
203,[5,1]
204,[4,1]
205,[4,1]
206,[4,1]
207,[4,1]
208,[4,1]
209,[4,1]
210,[5,1]
211,[5,2]
212,[5,3]
213,[6,3]
214,[5,3]
215,[5,2]
216,[5,1]
217,[4,1]
218,[5,1]
219,[5,2]
220,[5,3]
221,[5,4]
222,[6,4]
223,[7,4]
224,[7,5]
225,[7,6]
226,[7,7]
227,[7,8]
228,[7,9]
229,[7,10]
230,[8,10]
231,[9,10]
232,[8,10]
233,[7,10]
234,[7,9]
235,[7,8]
236,[7,7]
237,[7,6]
238,[7,5]
239,[7,4]
240,[6,4]
241,[5,4]
242,[5,3]
243,[5,2]
244,[5,1]
245,[4,1]
246,[4,1]
247,[4,1]
248,[4,1]
249,[4,1]
250,[4,1]
251,[5,1]
252,[5,2]
253,[5,3]
254,[6,3]
255,[5,3]
256,[5,2]
257,[5,1]
258,[4,1]
259,[3,1]
260,[2,1]
261,[1,1]
262,[1,2]
263,[1,3]
264,[1,4]
265,[1,5]
266,[1,6]
267,[1,7]
268,[1,8]
269,[1,9]
270,[1,10]
271,[1,11]
272,[1,12]
273,[2,12]
274,[3,12]
275,[2,12]
276,[1,12]
277,[1,11]
278,[1,10]
279,[1,9]
280,[1,8]
281,[1,7]
282,[1,6]
283,[1,5]
284,[1,4]
285,[1,3]
286,[1,2]
287,[1,1]
288,[2,1]
289,[3,1]
290,[4,1]
291,[4,1]
292,[4,1]
293,[4,1]
294,[4,1]
295,[4,1]
296,[5,1]
297,[5,2]
298,[5,3]
299,[6,3]
300,[5,3]
301,[5,2]
302,[5,1]
303,[4,1]
304,[3,1]
305,[2,1]
306,[1,1]
307,[1,2]
308,[1,3]
309,[1,4]
310,[1,5]
311,[1,6]
312,[1,7]
313,[1,8]
314,[1,9]
315,[1,10]
316,[1,11]
317,[1,12]
318,[2,12]
319,[3,12]
320,[2,12]
321,[1,12]
322,[1,11]
323,[1,10]
324,[1,9]
325,[1,8]
326,[1,7]
327,[1,6]
328,[1,5]
329,[1,4]
330,[1,3]
331,[1,2]
332,[1,1]
333,[2,1]
334,[3,1]
335,[4,1]
336,[4,1]
337,[4,1]
338,[4,1]
339,[4,1]
340,[4,1]
341,[5,1]
342,[5,2]
343,[5,3]
344,[5,4]
345,[6,4]
346,[7,4]
347,[7,5]
348,[7,6]
349,[7,7]
350,[7,8]
351,[7,9]
352,[7,10]
353,[8,10]
354,[9,10]
355,[9,11]
356,[10,11]
357,[11,11]
358,[12,11]
359,[11,11]
360,[10,11]
361,[9,11]
362,[9,10]
363,[8,10]
364,[7,10]
365,[7,9]
366,[7,8]
367,[7,7]
368,[7,6]
369,[7,5]
370,[7,4]
371,[6,4]
372,[5,4]
373,[5,3]
374,[5,2]
375,[5,1]
376,[4,1]
377,[4,1]
378,[4,1]
379,[4,1]
380,[4,1]
381,[4,1]
382,[3,1]
383,[2,1]
384,[1,1]
385,[1,2]
386,[1,3]
387,[1,4]
388,[1,5]
389,[1,6]
390,[1,7]
391,[1,8]
392,[1,9]
393,[1,10]
394,[1,11]
395,[1,12]
396,[2,12]
397,[3,12]
