//Quantitative values
425	//Makespan
426	//Mission completion time hauler 1
1	//Application execution time (in millisecond)
//Path to the final points
0,[2,8]
1,[2,9]
2,[2,10]
3,[2,11]
4,[2,12]
5,[3,12]
6,[4,12]
7,[5,12]
8,[6,12]
9,[7,12]
10,[8,12]
11,[9,12]
12,[9,11]
13,[10,11]
14,[10,10]
15,[10,9]
16,[11,9]
17,[12,9]
18,[12,9]
19,[12,9]
20,[12,9]
21,[12,9]
22,[12,9]
23,[12,8]
24,[12,7]
25,[12,6]
26,[12,7]
27,[12,8]
28,[12,9]
29,[12,8]
30,[12,7]
31,[11,7]
32,[11,6]
33,[11,5]
34,[11,4]
35,[11,5]
36,[11,6]
37,[11,7]
38,[12,7]
39,[12,8]
40,[12,9]
41,[12,9]
42,[12,9]
43,[12,9]
44,[12,9]
45,[12,9]
46,[11,9]
47,[10,9]
48,[9,9]
49,[8,9]
50,[7,9]
51,[7,8]
52,[7,7]
53,[7,6]
54,[7,5]
55,[7,4]
56,[6,4]
57,[6,3]
58,[5,3]
59,[5,2]
60,[5,1]
61,[4,1]
62,[5,1]
63,[5,2]
64,[5,3]
65,[6,3]
66,[6,4]
67,[7,4]
68,[7,5]
69,[7,6]
70,[7,7]
71,[7,8]
72,[7,9]
73,[8,9]
74,[9,9]
75,[10,9]
76,[11,9]
77,[12,9]
78,[12,9]
79,[12,9]
80,[12,9]
81,[12,9]
82,[12,9]
83,[11,9]
84,[10,9]
85,[9,9]
86,[8,9]
87,[7,9]
88,[7,8]
89,[7,7]
90,[7,6]
91,[7,5]
92,[7,4]
93,[6,4]
94,[6,3]
95,[5,3]
96,[5,2]
97,[5,1]
98,[4,1]
99,[3,1]
100,[2,1]
101,[1,1]
102,[1,2]
103,[1,3]
104,[2,3]
105,[3,3]
106,[2,3]
107,[1,3]
108,[1,2]
109,[1,1]
110,[2,1]
111,[3,1]
112,[4,1]
113,[5,1]
114,[5,2]
115,[5,3]
116,[6,3]
117,[6,4]
118,[7,4]
119,[7,5]
120,[7,6]
121,[7,7]
122,[7,8]
123,[7,9]
124,[8,9]
125,[9,9]
126,[10,9]
127,[11,9]
128,[12,9]
129,[12,9]
130,[12,9]
131,[12,9]
132,[12,9]
133,[12,9]
134,[12,8]
135,[12,7]
136,[12,6]
137,[12,7]
138,[12,8]
139,[12,9]
140,[11,9]
141,[10,9]
142,[10,10]
143,[10,11]
144,[9,11]
145,[9,12]
146,[8,12]
147,[7,12]
148,[6,12]
149,[7,12]
150,[8,12]
151,[9,12]
152,[9,11]
153,[10,11]
154,[10,10]
155,[10,9]
156,[11,9]
157,[12,9]
158,[12,9]
159,[12,9]
160,[12,9]
161,[12,9]
162,[12,9]
163,[11,9]
164,[10,9]
165,[9,9]
166,[8,9]
167,[7,9]
168,[7,8]
169,[7,7]
170,[7,6]
171,[7,5]
172,[7,4]
173,[6,4]
174,[6,3]
175,[5,3]
176,[5,2]
177,[5,1]
178,[4,1]
179,[5,1]
180,[5,2]
181,[5,3]
182,[6,3]
183,[6,4]
184,[7,4]
185,[7,5]
186,[7,6]
187,[7,7]
188,[7,8]
189,[7,9]
190,[8,9]
191,[9,9]
192,[10,9]
193,[11,9]
194,[12,9]
195,[12,9]
196,[12,9]
197,[12,9]
198,[12,9]
199,[12,9]
200,[11,9]
201,[10,9]
202,[9,9]
203,[8,9]
204,[7,9]
205,[7,8]
206,[7,7]
207,[7,6]
208,[7,5]
209,[7,4]
210,[6,4]
211,[6,3]
212,[5,3]
213,[5,2]
214,[5,1]
215,[4,1]
216,[3,1]
217,[2,1]
218,[1,1]
219,[1,2]
220,[1,3]
221,[2,3]
222,[3,3]
223,[2,3]
224,[1,3]
225,[1,2]
226,[1,1]
227,[2,1]
228,[3,1]
229,[4,1]
230,[5,1]
231,[5,2]
232,[5,3]
233,[6,3]
234,[6,4]
235,[7,4]
236,[7,5]
237,[7,6]
238,[7,7]
239,[7,8]
240,[7,9]
241,[8,9]
242,[9,9]
243,[10,9]
244,[11,9]
245,[12,9]
246,[12,9]
247,[12,9]
248,[12,9]
249,[12,9]
250,[12,9]
251,[12,8]
252,[12,7]
253,[12,6]
254,[12,7]
255,[12,8]
256,[12,9]
257,[11,9]
258,[10,9]
259,[9,9]
260,[8,9]
261,[7,9]
262,[7,8]
263,[7,7]
264,[7,6]
265,[7,5]
266,[7,4]
267,[6,4]
268,[6,3]
269,[5,3]
270,[5,2]
271,[5,1]
272,[4,1]
273,[3,1]
274,[2,1]
275,[1,1]
276,[1,2]
277,[1,3]
278,[2,3]
279,[3,3]
280,[2,3]
281,[1,3]
282,[1,2]
283,[1,1]
284,[2,1]
285,[3,1]
286,[4,1]
287,[5,1]
288,[5,2]
289,[5,3]
290,[6,3]
291,[6,4]
292,[7,4]
293,[7,5]
294,[7,6]
295,[7,7]
296,[7,8]
297,[7,9]
298,[8,9]
299,[9,9]
300,[10,9]
301,[11,9]
302,[12,9]
303,[12,9]
304,[12,9]
305,[12,9]
306,[12,9]
307,[12,9]
308,[12,8]
309,[12,7]
310,[12,6]
311,[12,7]
312,[12,8]
313,[12,9]
314,[11,9]
315,[10,9]
316,[10,10]
317,[10,11]
318,[9,11]
319,[9,12]
320,[8,12]
321,[7,12]
322,[6,12]
323,[7,12]
324,[8,12]
325,[9,12]
326,[9,11]
327,[10,11]
328,[10,10]
329,[10,9]
330,[11,9]
331,[12,9]
332,[12,9]
333,[12,9]
334,[12,9]
335,[12,9]
336,[12,9]
337,[11,9]
338,[10,9]
339,[9,9]
340,[8,9]
341,[7,9]
342,[7,8]
343,[7,7]
344,[7,6]
345,[7,5]
346,[7,4]
347,[6,4]
348,[6,3]
349,[5,3]
350,[5,2]
351,[5,1]
352,[4,1]
353,[5,1]
354,[5,2]
355,[5,3]
356,[6,3]
357,[6,4]
358,[7,4]
359,[7,5]
360,[7,6]
361,[7,7]
362,[7,8]
363,[7,9]
364,[8,9]
365,[9,9]
366,[10,9]
367,[11,9]
368,[12,9]
369,[12,9]
370,[12,9]
371,[12,9]
372,[12,9]
373,[12,9]
374,[11,9]
375,[10,9]
376,[10,10]
377,[10,11]
378,[9,11]
379,[9,12]
380,[8,12]
381,[7,12]
382,[6,12]
383,[7,12]
384,[8,12]
385,[9,12]
386,[9,11]
387,[10,11]
388,[10,10]
389,[10,9]
390,[11,9]
391,[12,9]
392,[12,9]
393,[12,9]
394,[12,9]
395,[12,9]
396,[12,9]
397,[12,8]
398,[12,7]
399,[12,6]
400,[12,7]
401,[12,8]
402,[12,9]
403,[11,9]
404,[10,9]
405,[9,9]
406,[8,9]
407,[7,9]
408,[7,8]
409,[7,7]
410,[7,6]
411,[7,5]
412,[7,4]
413,[6,4]
414,[6,3]
415,[5,3]
416,[5,2]
417,[5,1]
418,[4,1]
419,[3,1]
420,[2,1]
421,[1,1]
422,[1,2]
423,[1,3]
424,[2,3]
425,[3,3]
