//Quantitative values
509	//Makespan
510	//Mission completion time hauler 1
2	//Application execution time (in millisecond)
//Path to the final points
0,[1,5]
1,[1,4]
2,[1,3]
3,[1,2]
4,[1,1]
5,[2,1]
6,[3,1]
7,[4,1]
8,[5,1]
9,[5,2]
10,[6,2]
11,[7,2]
12,[8,2]
13,[9,2]
14,[10,2]
15,[11,2]
16,[12,2]
17,[12,3]
18,[12,4]
19,[11,4]
20,[11,5]
21,[11,6]
22,[11,6]
23,[11,6]
24,[11,6]
25,[11,6]
26,[11,6]
27,[11,5]
28,[11,4]
29,[12,4]
30,[12,3]
31,[12,2]
32,[11,2]
33,[10,2]
34,[9,2]
35,[8,2]
36,[7,2]
37,[6,2]
38,[5,2]
39,[5,1]
40,[4,1]
41,[3,1]
42,[2,1]
43,[1,1]
44,[1,2]
45,[1,3]
46,[1,4]
47,[1,3]
48,[1,2]
49,[1,1]
50,[2,1]
51,[3,1]
52,[4,1]
53,[5,1]
54,[5,2]
55,[6,2]
56,[7,2]
57,[8,2]
58,[9,2]
59,[10,2]
60,[11,2]
61,[12,2]
62,[12,3]
63,[12,4]
64,[11,4]
65,[11,5]
66,[11,6]
67,[11,6]
68,[11,6]
69,[11,6]
70,[11,6]
71,[11,6]
72,[11,7]
73,[12,7]
74,[12,8]
75,[12,9]
76,[11,9]
77,[10,9]
78,[9,9]
79,[9,10]
80,[9,11]
81,[9,12]
82,[8,12]
83,[7,12]
84,[6,12]
85,[5,12]
86,[4,12]
87,[3,12]
88,[2,12]
89,[3,12]
90,[4,12]
91,[5,12]
92,[6,12]
93,[7,12]
94,[8,12]
95,[9,12]
96,[9,11]
97,[9,10]
98,[9,9]
99,[10,9]
100,[11,9]
101,[12,9]
102,[12,8]
103,[12,7]
104,[11,7]
105,[11,6]
106,[11,6]
107,[11,6]
108,[11,6]
109,[11,6]
110,[11,6]
111,[11,5]
112,[11,4]
113,[12,4]
114,[12,3]
115,[12,2]
116,[11,2]
117,[10,2]
118,[9,2]
119,[8,2]
120,[7,2]
121,[6,2]
122,[5,2]
123,[5,1]
124,[4,1]
125,[3,1]
126,[2,1]
127,[3,1]
128,[4,1]
129,[5,1]
130,[5,2]
131,[6,2]
132,[7,2]
133,[8,2]
134,[9,2]
135,[10,2]
136,[11,2]
137,[12,2]
138,[12,3]
139,[12,4]
140,[11,4]
141,[11,5]
142,[11,6]
143,[11,6]
144,[11,6]
145,[11,6]
146,[11,6]
147,[11,6]
148,[11,5]
149,[11,4]
150,[12,4]
151,[12,3]
152,[12,2]
153,[11,2]
154,[10,2]
155,[11,2]
156,[12,2]
157,[12,3]
158,[12,4]
159,[11,4]
160,[11,5]
161,[11,6]
162,[11,5]
163,[11,4]
164,[12,4]
165,[12,3]
166,[12,2]
167,[11,2]
168,[10,2]
169,[9,2]
170,[8,2]
171,[7,2]
172,[6,2]
173,[5,2]
174,[5,1]
175,[4,1]
176,[3,1]
177,[2,1]
178,[3,1]
179,[4,1]
180,[5,1]
181,[5,2]
182,[6,2]
183,[7,2]
184,[8,2]
185,[9,2]
186,[10,2]
187,[11,2]
188,[12,2]
189,[12,3]
190,[12,4]
191,[11,4]
192,[11,5]
193,[11,6]
194,[11,6]
195,[11,6]
196,[11,6]
197,[11,6]
198,[11,6]
199,[11,7]
200,[12,7]
201,[12,8]
202,[12,9]
203,[11,9]
204,[10,9]
205,[9,9]
206,[9,10]
207,[9,11]
208,[9,12]
209,[8,12]
210,[7,12]
211,[6,12]
212,[5,12]
213,[4,12]
214,[3,12]
215,[2,12]
216,[3,12]
217,[4,12]
218,[5,12]
219,[6,12]
220,[7,12]
221,[8,12]
222,[9,12]
223,[9,11]
224,[9,10]
225,[9,9]
226,[10,9]
227,[11,9]
228,[12,9]
229,[12,8]
230,[12,7]
231,[11,7]
232,[11,6]
233,[11,6]
234,[11,6]
235,[11,6]
236,[11,6]
237,[11,6]
238,[11,5]
239,[11,4]
240,[12,4]
241,[12,3]
242,[12,2]
243,[11,2]
244,[10,2]
245,[9,2]
246,[8,2]
247,[7,2]
248,[6,2]
249,[5,2]
250,[5,1]
251,[4,1]
252,[3,1]
253,[2,1]
254,[3,1]
255,[4,1]
256,[5,1]
257,[5,2]
258,[6,2]
259,[7,2]
260,[8,2]
261,[9,2]
262,[10,2]
263,[11,2]
264,[12,2]
265,[12,3]
266,[12,4]
267,[11,4]
268,[11,5]
269,[11,6]
270,[11,6]
271,[11,6]
272,[11,6]
273,[11,6]
274,[11,6]
275,[11,5]
276,[11,4]
277,[12,4]
278,[12,3]
279,[12,2]
280,[11,2]
281,[10,2]
282,[11,2]
283,[12,2]
284,[12,3]
285,[12,4]
286,[11,4]
287,[11,5]
288,[11,6]
289,[11,5]
290,[11,4]
291,[12,4]
292,[12,3]
293,[12,2]
294,[11,2]
295,[10,2]
296,[9,2]
297,[8,2]
298,[7,2]
299,[6,2]
300,[5,2]
301,[5,1]
302,[4,1]
303,[3,1]
304,[2,1]
305,[3,1]
306,[4,1]
307,[5,1]
308,[5,2]
309,[6,2]
310,[7,2]
311,[8,2]
312,[9,2]
313,[10,2]
314,[11,2]
315,[12,2]
316,[12,3]
317,[12,4]
318,[11,4]
319,[11,5]
320,[11,6]
321,[11,6]
322,[11,6]
323,[11,6]
324,[11,6]
325,[11,6]
326,[11,7]
327,[12,7]
328,[12,8]
329,[12,9]
330,[12,10]
331,[12,11]
332,[12,12]
333,[12,11]
334,[12,10]
335,[12,9]
336,[12,8]
337,[12,7]
338,[11,7]
339,[11,6]
340,[11,5]
341,[11,4]
342,[12,4]
343,[12,3]
344,[12,2]
345,[11,2]
346,[10,2]
347,[9,2]
348,[8,2]
349,[7,2]
350,[6,2]
351,[5,2]
352,[5,1]
353,[4,1]
354,[3,1]
355,[2,1]
356,[1,1]
357,[1,2]
358,[1,3]
359,[1,4]
360,[1,3]
361,[1,2]
362,[1,1]
363,[2,1]
364,[3,1]
365,[4,1]
366,[5,1]
367,[5,2]
368,[6,2]
369,[7,2]
370,[8,2]
371,[9,2]
372,[10,2]
373,[11,2]
374,[12,2]
375,[12,3]
376,[12,4]
377,[11,4]
378,[11,5]
379,[11,6]
380,[11,6]
381,[11,6]
382,[11,6]
383,[11,6]
384,[11,6]
385,[11,5]
386,[11,4]
387,[12,4]
388,[12,3]
389,[12,2]
390,[11,2]
391,[10,2]
392,[11,2]
393,[12,2]
394,[12,3]
395,[12,4]
396,[11,4]
397,[11,5]
398,[11,6]
399,[11,5]
400,[11,4]
401,[12,4]
402,[12,3]
403,[12,2]
404,[11,2]
405,[10,2]
406,[9,2]
407,[8,2]
408,[7,2]
409,[6,2]
410,[5,2]
411,[5,1]
412,[4,1]
413,[3,1]
414,[2,1]
415,[1,1]
416,[1,2]
417,[1,3]
418,[1,4]
419,[1,3]
420,[1,2]
421,[1,1]
422,[2,1]
423,[3,1]
424,[4,1]
425,[5,1]
426,[5,2]
427,[6,2]
428,[7,2]
429,[8,2]
430,[9,2]
431,[10,2]
432,[11,2]
433,[12,2]
434,[12,3]
435,[12,4]
436,[11,4]
437,[11,5]
438,[11,6]
439,[11,6]
440,[11,6]
441,[11,6]
442,[11,6]
443,[11,6]
444,[11,7]
445,[12,7]
446,[12,8]
447,[12,9]
448,[12,10]
449,[12,11]
450,[12,12]
451,[12,11]
452,[12,10]
453,[12,9]
454,[12,8]
455,[12,7]
456,[11,7]
457,[11,6]
458,[11,5]
459,[11,4]
460,[12,4]
461,[12,3]
462,[12,2]
463,[11,2]
464,[10,2]
465,[9,2]
466,[8,2]
467,[7,2]
468,[6,2]
469,[5,2]
470,[5,1]
471,[4,1]
472,[3,1]
473,[2,1]
474,[1,1]
475,[1,2]
476,[1,3]
477,[1,4]
478,[1,3]
479,[1,2]
480,[1,1]
481,[2,1]
482,[3,1]
483,[4,1]
484,[5,1]
485,[5,2]
486,[6,2]
487,[7,2]
488,[8,2]
489,[9,2]
490,[10,2]
491,[11,2]
492,[12,2]
493,[12,3]
494,[12,4]
495,[11,4]
496,[11,5]
497,[11,6]
498,[11,6]
499,[11,6]
500,[11,6]
501,[11,6]
502,[11,6]
503,[11,7]
504,[12,7]
505,[12,8]
506,[12,9]
507,[12,10]
508,[12,11]
509,[12,12]
