//Quantitative values
504	//Makespan
505	//Mission completion time hauler 1
2	//Application execution time (in millisecond)
//Path to the final points
0,[2,7]
1,[2,8]
2,[2,9]
3,[2,10]
4,[2,11]
5,[2,12]
6,[3,12]
7,[4,12]
8,[5,12]
9,[6,12]
10,[7,12]
11,[8,12]
12,[9,12]
13,[10,12]
14,[11,12]
15,[11,12]
16,[11,12]
17,[11,12]
18,[11,12]
19,[11,12]
20,[10,12]
21,[9,12]
22,[9,11]
23,[9,10]
24,[8,10]
25,[7,10]
26,[7,9]
27,[7,8]
28,[7,7]
29,[7,6]
30,[7,5]
31,[7,4]
32,[6,4]
33,[5,4]
34,[5,3]
35,[5,2]
36,[5,1]
37,[4,1]
38,[5,1]
39,[5,2]
40,[5,3]
41,[5,4]
42,[6,4]
43,[7,4]
44,[7,5]
45,[7,6]
46,[7,7]
47,[7,8]
48,[7,9]
49,[7,10]
50,[8,10]
51,[9,10]
52,[9,11]
53,[9,12]
54,[10,12]
55,[11,12]
56,[11,12]
57,[11,12]
58,[11,12]
59,[11,12]
60,[11,12]
61,[10,12]
62,[9,12]
63,[8,12]
64,[7,12]
65,[6,12]
66,[5,12]
67,[4,12]
68,[3,12]
69,[3,11]
70,[3,10]
71,[3,9]
72,[3,8]
73,[4,8]
74,[5,8]
75,[4,8]
76,[3,8]
77,[3,9]
78,[3,10]
79,[3,11]
80,[3,12]
81,[4,12]
82,[5,12]
83,[6,12]
84,[7,12]
85,[8,12]
86,[9,12]
87,[10,12]
88,[11,12]
89,[11,12]
90,[11,12]
91,[11,12]
92,[11,12]
93,[11,12]
94,[10,12]
95,[9,12]
96,[9,11]
97,[9,10]
98,[8,10]
99,[7,10]
100,[7,9]
101,[7,8]
102,[7,7]
103,[7,6]
104,[7,5]
105,[7,4]
106,[6,4]
107,[5,4]
108,[5,3]
109,[5,2]
110,[5,1]
111,[4,1]
112,[5,1]
113,[5,2]
114,[5,3]
115,[5,4]
116,[6,4]
117,[7,4]
118,[7,5]
119,[7,6]
120,[7,7]
121,[7,8]
122,[7,9]
123,[7,10]
124,[8,10]
125,[9,10]
126,[9,11]
127,[9,12]
128,[10,12]
129,[11,12]
130,[11,12]
131,[11,12]
132,[11,12]
133,[11,12]
134,[11,12]
135,[10,12]
136,[9,12]
137,[9,11]
138,[9,10]
139,[8,10]
140,[7,10]
141,[7,9]
142,[7,8]
143,[7,7]
144,[7,6]
145,[7,5]
146,[7,4]
147,[7,3]
148,[7,2]
149,[7,3]
150,[7,4]
151,[7,5]
152,[7,6]
153,[7,7]
154,[7,8]
155,[7,9]
156,[7,10]
157,[8,10]
158,[9,10]
159,[9,11]
160,[9,12]
161,[10,12]
162,[11,12]
163,[11,12]
164,[11,12]
165,[11,12]
166,[11,12]
167,[11,12]
168,[10,12]
169,[9,12]
170,[9,11]
171,[9,10]
172,[8,10]
173,[7,10]
174,[7,9]
175,[7,8]
176,[7,9]
177,[7,10]
178,[8,10]
179,[9,10]
180,[9,11]
181,[9,12]
182,[10,12]
183,[11,12]
184,[10,12]
185,[9,12]
186,[8,12]
187,[7,12]
188,[6,12]
189,[5,12]
190,[4,12]
191,[3,12]
192,[3,11]
193,[3,10]
194,[3,9]
195,[3,8]
196,[4,8]
197,[5,8]
198,[4,8]
199,[3,8]
200,[3,9]
201,[3,10]
202,[3,11]
203,[3,12]
204,[4,12]
205,[5,12]
206,[6,12]
207,[7,12]
208,[8,12]
209,[9,12]
210,[10,12]
211,[11,12]
212,[11,12]
213,[11,12]
214,[11,12]
215,[11,12]
216,[11,12]
217,[10,12]
218,[9,12]
219,[8,12]
220,[7,12]
221,[6,12]
222,[5,12]
223,[4,12]
224,[3,12]
225,[2,12]
226,[1,12]
227,[2,12]
228,[3,12]
229,[4,12]
230,[5,12]
231,[6,12]
232,[7,12]
233,[8,12]
234,[9,12]
235,[10,12]
236,[11,12]
237,[10,12]
238,[9,12]
239,[9,11]
240,[9,10]
241,[8,10]
242,[7,10]
243,[7,9]
244,[7,8]
245,[7,7]
246,[7,6]
247,[7,5]
248,[7,4]
249,[7,3]
250,[7,2]
251,[7,3]
252,[7,4]
253,[7,5]
254,[7,6]
255,[7,7]
256,[7,8]
257,[7,9]
258,[7,10]
259,[8,10]
260,[9,10]
261,[9,11]
262,[9,12]
263,[10,12]
264,[11,12]
265,[11,12]
266,[11,12]
267,[11,12]
268,[11,12]
269,[11,12]
270,[10,12]
271,[9,12]
272,[9,11]
273,[9,10]
274,[8,10]
275,[7,10]
276,[7,9]
277,[7,8]
278,[7,7]
279,[7,6]
280,[7,5]
281,[7,4]
282,[6,4]
283,[5,4]
284,[5,3]
285,[5,2]
286,[5,1]
287,[4,1]
288,[5,1]
289,[5,2]
290,[5,3]
291,[5,4]
292,[6,4]
293,[7,4]
294,[7,5]
295,[7,6]
296,[7,7]
297,[7,8]
298,[7,9]
299,[7,10]
300,[8,10]
301,[9,10]
302,[9,11]
303,[9,12]
304,[10,12]
305,[11,12]
306,[11,12]
307,[11,12]
308,[11,12]
309,[11,12]
310,[11,12]
311,[10,12]
312,[9,12]
313,[8,12]
314,[7,12]
315,[6,12]
316,[5,12]
317,[4,12]
318,[3,12]
319,[3,11]
320,[3,10]
321,[3,9]
322,[3,8]
323,[4,8]
324,[5,8]
325,[4,8]
326,[3,8]
327,[3,9]
328,[3,10]
329,[3,11]
330,[3,12]
331,[4,12]
332,[5,12]
333,[6,12]
334,[7,12]
335,[8,12]
336,[9,12]
337,[10,12]
338,[11,12]
339,[11,12]
340,[11,12]
341,[11,12]
342,[11,12]
343,[11,12]
344,[10,12]
345,[9,12]
346,[8,12]
347,[7,12]
348,[6,12]
349,[5,12]
350,[4,12]
351,[3,12]
352,[2,12]
353,[1,12]
354,[2,12]
355,[3,12]
356,[4,12]
357,[5,12]
358,[6,12]
359,[7,12]
360,[8,12]
361,[9,12]
362,[10,12]
363,[11,12]
364,[10,12]
365,[9,12]
366,[8,12]
367,[7,12]
368,[6,12]
369,[5,12]
370,[4,12]
371,[3,12]
372,[3,11]
373,[3,10]
374,[3,9]
375,[3,8]
376,[4,8]
377,[5,8]
378,[4,8]
379,[3,8]
380,[3,9]
381,[3,10]
382,[3,11]
383,[3,12]
384,[4,12]
385,[5,12]
386,[6,12]
387,[7,12]
388,[8,12]
389,[9,12]
390,[10,12]
391,[11,12]
392,[11,12]
393,[11,12]
394,[11,12]
395,[11,12]
396,[11,12]
397,[10,12]
398,[9,12]
399,[9,11]
400,[9,10]
401,[8,10]
402,[7,10]
403,[7,9]
404,[7,8]
405,[7,7]
406,[7,6]
407,[7,5]
408,[7,4]
409,[6,4]
410,[5,4]
411,[5,3]
412,[5,2]
413,[5,1]
414,[4,1]
415,[5,1]
416,[5,2]
417,[5,3]
418,[5,4]
419,[6,4]
420,[7,4]
421,[7,5]
422,[7,6]
423,[7,7]
424,[7,8]
425,[7,9]
426,[7,10]
427,[8,10]
428,[9,10]
429,[9,11]
430,[9,12]
431,[10,12]
432,[11,12]
433,[11,12]
434,[11,12]
435,[11,12]
436,[11,12]
437,[11,12]
438,[10,12]
439,[9,12]
440,[8,12]
441,[7,12]
442,[6,12]
443,[5,12]
444,[4,12]
445,[3,12]
446,[3,11]
447,[3,10]
448,[3,9]
449,[3,8]
450,[4,8]
451,[5,8]
452,[4,8]
453,[3,8]
454,[3,9]
455,[3,10]
456,[3,11]
457,[3,12]
458,[4,12]
459,[5,12]
460,[6,12]
461,[7,12]
462,[8,12]
463,[9,12]
464,[10,12]
465,[11,12]
466,[11,12]
467,[11,12]
468,[11,12]
469,[11,12]
470,[11,12]
471,[10,12]
472,[9,12]
473,[8,12]
474,[7,12]
475,[6,12]
476,[5,12]
477,[4,12]
478,[3,12]
479,[2,12]
480,[1,12]
481,[2,12]
482,[3,12]
483,[4,12]
484,[5,12]
485,[6,12]
486,[7,12]
487,[8,12]
488,[9,12]
489,[10,12]
490,[11,12]
491,[10,12]
492,[9,12]
493,[9,11]
494,[9,10]
495,[8,10]
496,[7,10]
497,[7,9]
498,[7,8]
499,[7,7]
500,[7,6]
501,[7,5]
502,[7,4]
503,[7,3]
504,[7,2]
