//Quantitative values
288	//Makespan
289	//Mission completion time hauler 1
1	//Application execution time (in millisecond)
//Path to the final points
0,[3,12]
1,[2,12]
2,[1,12]
3,[1,11]
4,[1,10]
5,[1,9]
6,[2,9]
7,[3,9]
8,[4,9]
9,[4,10]
10,[5,10]
11,[5,10]
12,[5,10]
13,[5,10]
14,[5,10]
15,[5,10]
16,[4,10]
17,[4,9]
18,[3,9]
19,[2,9]
20,[1,9]
21,[2,9]
22,[3,9]
23,[4,9]
24,[4,10]
25,[5,10]
26,[4,10]
27,[4,9]
28,[3,9]
29,[2,9]
30,[1,9]
31,[1,10]
32,[1,11]
33,[1,12]
34,[2,12]
35,[3,12]
36,[4,12]
37,[5,12]
38,[6,12]
39,[7,12]
40,[6,12]
41,[5,12]
42,[4,12]
43,[3,12]
44,[2,12]
45,[1,12]
46,[1,11]
47,[1,10]
48,[1,9]
49,[2,9]
50,[3,9]
51,[4,9]
52,[4,10]
53,[5,10]
54,[5,10]
55,[5,10]
56,[5,10]
57,[5,10]
58,[5,10]
59,[4,10]
60,[4,9]
61,[3,9]
62,[2,9]
63,[1,9]
64,[2,9]
65,[3,9]
66,[4,9]
67,[4,10]
68,[5,10]
69,[4,10]
70,[4,9]
71,[3,9]
72,[2,9]
73,[1,9]
74,[1,10]
75,[1,11]
76,[1,12]
77,[2,12]
78,[3,12]
79,[4,12]
80,[5,12]
81,[6,12]
82,[7,12]
83,[6,12]
84,[5,12]
85,[4,12]
86,[3,12]
87,[2,12]
88,[1,12]
89,[1,11]
90,[1,10]
91,[1,9]
92,[2,9]
93,[3,9]
94,[4,9]
95,[4,10]
96,[5,10]
97,[5,10]
98,[5,10]
99,[5,10]
100,[5,10]
101,[5,10]
102,[4,10]
103,[4,9]
104,[3,9]
105,[4,9]
106,[4,10]
107,[5,10]
108,[4,10]
109,[4,9]
110,[3,9]
111,[2,9]
112,[1,9]
113,[1,10]
114,[1,11]
115,[1,12]
116,[2,12]
117,[3,12]
118,[4,12]
119,[5,12]
120,[6,12]
121,[7,12]
122,[6,12]
123,[5,12]
124,[4,12]
125,[3,12]
126,[2,12]
127,[1,12]
128,[1,11]
129,[1,10]
130,[1,9]
131,[2,9]
132,[3,9]
133,[4,9]
134,[4,10]
135,[5,10]
136,[5,10]
137,[5,10]
138,[5,10]
139,[5,10]
140,[5,10]
141,[4,10]
142,[4,9]
143,[3,9]
144,[4,9]
145,[4,10]
146,[5,10]
147,[4,10]
148,[4,9]
149,[3,9]
150,[3,8]
151,[3,7]
152,[3,6]
153,[3,5]
154,[3,6]
155,[3,7]
156,[3,8]
157,[3,9]
158,[4,9]
159,[4,10]
160,[5,10]
161,[5,10]
162,[5,10]
163,[5,10]
164,[5,10]
165,[5,10]
166,[4,10]
167,[4,9]
168,[3,9]
169,[4,9]
170,[4,10]
171,[5,10]
172,[4,10]
173,[4,9]
174,[3,9]
175,[2,9]
176,[1,9]
177,[1,10]
178,[1,11]
179,[1,12]
180,[2,12]
181,[3,12]
182,[4,12]
183,[5,12]
184,[6,12]
185,[7,12]
186,[6,12]
187,[5,12]
188,[4,12]
189,[3,12]
190,[2,12]
191,[1,12]
192,[1,11]
193,[1,10]
194,[1,9]
195,[2,9]
196,[3,9]
197,[4,9]
198,[4,10]
199,[5,10]
200,[5,10]
201,[5,10]
202,[5,10]
203,[5,10]
204,[5,10]
205,[4,10]
206,[4,9]
207,[3,9]
208,[4,9]
209,[4,10]
210,[5,10]
211,[4,10]
212,[4,9]
213,[3,9]
214,[3,8]
215,[3,7]
216,[3,6]
217,[3,5]
218,[3,6]
219,[3,7]
220,[3,8]
221,[3,9]
222,[4,9]
223,[4,10]
224,[5,10]
225,[5,10]
226,[5,10]
227,[5,10]
228,[5,10]
229,[5,10]
230,[4,10]
231,[4,9]
232,[3,9]
233,[4,9]
234,[4,10]
235,[5,10]
236,[4,10]
237,[4,9]
238,[3,9]
239,[2,9]
240,[1,9]
241,[1,10]
242,[1,11]
243,[1,12]
244,[2,12]
245,[3,12]
246,[4,12]
247,[5,12]
248,[6,12]
249,[7,12]
250,[6,12]
251,[5,12]
252,[4,12]
253,[3,12]
254,[2,12]
255,[1,12]
256,[1,11]
257,[1,10]
258,[1,9]
259,[2,9]
260,[3,9]
261,[4,9]
262,[4,10]
263,[5,10]
264,[5,10]
265,[5,10]
266,[5,10]
267,[5,10]
268,[5,10]
269,[4,10]
270,[4,9]
271,[3,9]
272,[4,9]
273,[4,10]
274,[5,10]
275,[4,10]
276,[4,9]
277,[3,9]
278,[2,9]
279,[1,9]
280,[1,10]
281,[1,11]
282,[1,12]
283,[2,12]
284,[3,12]
285,[4,12]
286,[5,12]
287,[6,12]
288,[7,12]
