//Quantitative values
34	//Makespan
35	//Mission completion time hauler 1
28	//Mission completion time hauler 2
1	//Application execution time (in millisecond)
//Path to the final points
0,[10 ,5],[10,10]
1,[9 ,5],[9,10]
2,[8 ,5],[8,10]
3,[7 ,5],[7,10]
4,[6 ,5],[7,11]
5,[5 ,5],[6,11]
6,[4 ,5],[5,11]
7,[4 ,6],[4,11]
8,[4 ,7],[3,11]
9,[4 ,8],[2,11]
10,[4 ,9],[2,10]
11,[4 ,10],[2,9]
12,[4 ,9],[2,8]
13,[4 ,8],[2,7]
14,[4 ,7],[1,7]
15,[4 ,6],[1,6]
16,[4 ,5],[1,7]
17,[4 ,6],[2,7]
18,[4 ,7],[2,8]
19,[4 ,8],[2,9]
20,[4 ,9],[2,10]
21,[4 ,10],[3,10]
22,[4 ,11],[4,10]
23,[5 ,11],[4,9]
24,[6 ,11],[4,8]
25,[7 ,11],[4,7]
26,[6 ,11],[4,6]
27,[5 ,11],[4,5]
28,[4 ,11],[4,5]
29,[4 ,10],[4,5]
30,[4 ,9],[4,5]
31,[4 ,8],[4,5]
32,[4 ,7],[4,5]
33,[4 ,6],[4,5]
34,[4 ,5],[4,5]
