//Quantitative values
78	//Makespan
78	//Mission completion time hauler 1
1	//Application execution time (in millisecond)
//Path to the final points
0,[7,3]
1,[6,3]
2,[5,3]
3,[4,3]
4,[4,4]
5,[4,5]
6,[4,6]
7,[4,7]
8,[4,8]
9,[4,9]
10,[3,9]
11,[3,10]
12,[3,11]
13,[3,12]
14,[2,12]
15,[2,11]
16,[2,10]
17,[2,9]
18,[2,8]
19,[2,7]
20,[2,6]
21,[2,5]
22,[2,6]
23,[2,7]
24,[2,8]
25,[2,9]
26,[2,10]
27,[2,11]
28,[2,12]
29,[3,12]
30,[4,12]
31,[4,11]
32,[4,10]
33,[4,9]
34,[5,9]
35,[6,9]
36,[7,9]
37,[8,9]
38,[9,9]
39,[10,9]
40,[9,9]
41,[8,9]
42,[7,9]
43,[7,8]
44,[7,7]
45,[6,7]
46,[6,6]
47,[6,5]
48,[6,4]
49,[6,5]
50,[6,6]
51,[6,7]
52,[7,7]
53,[7,8]
54,[7,9]
55,[8,9]
56,[9,9]
57,[10,9]
58,[9,9]
59,[8,9]
60,[7,9]
61,[6,9]
62,[5,9]
63,[4,9]
64,[4,10]
65,[4,11]
66,[4,12]
67,[3,12]
68,[3,11]
69,[3,10]
70,[3,9]
71,[4,9]
72,[4,8]
73,[4,7]
74,[4,6]
75,[4,5]
76,[4,4]
77,[5,4]
78,[6,4]
