//Quantitative values
41	//Makespan
41	//Mission completion time hauler 1
1	//Application execution time (in millisecond)
//Path to the final points
0,[6,5]
1,[6,4]
2,[7,4]
3,[7,5]
4,[7,6]
5,[7,7]
6,[7,8]
7,[8,8]
8,[9,8]
9,[10,8]
10,[10,9]
11,[10,8]
12,[10,7]
13,[10,6]
14,[10,5]
15,[10,4]
16,[10,3]
17,[11,3]
18,[10,3]
19,[10,4]
20,[10,5]
21,[10,6]
22,[10,7]
23,[10,8]
24,[10,9]
25,[10,8]
26,[10,7]
27,[10,6]
28,[10,5]
29,[10,4]
30,[10,3]
31,[11,3]
32,[10,3]
33,[9,3]
34,[8,3]
35,[8,4]
36,[7,4]
37,[8,4]
38,[8,3]
39,[9,3]
40,[10,3]
41,[11,3]
