//Quantitative values
111	//Makespan
111	//Mission completion time hauler 1
1	//Application execution time (in millisecond)
//Path to the final points
0,[10,12]
1,[9,12]
2,[8,12]
3,[7,12]
4,[6,12]
5,[5,12]
6,[4,12]
7,[3,12]
8,[2,12]
9,[2,11]
10,[2,10]
11,[3,10]
12,[3,9]
13,[3,8]
14,[3,7]
15,[3,6]
16,[3,5]
17,[3,4]
18,[3,3]
19,[3,2]
20,[3,1]
21,[4,1]
22,[4,2]
23,[4,3]
24,[5,3]
25,[6,3]
26,[7,3]
27,[8,3]
28,[9,3]
29,[10,3]
30,[11,3]
31,[12,3]
32,[11,3]
33,[10,3]
34,[9,3]
35,[8,3]
36,[7,3]
37,[6,3]
38,[5,3]
39,[4,3]
40,[3,3]
41,[2,3]
42,[2,4]
43,[2,5]
44,[1,5]
45,[1,6]
46,[1,7]
47,[1,6]
48,[1,5]
49,[2,5]
50,[2,4]
51,[2,3]
52,[3,3]
53,[4,3]
54,[5,3]
55,[6,3]
56,[7,3]
57,[8,3]
58,[9,3]
59,[10,3]
60,[11,3]
61,[12,3]
62,[11,3]
63,[10,3]
64,[9,3]
65,[8,3]
66,[7,3]
67,[6,3]
68,[5,3]
69,[4,3]
70,[3,3]
71,[2,3]
72,[2,4]
73,[2,5]
74,[1,5]
75,[1,6]
76,[1,7]
77,[1,8]
78,[1,9]
79,[1,10]
80,[2,10]
81,[3,10]
82,[3,9]
83,[3,8]
84,[3,7]
85,[3,6]
86,[3,5]
87,[3,4]
88,[3,3]
89,[3,2]
90,[3,1]
91,[4,1]
92,[4,2]
93,[4,3]
94,[5,3]
95,[6,3]
96,[7,3]
97,[8,3]
98,[9,3]
99,[10,3]
100,[11,3]
101,[12,3]
102,[11,3]
103,[10,3]
104,[9,3]
105,[8,3]
106,[7,3]
107,[6,3]
108,[5,3]
109,[4,3]
110,[4,2]
111,[4,1]
