//Quantitative values
65	//Makespan
65	//Mission completion time hauler 1
1	//Application execution time (in millisecond)
//Path to the final points
0,[12,7]
1,[12,6]
2,[11,6]
3,[10,6]
4,[9,6]
5,[8,6]
6,[7,6]
7,[6,6]
8,[5,6]
9,[4,6]
10,[4,5]
11,[4,4]
12,[4,3]
13,[4,2]
14,[4,1]
15,[4,2]
16,[3,2]
17,[3,3]
18,[3,4]
19,[3,5]
20,[2,5]
21,[2,6]
22,[2,7]
23,[2,8]
24,[2,9]
25,[2,8]
26,[2,7]
27,[2,6]
28,[2,5]
29,[3,5]
30,[2,5]
31,[2,6]
32,[2,7]
33,[2,8]
34,[2,9]
35,[2,8]
36,[2,7]
37,[2,6]
38,[2,5]
39,[3,5]
40,[3,4]
41,[3,3]
42,[3,2]
43,[3,1]
44,[4,1]
45,[4,2]
46,[4,1]
47,[4,2]
48,[4,3]
49,[4,4]
50,[4,5]
51,[4,6]
52,[4,7]
53,[4,8]
54,[3,8]
55,[2,8]
56,[2,9]
57,[2,8]
58,[2,7]
59,[2,6]
60,[2,5]
61,[3,5]
62,[3,4]
63,[3,3]
64,[3,2]
65,[4,2]
