//Quantitative values
107	//Makespan
107	//Mission completion time hauler 1
1	//Application execution time (in millisecond)
//Path to the final points
0,[3,2]
1,[3,3]
2,[3,4]
3,[3,5]
4,[4,5]
5,[5,5]
6,[6,5]
7,[7,5]
8,[8,5]
9,[9,5]
10,[10,5]
11,[11,5]
12,[10,5]
13,[9,5]
14,[8,5]
15,[7,5]
16,[6,5]
17,[5,5]
18,[4,5]
19,[3,5]
20,[2,5]
21,[1,5]
22,[1,4]
23,[1,3]
24,[1,4]
25,[1,5]
26,[1,6]
27,[1,7]
28,[1,8]
29,[1,9]
30,[1,10]
31,[1,11]
32,[1,12]
33,[2,12]
34,[3,12]
35,[4,12]
36,[5,12]
37,[5,11]
38,[5,10]
39,[5,9]
40,[5,8]
41,[6,8]
42,[7,8]
43,[7,7]
44,[7,6]
45,[7,5]
46,[7,4]
47,[7,3]
48,[7,2]
49,[8,2]
50,[9,2]
51,[10,2]
52,[11,2]
53,[12,2]
54,[11,2]
55,[10,2]
56,[9,2]
57,[8,2]
58,[7,2]
59,[7,3]
60,[7,4]
61,[7,5]
62,[7,6]
63,[7,7]
64,[7,8]
65,[6,8]
66,[5,8]
67,[5,9]
68,[5,10]
69,[5,11]
70,[5,12]
71,[5,11]
72,[6,11]
73,[7,11]
74,[8,11]
75,[7,11]
76,[6,11]
77,[5,11]
78,[4,11]
79,[4,10]
80,[4,9]
81,[4,8]
82,[4,7]
83,[4,6]
84,[4,5]
85,[4,4]
86,[4,3]
87,[4,2]
88,[5,2]
89,[6,2]
90,[7,2]
91,[8,2]
92,[9,2]
93,[10,2]
94,[11,2]
95,[12,2]
96,[11,2]
97,[10,2]
98,[9,2]
99,[8,2]
100,[7,2]
101,[6,2]
102,[5,2]
103,[4,2]
104,[3,2]
105,[2,2]
106,[1,2]
107,[1,3]
