//Quantitative values
122	//Makespan
122	//Mission completion time hauler 1
2	//Application execution time (in millisecond)
//Path to the final points
0,[10,8]
1,[9,8]
2,[8,8]
3,[7,8]
4,[6,8]
5,[5,8]
6,[4,8]
7,[4,7]
8,[4,6]
9,[4,7]
10,[5,7]
11,[5,6]
12,[6,6]
13,[6,5]
14,[6,4]
15,[6,3]
16,[6,2]
17,[7,2]
18,[8,2]
19,[9,2]
20,[10,2]
21,[11,2]
22,[10,2]
23,[9,2]
24,[8,2]
25,[7,2]
26,[6,2]
27,[5,2]
28,[4,2]
29,[4,3]
30,[4,4]
31,[4,5]
32,[4,6]
33,[4,7]
34,[3,7]
35,[3,8]
36,[3,9]
37,[3,10]
38,[3,11]
39,[3,12]
40,[3,11]
41,[3,10]
42,[3,9]
43,[3,8]
44,[3,7]
45,[4,7]
46,[4,6]
47,[4,5]
48,[4,4]
49,[4,3]
50,[4,2]
51,[5,2]
52,[6,2]
53,[7,2]
54,[8,2]
55,[9,2]
56,[10,2]
57,[11,2]
58,[10,2]
59,[9,2]
60,[8,2]
61,[7,2]
62,[6,2]
63,[5,2]
64,[4,2]
65,[3,2]
66,[2,2]
67,[1,2]
68,[1,3]
69,[1,4]
70,[1,5]
71,[1,6]
72,[1,7]
73,[1,8]
74,[1,9]
75,[1,10]
76,[1,11]
77,[1,12]
78,[2,12]
79,[3,12]
80,[4,12]
81,[5,12]
82,[6,12]
83,[7,12]
84,[6,12]
85,[5,12]
86,[4,12]
87,[3,12]
88,[2,12]
89,[1,12]
90,[1,11]
91,[1,10]
92,[1,9]
93,[1,8]
94,[1,7]
95,[1,6]
96,[1,5]
97,[1,6]
98,[1,7]
99,[1,8]
100,[1,9]
101,[1,10]
102,[1,11]
103,[1,12]
104,[2,12]
105,[3,12]
106,[4,12]
107,[5,12]
108,[6,12]
109,[7,12]
110,[6,12]
111,[5,12]
112,[4,12]
113,[3,12]
114,[2,12]
115,[1,12]
116,[1,11]
117,[1,10]
118,[1,9]
119,[1,8]
120,[1,7]
121,[1,6]
122,[1,5]
