//Quantitative values
126	//Makespan
127	//Mission completion time hauler 1
1	//Application execution time (in millisecond)
//Path to the final points
0,[12,4]
1,[11,4]
2,[11,5]
3,[11,6]
4,[11,7]
5,[11,8]
6,[10,8]
7,[10,9]
8,[10,10]
9,[10,11]
10,[9,11]
11,[8,11]
12,[7,11]
13,[6,11]
14,[6,10]
15,[6,9]
16,[5,9]
17,[4,9]
18,[3,9]
19,[3,8]
20,[3,7]
21,[3,6]
22,[3,5]
23,[3,6]
24,[3,7]
25,[3,8]
26,[3,9]
27,[4,9]
28,[5,9]
29,[6,9]
30,[5,9]
31,[4,9]
32,[3,9]
33,[3,10]
34,[3,9]
35,[4,9]
36,[5,9]
37,[6,9]
38,[5,9]
39,[4,9]
40,[3,9]
41,[3,8]
42,[3,7]
43,[3,6]
44,[3,5]
45,[3,6]
46,[3,7]
47,[3,8]
48,[3,9]
49,[4,9]
50,[5,9]
51,[6,9]
52,[6,10]
53,[6,11]
54,[7,11]
55,[8,11]
56,[9,11]
57,[10,11]
58,[9,11]
59,[8,11]
60,[7,11]
61,[6,11]
62,[6,10]
63,[6,9]
64,[5,9]
65,[4,9]
66,[3,9]
67,[3,8]
68,[3,7]
69,[3,6]
70,[3,5]
71,[3,6]
72,[3,7]
73,[3,8]
74,[3,9]
75,[4,9]
76,[5,9]
77,[6,9]
78,[6,10]
79,[6,11]
80,[7,11]
81,[8,11]
82,[9,11]
83,[10,11]
84,[9,11]
85,[8,11]
86,[7,11]
87,[6,11]
88,[6,10]
89,[6,9]
90,[5,9]
91,[4,9]
92,[3,9]
93,[2,9]
94,[2,8]
95,[2,7]
96,[3,7]
97,[3,6]
98,[3,5]
99,[4,5]
100,[5,5]
101,[6,5]
102,[7,5]
103,[8,5]
104,[9,5]
105,[10,5]
106,[11,5]
107,[11,4]
108,[11,5]
109,[10,5]
110,[9,5]
111,[8,5]
112,[7,5]
113,[7,6]
114,[7,7]
115,[7,8]
116,[6,8]
117,[5,8]
118,[5,7]
119,[5,6]
120,[5,5]
121,[4,5]
122,[3,5]
123,[3,6]
124,[3,7]
125,[2,7]
126,[2,8]
