//Quantitative values
43	//Makespan
43	//Mission completion time hauler 1
1	//Application execution time (in millisecond)
//Path to the final points
0,[7,10]
1,[8,10]
2,[9,10]
3,[9,11]
4,[9,12]
5,[8,12]
6,[7,12]
7,[6,12]
8,[5,12]
9,[4,12]
10,[3,12]
11,[2,12]
12,[1,12]
13,[1,11]
14,[1,10]
15,[1,9]
16,[1,10]
17,[1,11]
18,[1,12]
19,[2,12]
20,[3,12]
21,[4,12]
22,[5,12]
23,[6,12]
24,[7,12]
25,[8,12]
26,[9,12]
27,[9,11]
28,[9,10]
29,[8,10]
30,[7,10]
31,[7,9]
32,[7,8]
33,[7,7]
34,[8,7]
35,[7,7]
36,[7,6]
37,[7,5]
38,[7,4]
39,[7,3]
40,[7,2]
41,[8,2]
42,[9,2]
43,[10,2]
