//Quantitative values
170	//Makespan
77	//Mission completion time hauler 1
171	//Mission completion time hauler 2
119	//Mission completion time hauler 3
1	//Application execution time (in millisecond)
//Path to the final points
0,[7 ,11],[6 ,4],[7,1]
1,[6 ,11],[6 ,5],[6,1]
2,[5 ,11],[6 ,6],[5,1]
3,[4 ,11],[6 ,7],[4,1]
4,[3 ,11],[6 ,8],[3,1]
5,[2 ,11],[6 ,9],[2,1]
6,[1 ,11],[6 ,10],[2,2]
7,[1 ,10],[6 ,11],[2,3]
8,[1 ,9],[7 ,11],[2,4]
9,[1 ,8],[7 ,12],[3,4]
10,[1 ,7],[8 ,12],[4,4]
11,[1 ,8],[7 ,12],[5,4]
12,[1 ,9],[7 ,11],[5,5]
13,[1 ,10],[6 ,11],[5,6]
14,[1 ,11],[5 ,11],[5,7]
15,[2 ,11],[5 ,10],[5,8]
16,[3 ,11],[5 ,9],[5,9]
17,[4 ,11],[5 ,8],[5,10]
18,[5 ,11],[5 ,7],[6,10]
19,[6 ,11],[5 ,6],[7,10]
20,[6 ,10],[5 ,5],[8,10]
21,[7 ,10],[5 ,4],[9,10]
22,[8 ,10],[4 ,4],[10,10]
23,[9 ,10],[3 ,4],[10,11]
24,[10 ,10],[2 ,4],[11,11]
25,[10 ,11],[2 ,3],[12,11]
26,[11 ,11],[2 ,2],[11,11]
27,[12 ,11],[2 ,1],[10,11]
28,[11 ,11],[2 ,2],[10,10]
29,[10 ,11],[2 ,3],[9,10]
30,[10 ,10],[2 ,4],[8,10]
31,[9 ,10],[3 ,4],[7,10]
32,[8 ,10],[4 ,4],[6,10]
33,[7 ,10],[5 ,4],[6,11]
34,[6 ,10],[5 ,5],[7,11]
35,[6 ,11],[5 ,6],[7,12]
36,[6 ,10],[5 ,7],[8,12]
37,[7 ,10],[5 ,8],[7,12]
38,[8 ,10],[5 ,9],[7,11]
39,[9 ,10],[5 ,10],[6,11]
40,[10 ,10],[6 ,10],[5,11]
41,[10 ,11],[7 ,10],[5,10]
42,[11 ,11],[8 ,10],[5,9]
43,[12 ,11],[9 ,10],[5,8]
44,[11 ,11],[10 ,10],[5,7]
45,[10 ,11],[10 ,11],[5,6]
46,[10 ,10],[11 ,11],[5,5]
47,[9 ,10],[12 ,11],[5,4]
48,[8 ,10],[11 ,11],[4,4]
49,[7 ,10],[10 ,11],[3,4]
50,[6 ,10],[10 ,10],[2,4]
51,[6 ,11],[9 ,10],[2,3]
52,[6 ,10],[8 ,10],[2,2]
53,[7 ,10],[7 ,10],[2,1]
54,[8 ,10],[6 ,10],[2,2]
55,[9 ,10],[5 ,10],[2,3]
56,[10 ,10],[5 ,9],[2,4]
57,[10 ,11],[5 ,8],[3,4]
58,[11 ,11],[5 ,7],[4,4]
59,[12 ,11],[5 ,6],[5,4]
60,[11 ,11],[5 ,5],[5,5]
61,[10 ,11],[5 ,4],[5,6]
62,[10 ,10],[4 ,4],[5,7]
63,[9 ,10],[3 ,4],[5,8]
64,[8 ,10],[2 ,4],[5,9]
65,[7 ,10],[2 ,3],[4,9]
66,[6 ,10],[2 ,2],[4,10]
67,[6 ,11],[2 ,1],[3,10]
68,[7 ,11],[2 ,2],[2,10]
69,[7 ,12],[2 ,3],[1,10]
70,[8 ,12],[2 ,4],[1,9]
71,[7 ,12],[3 ,4],[1,8]
72,[7 ,11],[4 ,4],[1,7]
73,[6 ,11],[5 ,4],[1,8]
74,[7 ,11],[5 ,5],[1,9]
75,[7 ,12],[5 ,6],[1,10]
76,[8 ,12],[5 ,7],[1,11]
77,[8 ,12],[5 ,8],[2,11]
78,[8 ,12],[5 ,9],[3,11]
79,[8 ,12],[4 ,9],[4,11]
80,[8 ,12],[4 ,10],[5,11]
81,[8 ,12],[3 ,10],[6,11]
82,[8 ,12],[2 ,10],[6,10]
83,[8 ,12],[1 ,10],[7,10]
84,[8 ,12],[1 ,9],[8,10]
85,[8 ,12],[1 ,8],[9,10]
86,[8 ,12],[1 ,7],[10,10]
87,[8 ,12],[1 ,8],[10,11]
88,[8 ,12],[1 ,9],[11,11]
89,[8 ,12],[1 ,10],[12,11]
90,[8 ,12],[1 ,11],[11,11]
91,[8 ,12],[2 ,11],[10,11]
92,[8 ,12],[3 ,11],[10,10]
93,[8 ,12],[4 ,11],[9,10]
94,[8 ,12],[5 ,11],[8,10]
95,[8 ,12],[6 ,11],[7,10]
96,[8 ,12],[7 ,11],[6,10]
97,[8 ,12],[7 ,12],[6,11]
98,[8 ,12],[8 ,12],[5,11]
99,[8 ,12],[7 ,12],[4,11]
100,[8 ,12],[7 ,11],[3,11]
101,[8 ,12],[6 ,11],[2,11]
102,[8 ,12],[6 ,10],[1,11]
103,[8 ,12],[7 ,10],[1,10]
104,[8 ,12],[8 ,10],[1,9]
105,[8 ,12],[9 ,10],[1,8]
106,[8 ,12],[10 ,10],[1,7]
107,[8 ,12],[10 ,11],[1,8]
108,[8 ,12],[11 ,11],[1,9]
109,[8 ,12],[12 ,11],[1,10]
110,[8 ,12],[11 ,11],[1,11]
111,[8 ,12],[10 ,11],[2,11]
112,[8 ,12],[10 ,10],[3,11]
113,[8 ,12],[9 ,10],[4,11]
114,[8 ,12],[8 ,10],[5,11]
115,[8 ,12],[7 ,10],[6,11]
116,[8 ,12],[6 ,10],[7,11]
117,[8 ,12],[5 ,10],[7,12]
118,[8 ,12],[5 ,9],[8,12]
119,[8 ,12],[5 ,8],[8,12]
120,[8 ,12],[5 ,7],[8,12]
121,[8 ,12],[5 ,6],[8,12]
122,[8 ,12],[5 ,5],[8,12]
123,[8 ,12],[5 ,4],[8,12]
124,[8 ,12],[4 ,4],[8,12]
125,[8 ,12],[3 ,4],[8,12]
126,[8 ,12],[2 ,4],[8,12]
127,[8 ,12],[2 ,3],[8,12]
128,[8 ,12],[2 ,2],[8,12]
129,[8 ,12],[2 ,1],[8,12]
130,[8 ,12],[2 ,2],[8,12]
131,[8 ,12],[2 ,3],[8,12]
132,[8 ,12],[2 ,4],[8,12]
133,[8 ,12],[3 ,4],[8,12]
134,[8 ,12],[4 ,4],[8,12]
135,[8 ,12],[5 ,4],[8,12]
136,[8 ,12],[5 ,5],[8,12]
137,[8 ,12],[5 ,6],[8,12]
138,[8 ,12],[5 ,7],[8,12]
139,[8 ,12],[5 ,8],[8,12]
140,[8 ,12],[5 ,9],[8,12]
141,[8 ,12],[5 ,10],[8,12]
142,[8 ,12],[6 ,10],[8,12]
143,[8 ,12],[7 ,10],[8,12]
144,[8 ,12],[8 ,10],[8,12]
145,[8 ,12],[9 ,10],[8,12]
146,[8 ,12],[10 ,10],[8,12]
147,[8 ,12],[10 ,11],[8,12]
148,[8 ,12],[11 ,11],[8,12]
149,[8 ,12],[12 ,11],[8,12]
150,[8 ,12],[11 ,11],[8,12]
151,[8 ,12],[10 ,11],[8,12]
152,[8 ,12],[10 ,10],[8,12]
153,[8 ,12],[9 ,10],[8,12]
154,[8 ,12],[8 ,10],[8,12]
155,[8 ,12],[7 ,10],[8,12]
156,[8 ,12],[6 ,10],[8,12]
157,[8 ,12],[5 ,10],[8,12]
158,[8 ,12],[5 ,9],[8,12]
159,[8 ,12],[5 ,8],[8,12]
160,[8 ,12],[5 ,7],[8,12]
161,[8 ,12],[5 ,6],[8,12]
162,[8 ,12],[5 ,5],[8,12]
163,[8 ,12],[5 ,4],[8,12]
164,[8 ,12],[4 ,4],[8,12]
165,[8 ,12],[3 ,4],[8,12]
166,[8 ,12],[2 ,4],[8,12]
167,[8 ,12],[2 ,3],[8,12]
168,[8 ,12],[2 ,2],[8,12]
169,[8 ,12],[2 ,1],[8,12]
170,[8 ,12],[2 ,1],[8,12]
