//Quantitative values
411	//Makespan
412	//Mission completion time hauler 1
1	//Application execution time (in millisecond)
//Path to the final points
0,[5,9]
1,[5,8]
2,[5,7]
3,[5,6]
4,[5,5]
5,[5,4]
6,[5,3]
7,[5,2]
8,[5,1]
9,[4,1]
10,[5,1]
11,[5,2]
12,[5,3]
13,[5,4]
14,[6,4]
15,[7,4]
16,[7,5]
17,[7,6]
18,[7,7]
19,[7,8]
20,[7,9]
21,[7,10]
22,[8,10]
23,[9,10]
24,[8,10]
25,[7,10]
26,[7,9]
27,[7,8]
28,[7,7]
29,[7,6]
30,[7,5]
31,[7,4]
32,[6,4]
33,[5,4]
34,[5,3]
35,[5,2]
36,[5,1]
37,[4,1]
38,[4,1]
39,[4,1]
40,[4,1]
41,[4,1]
42,[4,1]
43,[5,1]
44,[5,2]
45,[5,3]
46,[5,4]
47,[6,4]
48,[7,4]
49,[7,5]
50,[7,6]
51,[7,7]
52,[7,8]
53,[7,9]
54,[7,10]
55,[8,10]
56,[9,10]
57,[9,11]
58,[10,11]
59,[11,11]
60,[12,11]
61,[11,11]
62,[10,11]
63,[9,11]
64,[9,10]
65,[8,10]
66,[7,10]
67,[7,9]
68,[7,8]
69,[7,7]
70,[7,6]
71,[7,5]
72,[7,4]
73,[6,4]
74,[5,4]
75,[5,3]
76,[5,2]
77,[5,1]
78,[4,1]
79,[4,1]
80,[4,1]
81,[4,1]
82,[4,1]
83,[4,1]
84,[5,1]
85,[5,2]
86,[5,3]
87,[5,4]
88,[6,4]
89,[7,4]
90,[7,5]
91,[7,6]
92,[7,7]
93,[7,8]
94,[7,9]
95,[7,10]
96,[8,10]
97,[9,10]
98,[8,10]
99,[7,10]
100,[7,9]
101,[7,8]
102,[7,7]
103,[7,6]
104,[7,5]
105,[7,4]
106,[6,4]
107,[5,4]
108,[5,3]
109,[5,2]
110,[5,1]
111,[4,1]
112,[4,1]
113,[4,1]
114,[4,1]
115,[4,1]
116,[4,1]
117,[5,1]
118,[5,2]
119,[5,3]
120,[5,4]
121,[6,4]
122,[7,4]
123,[7,5]
124,[7,6]
125,[7,7]
126,[7,8]
127,[7,9]
128,[7,10]
129,[8,10]
130,[9,10]
131,[9,11]
132,[10,11]
133,[11,11]
134,[12,11]
135,[11,11]
136,[10,11]
137,[9,11]
138,[9,10]
139,[8,10]
140,[7,10]
141,[7,9]
142,[7,8]
143,[7,7]
144,[7,6]
145,[7,5]
146,[7,4]
147,[6,4]
148,[5,4]
149,[5,3]
150,[5,2]
151,[5,1]
152,[4,1]
153,[4,1]
154,[4,1]
155,[4,1]
156,[4,1]
157,[4,1]
158,[3,1]
159,[2,1]
160,[1,1]
161,[1,2]
162,[1,3]
163,[1,4]
164,[1,5]
165,[1,6]
166,[1,7]
167,[1,8]
168,[1,9]
169,[1,10]
170,[1,11]
171,[1,12]
172,[2,12]
173,[3,12]
174,[2,12]
175,[1,12]
176,[1,11]
177,[1,10]
178,[1,9]
179,[1,8]
180,[1,7]
181,[1,6]
182,[1,5]
183,[1,4]
184,[1,3]
185,[1,2]
186,[1,1]
187,[2,1]
188,[3,1]
189,[4,1]
190,[4,1]
191,[4,1]
192,[4,1]
193,[4,1]
194,[4,1]
195,[5,1]
196,[5,2]
197,[5,3]
198,[6,3]
199,[5,3]
200,[5,2]
201,[5,1]
202,[4,1]
203,[5,1]
204,[5,2]
205,[5,3]
206,[5,4]
207,[6,4]
208,[7,4]
209,[7,5]
210,[7,6]
211,[7,7]
212,[7,8]
213,[7,9]
214,[7,10]
215,[8,10]
216,[9,10]
217,[8,10]
218,[7,10]
219,[7,9]
220,[7,8]
221,[7,7]
222,[7,6]
223,[7,5]
224,[7,4]
225,[6,4]
226,[5,4]
227,[5,3]
228,[5,2]
229,[5,1]
230,[4,1]
231,[4,1]
232,[4,1]
233,[4,1]
234,[4,1]
235,[4,1]
236,[5,1]
237,[5,2]
238,[5,3]
239,[6,3]
240,[5,3]
241,[5,2]
242,[5,1]
243,[4,1]
244,[5,1]
245,[5,2]
246,[5,3]
247,[5,4]
248,[6,4]
249,[7,4]
250,[7,5]
251,[7,6]
252,[7,7]
253,[7,8]
254,[7,9]
255,[7,10]
256,[8,10]
257,[9,10]
258,[8,10]
259,[7,10]
260,[7,9]
261,[7,8]
262,[7,7]
263,[7,6]
264,[7,5]
265,[7,4]
266,[6,4]
267,[5,4]
268,[5,3]
269,[5,2]
270,[5,1]
271,[4,1]
272,[4,1]
273,[4,1]
274,[4,1]
275,[4,1]
276,[4,1]
277,[5,1]
278,[5,2]
279,[5,3]
280,[5,4]
281,[6,4]
282,[7,4]
283,[7,5]
284,[7,6]
285,[7,7]
286,[7,8]
287,[7,9]
288,[7,10]
289,[8,10]
290,[9,10]
291,[9,11]
292,[10,11]
293,[11,11]
294,[12,11]
295,[11,11]
296,[10,11]
297,[9,11]
298,[9,10]
299,[8,10]
300,[7,10]
301,[7,9]
302,[7,8]
303,[7,7]
304,[7,6]
305,[7,5]
306,[7,4]
307,[6,4]
308,[5,4]
309,[5,3]
310,[5,2]
311,[5,1]
312,[4,1]
313,[4,1]
314,[4,1]
315,[4,1]
316,[4,1]
317,[4,1]
318,[5,1]
319,[5,2]
320,[5,3]
321,[5,4]
322,[6,4]
323,[7,4]
324,[7,5]
325,[7,6]
326,[7,7]
327,[7,8]
328,[7,9]
329,[7,10]
330,[8,10]
331,[9,10]
332,[8,10]
333,[7,10]
334,[7,9]
335,[7,8]
336,[7,7]
337,[7,6]
338,[7,5]
339,[7,4]
340,[6,4]
341,[5,4]
342,[5,3]
343,[5,2]
344,[5,1]
345,[4,1]
346,[4,1]
347,[4,1]
348,[4,1]
349,[4,1]
350,[4,1]
351,[5,1]
352,[5,2]
353,[5,3]
354,[5,2]
355,[5,1]
356,[4,1]
357,[3,1]
358,[2,1]
359,[1,1]
360,[1,2]
361,[1,3]
362,[1,4]
363,[1,5]
364,[1,6]
365,[1,7]
366,[1,8]
367,[1,9]
368,[1,10]
369,[1,11]
370,[1,12]
371,[2,12]
372,[3,12]
373,[2,12]
374,[1,12]
375,[1,11]
376,[1,10]
377,[1,9]
378,[1,8]
379,[1,7]
380,[1,6]
381,[1,5]
382,[1,4]
383,[1,3]
384,[1,2]
385,[1,1]
386,[2,1]
387,[3,1]
388,[4,1]
389,[4,1]
390,[4,1]
391,[4,1]
392,[4,1]
393,[4,1]
394,[5,1]
395,[5,2]
396,[5,3]
397,[5,4]
398,[6,4]
399,[7,4]
400,[7,5]
401,[7,6]
402,[7,7]
403,[7,8]
404,[7,9]
405,[7,10]
406,[8,10]
407,[9,10]
408,[9,11]
409,[10,11]
410,[11,11]
411,[12,11]
