//Quantitative values
323	//Makespan
324	//Mission completion time hauler 1
1	//Application execution time (in millisecond)
//Path to the final points
0,[2,8]
1,[2,9]
2,[2,10]
3,[2,11]
4,[2,12]
5,[3,12]
6,[4,12]
7,[5,12]
8,[6,12]
9,[7,12]
10,[8,12]
11,[9,12]
12,[9,11]
13,[10,11]
14,[10,10]
15,[10,9]
16,[11,9]
17,[12,9]
18,[12,9]
19,[12,9]
20,[12,9]
21,[12,9]
22,[12,9]
23,[11,9]
24,[10,9]
25,[9,9]
26,[8,9]
27,[7,9]
28,[7,8]
29,[7,7]
30,[7,6]
31,[7,5]
32,[7,4]
33,[6,4]
34,[6,3]
35,[5,3]
36,[5,2]
37,[5,1]
38,[4,1]
39,[5,1]
40,[5,2]
41,[5,3]
42,[6,3]
43,[6,4]
44,[7,4]
45,[7,5]
46,[7,6]
47,[7,7]
48,[7,8]
49,[7,9]
50,[8,9]
51,[9,9]
52,[10,9]
53,[11,9]
54,[12,9]
55,[12,9]
56,[12,9]
57,[12,9]
58,[12,9]
59,[12,9]
60,[11,9]
61,[10,9]
62,[10,10]
63,[10,11]
64,[9,11]
65,[9,12]
66,[8,12]
67,[7,12]
68,[6,12]
69,[7,12]
70,[8,12]
71,[9,12]
72,[9,11]
73,[10,11]
74,[10,10]
75,[10,9]
76,[11,9]
77,[12,9]
78,[12,9]
79,[12,9]
80,[12,9]
81,[12,9]
82,[12,9]
83,[12,8]
84,[12,7]
85,[12,6]
86,[12,7]
87,[12,8]
88,[12,9]
89,[11,9]
90,[10,9]
91,[9,9]
92,[8,9]
93,[7,9]
94,[7,8]
95,[7,7]
96,[7,6]
97,[7,5]
98,[7,4]
99,[6,4]
100,[6,3]
101,[5,3]
102,[5,2]
103,[5,1]
104,[4,1]
105,[3,1]
106,[2,1]
107,[1,1]
108,[1,2]
109,[1,3]
110,[2,3]
111,[3,3]
112,[2,3]
113,[1,3]
114,[1,2]
115,[1,1]
116,[2,1]
117,[3,1]
118,[4,1]
119,[5,1]
120,[5,2]
121,[5,3]
122,[6,3]
123,[6,4]
124,[7,4]
125,[7,5]
126,[7,6]
127,[7,7]
128,[7,8]
129,[7,9]
130,[8,9]
131,[9,9]
132,[10,9]
133,[11,9]
134,[12,9]
135,[12,9]
136,[12,9]
137,[12,9]
138,[12,9]
139,[12,9]
140,[12,8]
141,[12,7]
142,[12,6]
143,[12,7]
144,[12,8]
145,[12,9]
146,[11,9]
147,[10,9]
148,[9,9]
149,[8,9]
150,[7,9]
151,[7,8]
152,[7,7]
153,[7,6]
154,[7,5]
155,[7,4]
156,[6,4]
157,[6,3]
158,[5,3]
159,[5,2]
160,[5,1]
161,[4,1]
162,[3,1]
163,[2,1]
164,[1,1]
165,[1,2]
166,[1,3]
167,[2,3]
168,[3,3]
169,[2,3]
170,[1,3]
171,[1,2]
172,[1,1]
173,[2,1]
174,[3,1]
175,[4,1]
176,[5,1]
177,[5,2]
178,[5,3]
179,[6,3]
180,[6,4]
181,[7,4]
182,[7,5]
183,[7,6]
184,[7,7]
185,[7,8]
186,[7,9]
187,[8,9]
188,[9,9]
189,[10,9]
190,[11,9]
191,[12,9]
192,[12,9]
193,[12,9]
194,[12,9]
195,[12,9]
196,[12,9]
197,[12,8]
198,[12,7]
199,[12,6]
200,[12,7]
201,[12,8]
202,[12,9]
203,[12,8]
204,[12,7]
205,[11,7]
206,[11,6]
207,[11,5]
208,[11,4]
209,[11,5]
210,[11,6]
211,[11,7]
212,[12,7]
213,[12,8]
214,[12,9]
215,[12,9]
216,[12,9]
217,[12,9]
218,[12,9]
219,[12,9]
220,[12,8]
221,[12,7]
222,[12,6]
223,[12,7]
224,[12,8]
225,[12,9]
226,[11,9]
227,[10,9]
228,[10,10]
229,[10,11]
230,[9,11]
231,[9,12]
232,[8,12]
233,[7,12]
234,[6,12]
235,[7,12]
236,[8,12]
237,[9,12]
238,[9,11]
239,[10,11]
240,[10,10]
241,[10,9]
242,[11,9]
243,[12,9]
244,[12,9]
245,[12,9]
246,[12,9]
247,[12,9]
248,[12,9]
249,[11,9]
250,[10,9]
251,[9,9]
252,[8,9]
253,[7,9]
254,[7,8]
255,[7,7]
256,[7,6]
257,[7,5]
258,[7,4]
259,[6,4]
260,[6,3]
261,[5,3]
262,[5,2]
263,[5,1]
264,[4,1]
265,[5,1]
266,[5,2]
267,[5,3]
268,[6,3]
269,[6,4]
270,[7,4]
271,[7,5]
272,[7,6]
273,[7,7]
274,[7,8]
275,[7,9]
276,[8,9]
277,[9,9]
278,[10,9]
279,[11,9]
280,[12,9]
281,[12,9]
282,[12,9]
283,[12,9]
284,[12,9]
285,[12,9]
286,[11,9]
287,[10,9]
288,[10,10]
289,[10,11]
290,[9,11]
291,[9,12]
292,[8,12]
293,[7,12]
294,[6,12]
295,[7,12]
296,[8,12]
297,[9,12]
298,[9,11]
299,[10,11]
300,[10,10]
301,[10,9]
302,[11,9]
303,[12,9]
304,[12,9]
305,[12,9]
306,[12,9]
307,[12,9]
308,[12,9]
309,[12,8]
310,[12,7]
311,[12,6]
312,[12,7]
313,[12,8]
314,[12,9]
315,[11,9]
316,[10,9]
317,[10,10]
318,[10,11]
319,[9,11]
320,[9,12]
321,[8,12]
322,[7,12]
323,[6,12]
