//Quantitative values
444	//Makespan
445	//Mission completion time hauler 1
2	//Application execution time (in millisecond)
//Path to the final points
0,[1,5]
1,[1,4]
2,[1,3]
3,[1,2]
4,[1,1]
5,[2,1]
6,[3,1]
7,[4,1]
8,[5,1]
9,[5,2]
10,[6,2]
11,[7,2]
12,[8,2]
13,[9,2]
14,[10,2]
15,[11,2]
16,[12,2]
17,[12,3]
18,[12,4]
19,[11,4]
20,[11,5]
21,[11,6]
22,[11,6]
23,[11,6]
24,[11,6]
25,[11,6]
26,[11,6]
27,[11,5]
28,[11,4]
29,[12,4]
30,[12,3]
31,[12,2]
32,[11,2]
33,[10,2]
34,[11,2]
35,[12,2]
36,[12,3]
37,[12,4]
38,[11,4]
39,[11,5]
40,[11,6]
41,[11,5]
42,[11,4]
43,[12,4]
44,[12,3]
45,[12,2]
46,[11,2]
47,[10,2]
48,[9,2]
49,[8,2]
50,[7,2]
51,[6,2]
52,[5,2]
53,[5,1]
54,[4,1]
55,[3,1]
56,[2,1]
57,[1,1]
58,[1,2]
59,[1,3]
60,[1,4]
61,[1,3]
62,[1,2]
63,[1,1]
64,[2,1]
65,[3,1]
66,[4,1]
67,[5,1]
68,[5,2]
69,[6,2]
70,[7,2]
71,[8,2]
72,[9,2]
73,[10,2]
74,[11,2]
75,[12,2]
76,[12,3]
77,[12,4]
78,[11,4]
79,[11,5]
80,[11,6]
81,[11,6]
82,[11,6]
83,[11,6]
84,[11,6]
85,[11,6]
86,[11,5]
87,[11,4]
88,[12,4]
89,[12,3]
90,[12,2]
91,[11,2]
92,[10,2]
93,[11,2]
94,[12,2]
95,[12,3]
96,[12,4]
97,[11,4]
98,[11,5]
99,[11,6]
100,[11,5]
101,[11,4]
102,[12,4]
103,[12,3]
104,[12,2]
105,[11,2]
106,[10,2]
107,[9,2]
108,[8,2]
109,[7,2]
110,[6,2]
111,[5,2]
112,[5,1]
113,[4,1]
114,[3,1]
115,[2,1]
116,[1,1]
117,[1,2]
118,[1,3]
119,[1,4]
120,[1,3]
121,[1,2]
122,[1,1]
123,[2,1]
124,[3,1]
125,[4,1]
126,[5,1]
127,[5,2]
128,[6,2]
129,[7,2]
130,[8,2]
131,[9,2]
132,[10,2]
133,[11,2]
134,[12,2]
135,[12,3]
136,[12,4]
137,[11,4]
138,[11,5]
139,[11,6]
140,[11,6]
141,[11,6]
142,[11,6]
143,[11,6]
144,[11,6]
145,[11,7]
146,[12,7]
147,[12,8]
148,[12,9]
149,[12,10]
150,[12,11]
151,[12,12]
152,[12,11]
153,[12,10]
154,[12,9]
155,[12,8]
156,[12,7]
157,[11,7]
158,[11,6]
159,[11,5]
160,[11,4]
161,[12,4]
162,[12,3]
163,[12,2]
164,[11,2]
165,[10,2]
166,[9,2]
167,[8,2]
168,[7,2]
169,[6,2]
170,[5,2]
171,[5,1]
172,[4,1]
173,[3,1]
174,[2,1]
175,[3,1]
176,[4,1]
177,[5,1]
178,[5,2]
179,[6,2]
180,[7,2]
181,[8,2]
182,[9,2]
183,[10,2]
184,[11,2]
185,[12,2]
186,[12,3]
187,[12,4]
188,[11,4]
189,[11,5]
190,[11,6]
191,[11,6]
192,[11,6]
193,[11,6]
194,[11,6]
195,[11,6]
196,[11,7]
197,[12,7]
198,[12,8]
199,[12,9]
200,[11,9]
201,[10,9]
202,[9,9]
203,[9,10]
204,[9,11]
205,[9,12]
206,[8,12]
207,[7,12]
208,[6,12]
209,[5,12]
210,[4,12]
211,[3,12]
212,[2,12]
213,[3,12]
214,[4,12]
215,[5,12]
216,[6,12]
217,[7,12]
218,[8,12]
219,[9,12]
220,[9,11]
221,[9,10]
222,[9,9]
223,[10,9]
224,[11,9]
225,[12,9]
226,[12,8]
227,[12,7]
228,[11,7]
229,[11,6]
230,[11,6]
231,[11,6]
232,[11,6]
233,[11,6]
234,[11,6]
235,[11,5]
236,[11,4]
237,[12,4]
238,[12,3]
239,[12,2]
240,[11,2]
241,[10,2]
242,[9,2]
243,[8,2]
244,[7,2]
245,[6,2]
246,[5,2]
247,[5,1]
248,[4,1]
249,[3,1]
250,[2,1]
251,[1,1]
252,[1,2]
253,[1,3]
254,[1,4]
255,[1,3]
256,[1,2]
257,[1,1]
258,[2,1]
259,[3,1]
260,[4,1]
261,[5,1]
262,[5,2]
263,[6,2]
264,[7,2]
265,[8,2]
266,[9,2]
267,[10,2]
268,[11,2]
269,[12,2]
270,[12,3]
271,[12,4]
272,[11,4]
273,[11,5]
274,[11,6]
275,[11,6]
276,[11,6]
277,[11,6]
278,[11,6]
279,[11,6]
280,[11,5]
281,[11,4]
282,[12,4]
283,[12,3]
284,[12,2]
285,[11,2]
286,[10,2]
287,[11,2]
288,[12,2]
289,[12,3]
290,[12,4]
291,[11,4]
292,[11,5]
293,[11,6]
294,[11,5]
295,[11,4]
296,[12,4]
297,[12,3]
298,[12,2]
299,[11,2]
300,[10,2]
301,[9,2]
302,[8,2]
303,[7,2]
304,[6,2]
305,[5,2]
306,[5,1]
307,[4,1]
308,[3,1]
309,[2,1]
310,[1,1]
311,[1,2]
312,[1,3]
313,[1,4]
314,[1,3]
315,[1,2]
316,[1,1]
317,[2,1]
318,[3,1]
319,[4,1]
320,[5,1]
321,[5,2]
322,[6,2]
323,[7,2]
324,[8,2]
325,[9,2]
326,[10,2]
327,[11,2]
328,[12,2]
329,[12,3]
330,[12,4]
331,[11,4]
332,[11,5]
333,[11,6]
334,[11,6]
335,[11,6]
336,[11,6]
337,[11,6]
338,[11,6]
339,[11,7]
340,[12,7]
341,[12,8]
342,[12,9]
343,[12,10]
344,[12,11]
345,[12,12]
346,[12,11]
347,[12,10]
348,[12,9]
349,[12,8]
350,[12,7]
351,[11,7]
352,[11,6]
353,[11,5]
354,[11,4]
355,[12,4]
356,[12,3]
357,[12,2]
358,[11,2]
359,[10,2]
360,[9,2]
361,[8,2]
362,[7,2]
363,[6,2]
364,[5,2]
365,[5,1]
366,[4,1]
367,[3,1]
368,[2,1]
369,[3,1]
370,[4,1]
371,[5,1]
372,[5,2]
373,[6,2]
374,[7,2]
375,[8,2]
376,[9,2]
377,[10,2]
378,[11,2]
379,[12,2]
380,[12,3]
381,[12,4]
382,[11,4]
383,[11,5]
384,[11,6]
385,[11,6]
386,[11,6]
387,[11,6]
388,[11,6]
389,[11,6]
390,[11,7]
391,[12,7]
392,[12,8]
393,[12,9]
394,[11,9]
395,[10,9]
396,[9,9]
397,[9,10]
398,[9,11]
399,[9,12]
400,[8,12]
401,[7,12]
402,[6,12]
403,[5,12]
404,[4,12]
405,[3,12]
406,[2,12]
407,[3,12]
408,[4,12]
409,[5,12]
410,[6,12]
411,[7,12]
412,[8,12]
413,[9,12]
414,[9,11]
415,[9,10]
416,[9,9]
417,[10,9]
418,[11,9]
419,[12,9]
420,[12,8]
421,[12,7]
422,[11,7]
423,[11,6]
424,[11,6]
425,[11,6]
426,[11,6]
427,[11,6]
428,[11,6]
429,[11,5]
430,[11,4]
431,[12,4]
432,[12,3]
433,[12,2]
434,[11,2]
435,[10,2]
436,[9,2]
437,[8,2]
438,[7,2]
439,[6,2]
440,[5,2]
441,[5,1]
442,[4,1]
443,[3,1]
444,[2,1]
