//Quantitative values
426	//Makespan
427	//Mission completion time hauler 1
1	//Application execution time (in millisecond)
//Path to the final points
0,[2,7]
1,[2,8]
2,[2,9]
3,[2,10]
4,[2,11]
5,[2,12]
6,[3,12]
7,[4,12]
8,[5,12]
9,[6,12]
10,[7,12]
11,[8,12]
12,[9,12]
13,[10,12]
14,[11,12]
15,[11,12]
16,[11,12]
17,[11,12]
18,[11,12]
19,[11,12]
20,[10,12]
21,[9,12]
22,[9,11]
23,[9,10]
24,[8,10]
25,[7,10]
26,[7,9]
27,[7,8]
28,[7,9]
29,[7,10]
30,[8,10]
31,[9,10]
32,[9,11]
33,[9,12]
34,[10,12]
35,[11,12]
36,[10,12]
37,[9,12]
38,[8,12]
39,[7,12]
40,[6,12]
41,[5,12]
42,[4,12]
43,[3,12]
44,[3,11]
45,[3,10]
46,[3,9]
47,[3,8]
48,[4,8]
49,[5,8]
50,[4,8]
51,[3,8]
52,[3,9]
53,[3,10]
54,[3,11]
55,[3,12]
56,[4,12]
57,[5,12]
58,[6,12]
59,[7,12]
60,[8,12]
61,[9,12]
62,[10,12]
63,[11,12]
64,[11,12]
65,[11,12]
66,[11,12]
67,[11,12]
68,[11,12]
69,[10,12]
70,[9,12]
71,[8,12]
72,[7,12]
73,[6,12]
74,[5,12]
75,[4,12]
76,[3,12]
77,[2,12]
78,[1,12]
79,[2,12]
80,[3,12]
81,[4,12]
82,[5,12]
83,[6,12]
84,[7,12]
85,[8,12]
86,[9,12]
87,[10,12]
88,[11,12]
89,[10,12]
90,[9,12]
91,[9,11]
92,[9,10]
93,[8,10]
94,[7,10]
95,[7,9]
96,[7,8]
97,[7,7]
98,[7,6]
99,[7,5]
100,[7,4]
101,[7,3]
102,[7,2]
103,[7,3]
104,[7,4]
105,[7,5]
106,[7,6]
107,[7,7]
108,[7,8]
109,[7,9]
110,[7,10]
111,[8,10]
112,[9,10]
113,[9,11]
114,[9,12]
115,[10,12]
116,[11,12]
117,[11,12]
118,[11,12]
119,[11,12]
120,[11,12]
121,[11,12]
122,[10,12]
123,[9,12]
124,[9,11]
125,[9,10]
126,[8,10]
127,[7,10]
128,[7,9]
129,[7,8]
130,[7,7]
131,[7,6]
132,[7,5]
133,[7,4]
134,[6,4]
135,[5,4]
136,[5,3]
137,[5,2]
138,[5,1]
139,[4,1]
140,[5,1]
141,[5,2]
142,[5,3]
143,[5,4]
144,[6,4]
145,[7,4]
146,[7,5]
147,[7,6]
148,[7,7]
149,[7,8]
150,[7,9]
151,[7,10]
152,[8,10]
153,[9,10]
154,[9,11]
155,[9,12]
156,[10,12]
157,[11,12]
158,[11,12]
159,[11,12]
160,[11,12]
161,[11,12]
162,[11,12]
163,[10,12]
164,[9,12]
165,[8,12]
166,[7,12]
167,[6,12]
168,[5,12]
169,[4,12]
170,[3,12]
171,[3,11]
172,[3,10]
173,[3,9]
174,[3,8]
175,[4,8]
176,[5,8]
177,[4,8]
178,[3,8]
179,[3,9]
180,[3,10]
181,[3,11]
182,[3,12]
183,[4,12]
184,[5,12]
185,[6,12]
186,[7,12]
187,[8,12]
188,[9,12]
189,[10,12]
190,[11,12]
191,[11,12]
192,[11,12]
193,[11,12]
194,[11,12]
195,[11,12]
196,[10,12]
197,[9,12]
198,[9,11]
199,[9,10]
200,[8,10]
201,[7,10]
202,[7,9]
203,[7,8]
204,[7,7]
205,[7,6]
206,[7,5]
207,[7,4]
208,[6,4]
209,[5,4]
210,[5,3]
211,[5,2]
212,[5,1]
213,[4,1]
214,[5,1]
215,[5,2]
216,[5,3]
217,[5,4]
218,[6,4]
219,[7,4]
220,[7,5]
221,[7,6]
222,[7,7]
223,[7,8]
224,[7,9]
225,[7,10]
226,[8,10]
227,[9,10]
228,[9,11]
229,[9,12]
230,[10,12]
231,[11,12]
232,[11,12]
233,[11,12]
234,[11,12]
235,[11,12]
236,[11,12]
237,[10,12]
238,[9,12]
239,[8,12]
240,[7,12]
241,[6,12]
242,[5,12]
243,[4,12]
244,[3,12]
245,[3,11]
246,[3,10]
247,[3,9]
248,[3,8]
249,[4,8]
250,[5,8]
251,[4,8]
252,[3,8]
253,[3,9]
254,[3,10]
255,[3,11]
256,[3,12]
257,[4,12]
258,[5,12]
259,[6,12]
260,[7,12]
261,[8,12]
262,[9,12]
263,[10,12]
264,[11,12]
265,[11,12]
266,[11,12]
267,[11,12]
268,[11,12]
269,[11,12]
270,[10,12]
271,[9,12]
272,[8,12]
273,[7,12]
274,[6,12]
275,[5,12]
276,[4,12]
277,[3,12]
278,[2,12]
279,[1,12]
280,[2,12]
281,[3,12]
282,[4,12]
283,[5,12]
284,[6,12]
285,[7,12]
286,[8,12]
287,[9,12]
288,[10,12]
289,[11,12]
290,[10,12]
291,[9,12]
292,[8,12]
293,[7,12]
294,[6,12]
295,[5,12]
296,[4,12]
297,[3,12]
298,[3,11]
299,[3,10]
300,[3,9]
301,[3,8]
302,[4,8]
303,[5,8]
304,[4,8]
305,[3,8]
306,[3,9]
307,[3,10]
308,[3,11]
309,[3,12]
310,[4,12]
311,[5,12]
312,[6,12]
313,[7,12]
314,[8,12]
315,[9,12]
316,[10,12]
317,[11,12]
318,[11,12]
319,[11,12]
320,[11,12]
321,[11,12]
322,[11,12]
323,[10,12]
324,[9,12]
325,[9,11]
326,[9,10]
327,[8,10]
328,[7,10]
329,[7,9]
330,[7,8]
331,[7,9]
332,[7,10]
333,[8,10]
334,[9,10]
335,[9,11]
336,[9,12]
337,[10,12]
338,[11,12]
339,[10,12]
340,[9,12]
341,[9,11]
342,[9,10]
343,[8,10]
344,[7,10]
345,[7,9]
346,[7,8]
347,[7,7]
348,[7,6]
349,[7,5]
350,[7,4]
351,[7,3]
352,[7,2]
353,[7,3]
354,[7,4]
355,[7,5]
356,[7,6]
357,[7,7]
358,[7,8]
359,[7,9]
360,[7,10]
361,[8,10]
362,[9,10]
363,[9,11]
364,[9,12]
365,[10,12]
366,[11,12]
367,[11,12]
368,[11,12]
369,[11,12]
370,[11,12]
371,[11,12]
372,[10,12]
373,[9,12]
374,[9,11]
375,[9,10]
376,[8,10]
377,[7,10]
378,[7,9]
379,[7,8]
380,[7,7]
381,[7,6]
382,[7,5]
383,[7,4]
384,[6,4]
385,[5,4]
386,[5,3]
387,[5,2]
388,[5,1]
389,[4,1]
390,[5,1]
391,[5,2]
392,[5,3]
393,[5,4]
394,[6,4]
395,[7,4]
396,[7,5]
397,[7,6]
398,[7,7]
399,[7,8]
400,[7,9]
401,[7,10]
402,[8,10]
403,[9,10]
404,[9,11]
405,[9,12]
406,[10,12]
407,[11,12]
408,[11,12]
409,[11,12]
410,[11,12]
411,[11,12]
412,[11,12]
413,[10,12]
414,[9,12]
415,[9,11]
416,[9,10]
417,[8,10]
418,[7,10]
419,[7,9]
420,[7,8]
421,[7,7]
422,[7,6]
423,[7,5]
424,[7,4]
425,[7,3]
426,[7,2]
