//Quantitative values
249	//Makespan
250	//Mission completion time hauler 1
1	//Application execution time (in millisecond)
//Path to the final points
0,[3,12]
1,[2,12]
2,[1,12]
3,[1,11]
4,[1,10]
5,[1,9]
6,[2,9]
7,[3,9]
8,[4,9]
9,[4,10]
10,[5,10]
11,[5,10]
12,[5,10]
13,[5,10]
14,[5,10]
15,[5,10]
16,[4,10]
17,[4,9]
18,[3,9]
19,[3,8]
20,[3,7]
21,[3,6]
22,[3,5]
23,[3,6]
24,[3,7]
25,[3,8]
26,[3,9]
27,[4,9]
28,[4,10]
29,[5,10]
30,[4,10]
31,[4,9]
32,[3,9]
33,[4,9]
34,[4,10]
35,[5,10]
36,[5,10]
37,[5,10]
38,[5,10]
39,[5,10]
40,[5,10]
41,[4,10]
42,[4,9]
43,[3,9]
44,[2,9]
45,[1,9]
46,[1,10]
47,[1,11]
48,[1,12]
49,[2,12]
50,[3,12]
51,[4,12]
52,[3,12]
53,[2,12]
54,[1,12]
55,[1,11]
56,[1,10]
57,[1,9]
58,[2,9]
59,[3,9]
60,[4,9]
61,[4,10]
62,[5,10]
63,[5,10]
64,[5,10]
65,[5,10]
66,[5,10]
67,[5,10]
68,[4,10]
69,[4,9]
70,[3,9]
71,[4,9]
72,[4,10]
73,[5,10]
74,[4,10]
75,[4,9]
76,[3,9]
77,[3,8]
78,[3,7]
79,[3,6]
80,[3,5]
81,[3,6]
82,[3,7]
83,[3,8]
84,[3,9]
85,[4,9]
86,[4,10]
87,[5,10]
88,[5,10]
89,[5,10]
90,[5,10]
91,[5,10]
92,[5,10]
93,[4,10]
94,[4,9]
95,[3,9]
96,[2,9]
97,[1,9]
98,[2,9]
99,[3,9]
100,[4,9]
101,[4,10]
102,[5,10]
103,[4,10]
104,[4,9]
105,[3,9]
106,[2,9]
107,[1,9]
108,[1,10]
109,[1,11]
110,[1,12]
111,[2,12]
112,[3,12]
113,[4,12]
114,[5,12]
115,[6,12]
116,[7,12]
117,[6,12]
118,[5,12]
119,[4,12]
120,[3,12]
121,[2,12]
122,[1,12]
123,[1,11]
124,[1,10]
125,[1,9]
126,[2,9]
127,[3,9]
128,[4,9]
129,[4,10]
130,[5,10]
131,[5,10]
132,[5,10]
133,[5,10]
134,[5,10]
135,[5,10]
136,[4,10]
137,[4,9]
138,[3,9]
139,[4,9]
140,[4,10]
141,[5,10]
142,[4,10]
143,[4,9]
144,[3,9]
145,[3,8]
146,[3,7]
147,[3,6]
148,[3,5]
149,[3,6]
150,[3,7]
151,[3,8]
152,[3,9]
153,[4,9]
154,[4,10]
155,[5,10]
156,[5,10]
157,[5,10]
158,[5,10]
159,[5,10]
160,[5,10]
161,[4,10]
162,[4,9]
163,[3,9]
164,[2,9]
165,[1,9]
166,[2,9]
167,[3,9]
168,[4,9]
169,[4,10]
170,[5,10]
171,[4,10]
172,[4,9]
173,[3,9]
174,[2,9]
175,[1,9]
176,[1,10]
177,[1,11]
178,[1,12]
179,[2,12]
180,[3,12]
181,[4,12]
182,[5,12]
183,[6,12]
184,[7,12]
185,[6,12]
186,[5,12]
187,[4,12]
188,[3,12]
189,[2,12]
190,[1,12]
191,[1,11]
192,[1,10]
193,[1,9]
194,[2,9]
195,[3,9]
196,[4,9]
197,[4,10]
198,[5,10]
199,[5,10]
200,[5,10]
201,[5,10]
202,[5,10]
203,[5,10]
204,[4,10]
205,[4,9]
206,[3,9]
207,[2,9]
208,[1,9]
209,[2,9]
210,[3,9]
211,[4,9]
212,[4,10]
213,[5,10]
214,[4,10]
215,[4,9]
216,[3,9]
217,[2,9]
218,[1,9]
219,[1,10]
220,[1,11]
221,[1,12]
222,[2,12]
223,[3,12]
224,[4,12]
225,[5,12]
226,[6,12]
227,[7,12]
228,[6,12]
229,[5,12]
230,[4,12]
231,[3,12]
232,[2,12]
233,[1,12]
234,[1,11]
235,[1,10]
236,[1,9]
237,[2,9]
238,[3,9]
239,[4,9]
240,[4,10]
241,[5,10]
242,[5,10]
243,[5,10]
244,[5,10]
245,[5,10]
246,[5,10]
247,[4,10]
248,[4,9]
249,[3,9]
