//Quantitative values
341	//Makespan
342	//Mission completion time hauler 1
2	//Application execution time (in millisecond)
//Path to the final points
0,[10,10]
1,[9,10]
2,[9,11]
3,[9,12]
4,[8,12]
5,[7,12]
6,[6,12]
7,[6,11]
8,[5,11]
9,[4,11]
10,[3,11]
11,[3,10]
12,[3,9]
13,[3,8]
14,[3,9]
15,[3,10]
16,[3,11]
17,[4,11]
18,[5,11]
19,[6,11]
20,[6,12]
21,[7,12]
22,[8,12]
23,[9,12]
24,[9,12]
25,[9,12]
26,[9,12]
27,[9,12]
28,[9,12]
29,[8,12]
30,[7,12]
31,[6,12]
32,[6,11]
33,[6,12]
34,[7,12]
35,[8,12]
36,[9,12]
37,[8,12]
38,[8,11]
39,[8,10]
40,[8,9]
41,[8,8]
42,[8,7]
43,[8,6]
44,[8,5]
45,[8,6]
46,[8,7]
47,[8,8]
48,[8,9]
49,[8,10]
50,[8,11]
51,[8,12]
52,[9,12]
53,[9,12]
54,[9,12]
55,[9,12]
56,[9,12]
57,[9,12]
58,[9,11]
59,[9,10]
60,[9,9]
61,[10,9]
62,[10,8]
63,[10,7]
64,[10,6]
65,[11,6]
66,[10,6]
67,[10,7]
68,[10,8]
69,[10,9]
70,[9,9]
71,[9,10]
72,[9,11]
73,[9,12]
74,[9,12]
75,[9,12]
76,[9,12]
77,[9,12]
78,[9,12]
79,[8,12]
80,[8,11]
81,[8,10]
82,[8,9]
83,[8,8]
84,[8,7]
85,[8,6]
86,[8,5]
87,[8,6]
88,[8,7]
89,[8,8]
90,[8,9]
91,[8,10]
92,[8,11]
93,[8,12]
94,[9,12]
95,[9,12]
96,[9,12]
97,[9,12]
98,[9,12]
99,[9,12]
100,[8,12]
101,[7,12]
102,[6,12]
103,[6,11]
104,[5,11]
105,[4,11]
106,[3,11]
107,[4,11]
108,[5,11]
109,[6,11]
110,[6,12]
111,[7,12]
112,[8,12]
113,[9,12]
114,[8,12]
115,[7,12]
116,[6,12]
117,[6,11]
118,[5,11]
119,[4,11]
120,[3,11]
121,[3,10]
122,[3,9]
123,[3,8]
124,[3,9]
125,[3,10]
126,[3,11]
127,[4,11]
128,[5,11]
129,[6,11]
130,[6,12]
131,[7,12]
132,[8,12]
133,[9,12]
134,[9,12]
135,[9,12]
136,[9,12]
137,[9,12]
138,[9,12]
139,[9,11]
140,[9,10]
141,[9,9]
142,[10,9]
143,[10,8]
144,[10,7]
145,[10,6]
146,[11,6]
147,[10,6]
148,[10,7]
149,[10,8]
150,[10,9]
151,[9,9]
152,[9,10]
153,[9,11]
154,[9,12]
155,[9,12]
156,[9,12]
157,[9,12]
158,[9,12]
159,[9,12]
160,[8,12]
161,[7,12]
162,[6,12]
163,[6,11]
164,[5,11]
165,[4,11]
166,[3,11]
167,[3,10]
168,[3,9]
169,[3,8]
170,[3,9]
171,[3,10]
172,[3,11]
173,[4,11]
174,[5,11]
175,[6,11]
176,[6,12]
177,[7,12]
178,[8,12]
179,[9,12]
180,[9,12]
181,[9,12]
182,[9,12]
183,[9,12]
184,[9,12]
185,[9,11]
186,[9,10]
187,[9,9]
188,[10,9]
189,[10,8]
190,[10,7]
191,[10,6]
192,[11,6]
193,[10,6]
194,[10,7]
195,[10,8]
196,[10,9]
197,[9,9]
198,[9,10]
199,[9,11]
200,[9,12]
201,[9,12]
202,[9,12]
203,[9,12]
204,[9,12]
205,[9,12]
206,[8,12]
207,[7,12]
208,[6,12]
209,[6,11]
210,[5,11]
211,[4,11]
212,[3,11]
213,[3,10]
214,[3,9]
215,[3,8]
216,[3,9]
217,[3,10]
218,[3,11]
219,[4,11]
220,[5,11]
221,[6,11]
222,[6,12]
223,[7,12]
224,[8,12]
225,[9,12]
226,[9,12]
227,[9,12]
228,[9,12]
229,[9,12]
230,[9,12]
231,[8,12]
232,[7,12]
233,[6,12]
234,[6,11]
235,[5,11]
236,[4,11]
237,[3,11]
238,[4,11]
239,[5,11]
240,[6,11]
241,[6,12]
242,[7,12]
243,[8,12]
244,[9,12]
245,[8,12]
246,[7,12]
247,[6,12]
248,[6,11]
249,[5,11]
250,[4,11]
251,[3,11]
252,[3,10]
253,[3,9]
254,[3,8]
255,[3,9]
256,[3,10]
257,[3,11]
258,[4,11]
259,[5,11]
260,[6,11]
261,[6,12]
262,[7,12]
263,[8,12]
264,[9,12]
265,[9,12]
266,[9,12]
267,[9,12]
268,[9,12]
269,[9,12]
270,[8,12]
271,[7,12]
272,[6,12]
273,[6,11]
274,[5,11]
275,[4,11]
276,[3,11]
277,[4,11]
278,[5,11]
279,[6,11]
280,[6,12]
281,[7,12]
282,[8,12]
283,[9,12]
284,[8,12]
285,[8,11]
286,[8,10]
287,[8,9]
288,[8,8]
289,[8,7]
290,[8,6]
291,[8,5]
292,[8,6]
293,[8,7]
294,[8,8]
295,[8,9]
296,[8,10]
297,[8,11]
298,[8,12]
299,[9,12]
300,[9,12]
301,[9,12]
302,[9,12]
303,[9,12]
304,[9,12]
305,[8,12]
306,[7,12]
307,[6,12]
308,[6,11]
309,[6,12]
310,[7,12]
311,[8,12]
312,[9,12]
313,[8,12]
314,[8,11]
315,[8,10]
316,[8,9]
317,[8,8]
318,[8,7]
319,[8,6]
320,[8,5]
321,[8,6]
322,[8,7]
323,[8,8]
324,[8,9]
325,[8,10]
326,[8,11]
327,[8,12]
328,[9,12]
329,[9,12]
330,[9,12]
331,[9,12]
332,[9,12]
333,[9,12]
334,[9,11]
335,[9,10]
336,[9,9]
337,[10,9]
338,[10,8]
339,[10,7]
340,[10,6]
341,[11,6]
