//Quantitative values
437	//Makespan
438	//Mission completion time hauler 1
2	//Application execution time (in millisecond)
//Path to the final points
0,[1,12]
1,[1,11]
2,[1,10]
3,[2,10]
4,[2,9]
5,[2,8]
6,[2,7]
7,[2,6]
8,[2,5]
9,[2,4]
10,[2,3]
11,[3,3]
12,[3,2]
13,[3,1]
14,[4,1]
15,[5,1]
16,[6,1]
17,[7,1]
18,[8,1]
19,[9,1]
20,[9,1]
21,[9,1]
22,[9,1]
23,[9,1]
24,[9,1]
25,[8,1]
26,[7,1]
27,[6,1]
28,[6,2]
29,[6,3]
30,[6,4]
31,[6,5]
32,[6,6]
33,[6,7]
34,[6,8]
35,[6,9]
36,[5,9]
37,[6,9]
38,[6,8]
39,[6,7]
40,[6,6]
41,[6,5]
42,[6,4]
43,[6,3]
44,[6,2]
45,[6,1]
46,[7,1]
47,[8,1]
48,[9,1]
49,[9,1]
50,[9,1]
51,[9,1]
52,[9,1]
53,[9,1]
54,[8,1]
55,[7,1]
56,[6,1]
57,[6,2]
58,[6,3]
59,[6,4]
60,[5,4]
61,[5,5]
62,[5,6]
63,[5,5]
64,[5,4]
65,[6,4]
66,[6,3]
67,[6,2]
68,[6,1]
69,[7,1]
70,[8,1]
71,[9,1]
72,[8,1]
73,[7,1]
74,[6,1]
75,[6,2]
76,[6,3]
77,[6,4]
78,[6,5]
79,[6,6]
80,[6,7]
81,[6,8]
82,[6,9]
83,[5,9]
84,[6,9]
85,[6,8]
86,[6,7]
87,[6,6]
88,[6,5]
89,[6,4]
90,[6,3]
91,[6,2]
92,[6,1]
93,[7,1]
94,[8,1]
95,[9,1]
96,[9,1]
97,[9,1]
98,[9,1]
99,[9,1]
100,[9,1]
101,[9,2]
102,[9,3]
103,[9,4]
104,[9,5]
105,[9,6]
106,[9,7]
107,[10,7]
108,[9,7]
109,[9,6]
110,[9,5]
111,[9,4]
112,[9,3]
113,[9,2]
114,[9,1]
115,[8,1]
116,[7,1]
117,[6,1]
118,[5,1]
119,[4,1]
120,[3,1]
121,[3,2]
122,[3,3]
123,[2,3]
124,[1,3]
125,[1,4]
126,[1,5]
127,[1,6]
128,[1,5]
129,[1,4]
130,[1,3]
131,[2,3]
132,[3,3]
133,[3,2]
134,[3,1]
135,[4,1]
136,[5,1]
137,[6,1]
138,[7,1]
139,[8,1]
140,[9,1]
141,[9,1]
142,[9,1]
143,[9,1]
144,[9,1]
145,[9,1]
146,[8,1]
147,[7,1]
148,[6,1]
149,[6,2]
150,[6,3]
151,[6,4]
152,[5,4]
153,[4,4]
154,[4,5]
155,[4,6]
156,[4,5]
157,[4,4]
158,[5,4]
159,[6,4]
160,[6,3]
161,[6,2]
162,[6,1]
163,[7,1]
164,[8,1]
165,[9,1]
166,[8,1]
167,[7,1]
168,[6,1]
169,[6,2]
170,[6,3]
171,[6,4]
172,[6,5]
173,[6,6]
174,[6,7]
175,[6,8]
176,[6,9]
177,[5,9]
178,[6,9]
179,[6,8]
180,[6,7]
181,[6,6]
182,[6,5]
183,[6,4]
184,[6,3]
185,[6,2]
186,[6,1]
187,[7,1]
188,[8,1]
189,[9,1]
190,[9,1]
191,[9,1]
192,[9,1]
193,[9,1]
194,[9,1]
195,[9,2]
196,[9,3]
197,[9,4]
198,[9,5]
199,[9,6]
200,[9,7]
201,[10,7]
202,[9,7]
203,[9,6]
204,[9,5]
205,[9,4]
206,[9,3]
207,[9,2]
208,[9,1]
209,[8,1]
210,[7,1]
211,[6,1]
212,[5,1]
213,[4,1]
214,[3,1]
215,[3,2]
216,[3,3]
217,[2,3]
218,[1,3]
219,[1,4]
220,[1,5]
221,[1,6]
222,[1,5]
223,[1,4]
224,[1,3]
225,[2,3]
226,[3,3]
227,[3,2]
228,[3,1]
229,[4,1]
230,[5,1]
231,[6,1]
232,[7,1]
233,[8,1]
234,[9,1]
235,[9,1]
236,[9,1]
237,[9,1]
238,[9,1]
239,[9,1]
240,[8,1]
241,[7,1]
242,[6,1]
243,[6,2]
244,[6,3]
245,[6,4]
246,[5,4]
247,[5,5]
248,[5,6]
249,[5,5]
250,[5,4]
251,[6,4]
252,[6,3]
253,[6,2]
254,[6,1]
255,[7,1]
256,[8,1]
257,[9,1]
258,[8,1]
259,[7,1]
260,[6,1]
261,[6,2]
262,[6,3]
263,[6,4]
264,[6,5]
265,[6,6]
266,[6,7]
267,[6,8]
268,[6,9]
269,[5,9]
270,[6,9]
271,[6,8]
272,[6,7]
273,[6,6]
274,[6,5]
275,[6,4]
276,[6,3]
277,[6,2]
278,[6,1]
279,[7,1]
280,[8,1]
281,[9,1]
282,[9,1]
283,[9,1]
284,[9,1]
285,[9,1]
286,[9,1]
287,[8,1]
288,[7,1]
289,[6,1]
290,[6,2]
291,[6,3]
292,[6,4]
293,[5,4]
294,[4,4]
295,[4,5]
296,[4,6]
297,[4,5]
298,[4,4]
299,[5,4]
300,[6,4]
301,[6,3]
302,[6,2]
303,[6,1]
304,[7,1]
305,[8,1]
306,[9,1]
307,[8,1]
308,[7,1]
309,[6,1]
310,[6,2]
311,[6,3]
312,[6,4]
313,[6,5]
314,[6,6]
315,[6,7]
316,[6,8]
317,[6,9]
318,[5,9]
319,[6,9]
320,[6,8]
321,[6,7]
322,[6,6]
323,[6,5]
324,[6,4]
325,[6,3]
326,[6,2]
327,[6,1]
328,[7,1]
329,[8,1]
330,[9,1]
331,[9,1]
332,[9,1]
333,[9,1]
334,[9,1]
335,[9,1]
336,[9,2]
337,[9,3]
338,[9,4]
339,[9,5]
340,[9,6]
341,[9,7]
342,[10,7]
343,[9,7]
344,[9,6]
345,[9,5]
346,[9,4]
347,[9,3]
348,[9,2]
349,[9,1]
350,[8,1]
351,[7,1]
352,[6,1]
353,[6,2]
354,[6,3]
355,[6,4]
356,[6,5]
357,[6,6]
358,[6,7]
359,[6,8]
360,[6,9]
361,[5,9]
362,[6,9]
363,[6,8]
364,[6,7]
365,[6,6]
366,[6,5]
367,[6,4]
368,[6,3]
369,[6,2]
370,[6,1]
371,[7,1]
372,[8,1]
373,[9,1]
374,[9,1]
375,[9,1]
376,[9,1]
377,[9,1]
378,[9,1]
379,[8,1]
380,[7,1]
381,[6,1]
382,[6,2]
383,[6,3]
384,[6,4]
385,[5,4]
386,[5,5]
387,[5,6]
388,[5,5]
389,[5,4]
390,[6,4]
391,[6,3]
392,[6,2]
393,[6,1]
394,[7,1]
395,[8,1]
396,[9,1]
397,[8,1]
398,[7,1]
399,[6,1]
400,[5,1]
401,[4,1]
402,[3,1]
403,[3,2]
404,[3,3]
405,[2,3]
406,[1,3]
407,[1,4]
408,[1,5]
409,[1,6]
410,[1,5]
411,[1,4]
412,[1,3]
413,[2,3]
414,[3,3]
415,[3,2]
416,[3,1]
417,[4,1]
418,[5,1]
419,[6,1]
420,[7,1]
421,[8,1]
422,[9,1]
423,[9,1]
424,[9,1]
425,[9,1]
426,[9,1]
427,[9,1]
428,[8,1]
429,[7,1]
430,[6,1]
431,[6,2]
432,[6,3]
433,[6,4]
434,[5,4]
435,[4,4]
436,[4,5]
437,[4,6]
