//Quantitative values
314	//Makespan
315	//Mission completion time hauler 1
2	//Application execution time (in millisecond)
//Path to the final points
0,[9,8]
1,[8,8]
2,[8,9]
3,[8,10]
4,[7,10]
5,[6,10]
6,[6,9]
7,[5,9]
8,[5,8]
9,[5,7]
10,[5,6]
11,[5,5]
12,[5,4]
13,[5,3]
14,[5,2]
15,[6,2]
16,[7,2]
17,[8,2]
18,[9,2]
19,[10,2]
20,[11,2]
21,[10,2]
22,[9,2]
23,[8,2]
24,[7,2]
25,[6,2]
26,[5,2]
27,[5,3]
28,[5,4]
29,[5,5]
30,[5,6]
31,[5,6]
32,[5,6]
33,[5,6]
34,[5,6]
35,[5,6]
36,[5,5]
37,[5,4]
38,[5,3]
39,[6,3]
40,[7,3]
41,[8,3]
42,[7,3]
43,[6,3]
44,[5,3]
45,[5,4]
46,[5,5]
47,[5,6]
48,[4,6]
49,[3,6]
50,[2,6]
51,[2,5]
52,[2,4]
53,[2,5]
54,[2,6]
55,[3,6]
56,[4,6]
57,[5,6]
58,[5,6]
59,[5,6]
60,[5,6]
61,[5,6]
62,[5,6]
63,[5,5]
64,[5,4]
65,[5,3]
66,[6,3]
67,[7,3]
68,[8,3]
69,[7,3]
70,[6,3]
71,[5,3]
72,[5,4]
73,[5,5]
74,[5,6]
75,[4,6]
76,[3,6]
77,[2,6]
78,[2,5]
79,[2,4]
80,[2,5]
81,[2,6]
82,[3,6]
83,[4,6]
84,[5,6]
85,[5,6]
86,[5,6]
87,[5,6]
88,[5,6]
89,[5,6]
90,[5,7]
91,[5,8]
92,[5,9]
93,[6,9]
94,[6,10]
95,[7,10]
96,[8,10]
97,[9,10]
98,[9,11]
99,[10,11]
100,[11,11]
101,[12,11]
102,[11,11]
103,[10,11]
104,[9,11]
105,[9,10]
106,[8,10]
107,[7,10]
108,[6,10]
109,[6,9]
110,[5,9]
111,[5,8]
112,[5,7]
113,[5,6]
114,[5,6]
115,[5,6]
116,[5,6]
117,[5,6]
118,[5,6]
119,[4,6]
120,[3,6]
121,[2,6]
122,[2,5]
123,[2,4]
124,[2,5]
125,[2,6]
126,[3,6]
127,[4,6]
128,[5,6]
129,[5,7]
130,[5,8]
131,[5,9]
132,[6,9]
133,[6,10]
134,[7,10]
135,[8,10]
136,[9,10]
137,[9,11]
138,[10,11]
139,[11,11]
140,[12,11]
141,[11,11]
142,[10,11]
143,[9,11]
144,[9,10]
145,[8,10]
146,[7,10]
147,[6,10]
148,[6,9]
149,[5,9]
150,[5,8]
151,[5,7]
152,[5,6]
153,[5,6]
154,[5,6]
155,[5,6]
156,[5,6]
157,[5,6]
158,[5,5]
159,[5,4]
160,[5,3]
161,[5,2]
162,[6,2]
163,[7,2]
164,[8,2]
165,[9,2]
166,[10,2]
167,[11,2]
168,[10,2]
169,[9,2]
170,[8,2]
171,[7,2]
172,[6,2]
173,[5,2]
174,[5,3]
175,[5,4]
176,[5,5]
177,[5,6]
178,[5,6]
179,[5,6]
180,[5,6]
181,[5,6]
182,[5,6]
183,[5,5]
184,[5,4]
185,[5,3]
186,[5,2]
187,[5,3]
188,[5,4]
189,[5,5]
190,[5,6]
191,[4,6]
192,[3,6]
193,[2,6]
194,[2,5]
195,[2,4]
196,[2,5]
197,[2,6]
198,[3,6]
199,[4,6]
200,[5,6]
201,[5,6]
202,[5,6]
203,[5,6]
204,[5,6]
205,[5,6]
206,[5,5]
207,[5,4]
208,[5,3]
209,[6,3]
210,[7,3]
211,[8,3]
212,[7,3]
213,[6,3]
214,[5,3]
215,[5,4]
216,[5,5]
217,[5,6]
218,[4,6]
219,[3,6]
220,[2,6]
221,[2,5]
222,[2,4]
223,[2,5]
224,[2,6]
225,[3,6]
226,[4,6]
227,[5,6]
228,[5,6]
229,[5,6]
230,[5,6]
231,[5,6]
232,[5,6]
233,[5,5]
234,[5,4]
235,[5,3]
236,[6,3]
237,[7,3]
238,[8,3]
239,[7,3]
240,[6,3]
241,[5,3]
242,[5,4]
243,[5,5]
244,[5,6]
245,[5,5]
246,[5,4]
247,[5,3]
248,[5,2]
249,[6,2]
250,[7,2]
251,[8,2]
252,[9,2]
253,[10,2]
254,[11,2]
255,[10,2]
256,[9,2]
257,[8,2]
258,[7,2]
259,[6,2]
260,[5,2]
261,[5,3]
262,[5,4]
263,[5,5]
264,[5,6]
265,[5,6]
266,[5,6]
267,[5,6]
268,[5,6]
269,[5,6]
270,[5,5]
271,[5,4]
272,[5,3]
273,[5,2]
274,[5,3]
275,[5,4]
276,[5,5]
277,[5,6]
278,[5,5]
279,[5,4]
280,[5,3]
281,[5,2]
282,[6,2]
283,[7,2]
284,[8,2]
285,[9,2]
286,[10,2]
287,[11,2]
288,[10,2]
289,[9,2]
290,[8,2]
291,[7,2]
292,[6,2]
293,[5,2]
294,[5,3]
295,[5,4]
296,[5,5]
297,[5,6]
298,[5,6]
299,[5,6]
300,[5,6]
301,[5,6]
302,[5,6]
303,[5,7]
304,[5,8]
305,[5,9]
306,[6,9]
307,[6,10]
308,[7,10]
309,[8,10]
310,[9,10]
311,[9,11]
312,[10,11]
313,[11,11]
314,[12,11]
