//Quantitative values
271	//Makespan
272	//Mission completion time hauler 1
2	//Application execution time (in millisecond)
//Path to the final points
0,[10,10]
1,[9,10]
2,[9,9]
3,[9,8]
4,[9,7]
5,[9,6]
6,[9,5]
7,[9,4]
8,[9,3]
9,[8,3]
10,[8,2]
11,[7,2]
12,[6,2]
13,[6,3]
14,[6,4]
15,[6,5]
16,[7,5]
17,[6,5]
18,[6,4]
19,[6,3]
20,[6,2]
21,[7,2]
22,[8,2]
23,[8,2]
24,[8,2]
25,[8,2]
26,[8,2]
27,[8,2]
28,[7,2]
29,[6,2]
30,[5,2]
31,[5,3]
32,[5,4]
33,[5,5]
34,[4,5]
35,[4,6]
36,[4,7]
37,[4,8]
38,[4,7]
39,[4,6]
40,[4,5]
41,[5,5]
42,[5,4]
43,[5,3]
44,[5,2]
45,[6,2]
46,[7,2]
47,[8,2]
48,[8,2]
49,[8,2]
50,[8,2]
51,[8,2]
52,[8,2]
53,[9,2]
54,[10,2]
55,[11,2]
56,[10,2]
57,[9,2]
58,[8,2]
59,[7,2]
60,[6,2]
61,[5,2]
62,[5,3]
63,[5,4]
64,[5,5]
65,[4,5]
66,[4,6]
67,[4,7]
68,[4,8]
69,[4,7]
70,[4,6]
71,[4,5]
72,[5,5]
73,[5,4]
74,[5,3]
75,[5,2]
76,[6,2]
77,[7,2]
78,[8,2]
79,[8,2]
80,[8,2]
81,[8,2]
82,[8,2]
83,[8,2]
84,[9,2]
85,[10,2]
86,[11,2]
87,[10,2]
88,[9,2]
89,[8,2]
90,[7,2]
91,[6,2]
92,[5,2]
93,[5,3]
94,[5,4]
95,[5,5]
96,[4,5]
97,[4,6]
98,[4,7]
99,[4,8]
100,[4,7]
101,[4,6]
102,[4,5]
103,[5,5]
104,[5,4]
105,[5,3]
106,[5,2]
107,[6,2]
108,[7,2]
109,[8,2]
110,[8,2]
111,[8,2]
112,[8,2]
113,[8,2]
114,[8,2]
115,[9,2]
116,[8,2]
117,[7,2]
118,[6,2]
119,[5,2]
120,[5,3]
121,[5,4]
122,[5,5]
123,[4,5]
124,[4,6]
125,[4,7]
126,[4,8]
127,[4,7]
128,[4,6]
129,[4,5]
130,[5,5]
131,[5,4]
132,[5,3]
133,[5,2]
134,[6,2]
135,[7,2]
136,[8,2]
137,[8,2]
138,[8,2]
139,[8,2]
140,[8,2]
141,[8,2]
142,[9,2]
143,[8,2]
144,[7,2]
145,[6,2]
146,[5,2]
147,[5,3]
148,[5,4]
149,[5,5]
150,[4,5]
151,[4,6]
152,[4,7]
153,[4,8]
154,[4,7]
155,[4,6]
156,[4,5]
157,[5,5]
158,[5,4]
159,[5,3]
160,[5,2]
161,[6,2]
162,[7,2]
163,[8,2]
164,[8,2]
165,[8,2]
166,[8,2]
167,[8,2]
168,[8,2]
169,[9,2]
170,[10,2]
171,[11,2]
172,[10,2]
173,[9,2]
174,[8,2]
175,[7,2]
176,[6,2]
177,[5,2]
178,[5,3]
179,[5,4]
180,[5,5]
181,[4,5]
182,[4,6]
183,[4,7]
184,[4,8]
185,[4,7]
186,[4,6]
187,[4,5]
188,[5,5]
189,[5,4]
190,[5,3]
191,[5,2]
192,[6,2]
193,[7,2]
194,[8,2]
195,[8,2]
196,[8,2]
197,[8,2]
198,[8,2]
199,[8,2]
200,[7,2]
201,[6,2]
202,[6,3]
203,[6,4]
204,[6,5]
205,[7,5]
206,[6,5]
207,[6,4]
208,[6,3]
209,[6,2]
210,[7,2]
211,[8,2]
212,[7,2]
213,[6,2]
214,[6,3]
215,[6,4]
216,[6,3]
217,[6,2]
218,[7,2]
219,[8,2]
220,[8,2]
221,[8,2]
222,[8,2]
223,[8,2]
224,[8,2]
225,[7,2]
226,[6,2]
227,[6,3]
228,[6,4]
229,[6,5]
230,[7,5]
231,[6,5]
232,[6,4]
233,[6,3]
234,[6,2]
235,[7,2]
236,[8,2]
237,[7,2]
238,[6,2]
239,[6,3]
240,[6,4]
241,[6,3]
242,[6,2]
243,[7,2]
244,[8,2]
245,[8,2]
246,[8,2]
247,[8,2]
248,[8,2]
249,[8,2]
250,[7,2]
251,[6,2]
252,[6,3]
253,[6,4]
254,[6,5]
255,[7,5]
256,[6,5]
257,[6,4]
258,[6,3]
259,[6,2]
260,[7,2]
261,[8,2]
262,[7,2]
263,[6,2]
264,[5,2]
265,[5,3]
266,[5,4]
267,[5,5]
268,[4,5]
269,[4,6]
270,[4,7]
271,[4,8]
