//Quantitative values
322	//Makespan
323	//Mission completion time hauler 1
1	//Application execution time (in millisecond)
//Path to the final points
0,[12,7]
1,[12,8]
2,[11,8]
3,[10,8]
4,[9,8]
5,[8,8]
6,[7,8]
7,[7,9]
8,[6,9]
9,[5,9]
10,[4,9]
11,[3,9]
12,[2,9]
13,[1,9]
14,[1,9]
15,[1,9]
16,[1,9]
17,[1,9]
18,[1,9]
19,[2,9]
20,[1,9]
21,[2,9]
22,[2,8]
23,[2,7]
24,[2,6]
25,[2,5]
26,[3,5]
27,[2,5]
28,[2,6]
29,[2,7]
30,[2,8]
31,[2,9]
32,[1,9]
33,[1,9]
34,[1,9]
35,[1,9]
36,[1,9]
37,[1,9]
38,[2,9]
39,[2,8]
40,[2,7]
41,[2,6]
42,[2,5]
43,[3,5]
44,[3,4]
45,[3,3]
46,[3,2]
47,[3,1]
48,[4,1]
49,[3,1]
50,[3,2]
51,[3,3]
52,[3,4]
53,[3,5]
54,[2,5]
55,[2,6]
56,[2,7]
57,[2,8]
58,[2,9]
59,[1,9]
60,[1,9]
61,[1,9]
62,[1,9]
63,[1,9]
64,[1,9]
65,[2,9]
66,[2,8]
67,[2,7]
68,[2,6]
69,[2,5]
70,[3,5]
71,[2,5]
72,[2,6]
73,[2,7]
74,[2,8]
75,[2,9]
76,[1,9]
77,[2,9]
78,[1,9]
79,[1,9]
80,[1,9]
81,[1,9]
82,[1,9]
83,[1,9]
84,[2,9]
85,[2,8]
86,[2,7]
87,[2,6]
88,[2,5]
89,[3,5]
90,[3,4]
91,[3,3]
92,[3,2]
93,[4,2]
94,[3,2]
95,[3,3]
96,[3,4]
97,[3,5]
98,[2,5]
99,[2,6]
100,[2,7]
101,[2,8]
102,[2,9]
103,[1,9]
104,[1,9]
105,[1,9]
106,[1,9]
107,[1,9]
108,[1,9]
109,[2,9]
110,[2,8]
111,[2,7]
112,[2,6]
113,[2,5]
114,[3,5]
115,[3,4]
116,[3,3]
117,[3,2]
118,[3,1]
119,[4,1]
120,[3,1]
121,[3,2]
122,[3,3]
123,[3,4]
124,[3,5]
125,[2,5]
126,[2,6]
127,[2,7]
128,[2,8]
129,[2,9]
130,[1,9]
131,[1,9]
132,[1,9]
133,[1,9]
134,[1,9]
135,[1,9]
136,[2,9]
137,[2,8]
138,[2,7]
139,[2,6]
140,[2,5]
141,[3,5]
142,[3,4]
143,[3,3]
144,[3,2]
145,[4,2]
146,[3,2]
147,[3,3]
148,[3,4]
149,[3,5]
150,[2,5]
151,[2,6]
152,[2,7]
153,[2,8]
154,[2,9]
155,[1,9]
156,[1,9]
157,[1,9]
158,[1,9]
159,[1,9]
160,[1,9]
161,[2,9]
162,[1,9]
163,[2,9]
164,[2,8]
165,[2,7]
166,[2,6]
167,[2,5]
168,[3,5]
169,[3,4]
170,[3,3]
171,[3,2]
172,[4,2]
173,[3,2]
174,[3,3]
175,[3,4]
176,[3,5]
177,[2,5]
178,[2,6]
179,[2,7]
180,[2,8]
181,[2,9]
182,[1,9]
183,[1,9]
184,[1,9]
185,[1,9]
186,[1,9]
187,[1,9]
188,[2,9]
189,[2,8]
190,[2,7]
191,[2,6]
192,[2,5]
193,[3,5]
194,[3,4]
195,[3,3]
196,[3,2]
197,[3,1]
198,[4,1]
199,[3,1]
200,[3,2]
201,[3,3]
202,[3,4]
203,[3,5]
204,[2,5]
205,[2,6]
206,[2,7]
207,[2,8]
208,[2,9]
209,[1,9]
210,[1,9]
211,[1,9]
212,[1,9]
213,[1,9]
214,[1,9]
215,[2,9]
216,[2,8]
217,[2,7]
218,[2,6]
219,[2,5]
220,[3,5]
221,[2,5]
222,[2,6]
223,[2,7]
224,[2,8]
225,[2,9]
226,[1,9]
227,[2,9]
228,[1,9]
229,[1,9]
230,[1,9]
231,[1,9]
232,[1,9]
233,[1,9]
234,[2,9]
235,[2,8]
236,[2,7]
237,[2,6]
238,[2,5]
239,[3,5]
240,[3,4]
241,[3,3]
242,[3,2]
243,[4,2]
244,[3,2]
245,[3,3]
246,[3,4]
247,[3,5]
248,[2,5]
249,[2,6]
250,[2,7]
251,[2,8]
252,[2,9]
253,[1,9]
254,[1,9]
255,[1,9]
256,[1,9]
257,[1,9]
258,[1,9]
259,[2,9]
260,[2,8]
261,[2,7]
262,[2,6]
263,[2,5]
264,[3,5]
265,[3,4]
266,[3,3]
267,[3,2]
268,[3,1]
269,[4,1]
270,[3,1]
271,[3,2]
272,[3,3]
273,[3,4]
274,[3,5]
275,[2,5]
276,[2,6]
277,[2,7]
278,[2,8]
279,[2,9]
280,[1,9]
281,[1,9]
282,[1,9]
283,[1,9]
284,[1,9]
285,[1,9]
286,[2,9]
287,[2,8]
288,[2,7]
289,[2,6]
290,[2,5]
291,[3,5]
292,[3,4]
293,[3,3]
294,[3,2]
295,[4,2]
296,[3,2]
297,[3,3]
298,[3,4]
299,[3,5]
300,[2,5]
301,[2,6]
302,[2,7]
303,[2,8]
304,[2,9]
305,[1,9]
306,[1,9]
307,[1,9]
308,[1,9]
309,[1,9]
310,[1,9]
311,[2,9]
312,[1,9]
313,[2,9]
314,[2,8]
315,[2,7]
316,[2,6]
317,[2,5]
318,[3,5]
319,[3,4]
320,[3,3]
321,[3,2]
322,[4,2]
