//Quantitative values
106	//Makespan
48	//Mission completion time hauler 1
70	//Mission completion time hauler 2
106	//Mission completion time hauler 3
2	//Application execution time (in millisecond)
//Path to the final points
0,[6,3],[7,6],[3,7]
1,[5,3],[6,6],[4,7]
2,[5,4],[5,6],[5,7]
3,[5,5],[5,6],[5,7]
4,[5,6],[5,5],[5,7]
5,[5,7],[4,5],[5,6]
6,[5,8],[3,5],[6,6]
7,[5,7],[3,4],[7,6]
8,[6,7],[3,3],[8,6]
9,[7,7],[3,2],[8,5]
10,[6,7],[2,2],[9,5]
11,[5,7],[2,1],[10,5]
12,[5,8],[2,2],[11,5]
13,[4,8],[3,2],[12,5]
14,[3,8],[3,3],[12,4]
15,[3,7],[3,4],[12,5]
16,[3,6],[3,5],[11,5]
17,[3,5],[3,6],[10,5]
18,[3,4],[3,7],[9,5]
19,[3,3],[3,8],[8,5]
20,[3,2],[4,8],[8,6]
21,[2,2],[5,8],[7,6]
22,[2,1],[5,7],[6,6]
23,[2,2],[6,7],[5,6]
24,[3,2],[7,7],[5,7]
25,[3,3],[6,7],[4,7]
26,[3,4],[5,7],[3,7]
27,[3,5],[4,7],[2,7]
28,[3,6],[3,7],[1,7]
29,[3,7],[2,7],[1,8]
30,[3,8],[1,7],[1,9]
31,[4,8],[1,8],[1,10]
32,[5,8],[1,9],[2,10]
33,[5,7],[1,10],[2,10]
34,[6,7],[2,10],[1,10]
35,[7,7],[1,10],[1,9]
36,[6,7],[1,9],[1,8]
37,[5,7],[1,8],[1,7]
38,[5,8],[1,7],[2,7]
39,[4,8],[2,7],[3,7]
40,[3,8],[3,7],[4,7]
41,[3,7],[4,7],[5,7]
42,[3,6],[5,7],[5,6]
43,[3,5],[6,7],[6,6]
44,[3,4],[7,7],[7,6]
45,[3,3],[6,7],[8,6]
46,[3,2],[5,7],[8,5]
47,[2,2],[5,8],[9,5]
48,[2,1],[4,8],[10,5]
49,[2,1],[3,8],[11,5]
50,[2,1],[3,7],[12,5]
51,[2,1],[3,6],[12,4]
52,[2,1],[3,5],[12,5]
53,[2,1],[3,4],[11,5]
54,[2,1],[3,3],[10,5]
55,[2,1],[3,2],[9,5]
56,[2,1],[2,2],[8,5]
57,[2,1],[2,1],[8,6]
58,[2,1],[2,2],[7,6]
59,[2,1],[3,2],[6,6]
60,[2,1],[3,3],[5,6]
61,[2,1],[3,4],[5,7]
62,[2,1],[2,4],[5,8]
63,[2,1],[2,5],[5,7]
64,[2,1],[1,5],[5,6]
65,[2,1],[1,6],[6,6]
66,[2,1],[1,7],[7,6]
67,[2,1],[1,8],[8,6]
68,[2,1],[1,9],[8,5]
69,[2,1],[1,10],[9,5]
70,[2,1],[2,10],[10,5]
71,[2,1],[2,10],[11,5]
72,[2,1],[2,10],[12,5]
73,[2,1],[2,10],[12,4]
74,[2,1],[2,10],[12,5]
75,[2,1],[2,10],[11,5]
76,[2,1],[2,10],[10,5]
77,[2,1],[2,10],[9,5]
78,[2,1],[2,10],[8,5]
79,[2,1],[2,10],[8,6]
80,[2,1],[2,10],[7,6]
81,[2,1],[2,10],[6,6]
82,[2,1],[2,10],[5,6]
83,[2,1],[2,10],[5,7]
84,[2,1],[2,10],[5,8]
85,[2,1],[2,10],[5,7]
86,[2,1],[2,10],[5,6]
87,[2,1],[2,10],[6,6]
88,[2,1],[2,10],[7,6]
89,[2,1],[2,10],[8,6]
90,[2,1],[2,10],[8,5]
91,[2,1],[2,10],[9,5]
92,[2,1],[2,10],[10,5]
93,[2,1],[2,10],[11,5]
94,[2,1],[2,10],[12,5]
95,[2,1],[2,10],[12,4]
96,[2,1],[2,10],[12,5]
97,[2,1],[2,10],[11,5]
98,[2,1],[2,10],[10,5]
99,[2,1],[2,10],[9,5]
100,[2,1],[2,10],[8,5]
101,[2,1],[2,10],[8,6]
102,[2,1],[2,10],[7,6]
103,[2,1],[2,10],[6,6]
104,[2,1],[2,10],[5,6]
105,[2,1],[2,10],[5,7]
106,[2,1],[2,10],[5,8]
