//Quantitative values
131	//Makespan
132	//Mission completion time hauler 1
1	//Application execution time (in millisecond)
//Path to the final points
0,[3,2]
1,[3,3]
2,[3,4]
3,[3,5]
4,[3,6]
5,[3,7]
6,[3,8]
7,[4,8]
8,[5,8]
9,[6,8]
10,[7,8]
11,[8,8]
12,[7,8]
13,[6,8]
14,[5,8]
15,[4,8]
16,[3,8]
17,[2,8]
18,[1,8]
19,[1,7]
20,[1,6]
21,[1,5]
22,[1,4]
23,[1,3]
24,[1,4]
25,[1,5]
26,[1,6]
27,[1,7]
28,[1,8]
29,[2,8]
30,[3,8]
31,[4,8]
32,[5,8]
33,[6,8]
34,[7,8]
35,[8,8]
36,[8,7]
37,[8,6]
38,[8,5]
39,[8,4]
40,[9,4]
41,[9,3]
42,[9,2]
43,[10,2]
44,[11,2]
45,[12,2]
46,[11,2]
47,[10,2]
48,[9,2]
49,[9,3]
50,[9,4]
51,[8,4]
52,[8,5]
53,[8,6]
54,[8,7]
55,[8,8]
56,[8,9]
57,[8,10]
58,[8,11]
59,[8,10]
60,[8,9]
61,[8,8]
62,[8,7]
63,[8,6]
64,[8,5]
65,[8,4]
66,[9,4]
67,[9,3]
68,[9,2]
69,[10,2]
70,[11,2]
71,[12,2]
72,[11,2]
73,[10,2]
74,[9,2]
75,[8,2]
76,[7,2]
77,[6,2]
78,[5,2]
79,[4,2]
80,[3,2]
81,[2,2]
82,[1,2]
83,[1,3]
84,[1,4]
85,[1,5]
86,[1,6]
87,[1,7]
88,[1,8]
89,[1,9]
90,[1,10]
91,[1,11]
92,[1,12]
93,[2,12]
94,[3,12]
95,[4,12]
96,[5,12]
97,[4,12]
98,[3,12]
99,[2,12]
100,[1,12]
101,[1,11]
102,[1,10]
103,[1,9]
104,[1,8]
105,[1,7]
106,[1,6]
107,[1,5]
108,[1,4]
109,[1,3]
110,[1,4]
111,[1,5]
112,[1,6]
113,[1,7]
114,[1,8]
115,[2,8]
116,[3,8]
117,[4,8]
118,[5,8]
119,[6,8]
120,[7,8]
121,[8,8]
122,[8,7]
123,[8,6]
124,[8,5]
125,[8,4]
126,[9,4]
127,[9,3]
128,[9,2]
129,[10,2]
130,[11,2]
131,[12,2]
