//Quantitative values
104	//Makespan
105	//Mission completion time hauler 1
1	//Application execution time (in millisecond)
//Path to the final points
0,[10,5]
1,[10,4]
2,[10,3]
3,[9,3]
4,[9,2]
5,[9,1]
6,[8,1]
7,[7,1]
8,[7,2]
9,[7,3]
10,[7,4]
11,[7,5]
12,[7,6]
13,[7,7]
14,[6,7]
15,[6,6]
16,[6,5]
17,[6,6]
18,[6,7]
19,[6,8]
20,[6,9]
21,[6,10]
22,[7,10]
23,[7,9]
24,[7,8]
25,[7,7]
26,[7,6]
27,[7,5]
28,[7,4]
29,[7,3]
30,[7,2]
31,[7,1]
32,[8,1]
33,[9,1]
34,[8,1]
35,[7,1]
36,[7,2]
37,[7,3]
38,[7,4]
39,[7,5]
40,[7,6]
41,[7,7]
42,[6,7]
43,[5,7]
44,[4,7]
45,[3,7]
46,[2,7]
47,[2,6]
48,[2,5]
49,[2,4]
50,[2,3]
51,[2,2]
52,[2,1]
53,[2,2]
54,[2,3]
55,[2,4]
56,[2,5]
57,[2,6]
58,[2,7]
59,[3,7]
60,[4,7]
61,[5,7]
62,[6,7]
63,[7,7]
64,[7,6]
65,[7,5]
66,[7,4]
67,[7,3]
68,[7,2]
69,[7,1]
70,[8,1]
71,[9,1]
72,[8,1]
73,[7,1]
74,[7,2]
75,[7,3]
76,[7,4]
77,[7,5]
78,[7,6]
79,[7,7]
80,[7,6]
81,[7,5]
82,[7,4]
83,[7,3]
84,[7,2]
85,[7,1]
86,[8,1]
87,[9,1]
88,[8,1]
89,[7,1]
90,[7,2]
91,[7,3]
92,[7,4]
93,[7,5]
94,[7,6]
95,[7,7]
96,[6,7]
97,[6,6]
98,[6,5]
99,[6,6]
100,[6,7]
101,[6,8]
102,[6,9]
103,[6,10]
104,[7,10]
