//Quantitative values
107	//Makespan
108	//Mission completion time hauler 1
1	//Application execution time (in millisecond)
//Path to the final points
0,[3,1]
1,[4,1]
2,[4,2]
3,[4,3]
4,[4,4]
5,[4,5]
6,[5,5]
7,[6,5]
8,[7,5]
9,[7,6]
10,[7,7]
11,[7,8]
12,[7,9]
13,[7,10]
14,[8,10]
15,[8,11]
16,[8,10]
17,[7,10]
18,[7,9]
19,[7,8]
20,[7,7]
21,[7,6]
22,[7,5]
23,[6,5]
24,[5,5]
25,[5,6]
26,[5,7]
27,[5,8]
28,[4,8]
29,[4,7]
30,[4,8]
31,[4,9]
32,[4,10]
33,[5,10]
34,[6,10]
35,[7,10]
36,[8,10]
37,[8,11]
38,[8,10]
39,[8,9]
40,[9,9]
41,[9,8]
42,[9,7]
43,[9,6]
44,[9,5]
45,[9,4]
46,[9,3]
47,[9,2]
48,[9,1]
49,[10,1]
50,[9,1]
51,[9,2]
52,[9,3]
53,[9,4]
54,[9,5]
55,[9,6]
56,[9,7]
57,[9,8]
58,[9,9]
59,[8,9]
60,[8,10]
61,[8,11]
62,[8,10]
63,[8,9]
64,[9,9]
65,[9,8]
66,[9,7]
67,[9,6]
68,[9,5]
69,[9,4]
70,[9,3]
71,[9,2]
72,[9,1]
73,[10,1]
74,[9,1]
75,[8,1]
76,[7,1]
77,[6,1]
78,[5,1]
79,[5,2]
80,[5,3]
81,[5,4]
82,[5,5]
83,[5,6]
84,[5,7]
85,[5,8]
86,[4,8]
87,[4,7]
88,[4,8]
89,[4,9]
90,[5,9]
91,[6,9]
92,[7,9]
93,[8,9]
94,[7,9]
95,[6,9]
96,[5,9]
97,[4,9]
98,[4,8]
99,[4,7]
100,[4,8]
101,[4,9]
102,[4,10]
103,[5,10]
104,[6,10]
105,[7,10]
106,[8,10]
107,[8,11]
