//Quantitative values
42	//Makespan
42	//Mission completion time hauler 1
1	//Application execution time (in millisecond)
//Path to the final points
0,[10,8]
1,[9,8]
2,[8,8]
3,[7,8]
4,[6,8]
5,[5,8]
6,[4,8]
7,[4,7]
8,[4,6]
9,[4,5]
10,[4,4]
11,[4,3]
12,[4,4]
13,[4,5]
14,[4,6]
15,[4,5]
16,[4,4]
17,[4,3]
18,[4,2]
19,[5,2]
20,[6,2]
21,[7,2]
22,[8,2]
23,[9,2]
24,[10,2]
25,[11,2]
26,[10,2]
27,[9,2]
28,[8,2]
29,[7,2]
30,[6,2]
31,[5,2]
32,[4,2]
33,[3,2]
34,[2,2]
35,[1,2]
36,[1,3]
37,[1,4]
38,[1,5]
39,[2,5]
40,[3,5]
41,[4,5]
42,[4,6]
