//Quantitative values
61	//Makespan
62	//Mission completion time hauler 1
1	//Application execution time (in millisecond)
//Path to the final points
0,[10,7]
1,[9,7]
2,[8,7]
3,[7,7]
4,[7,6]
5,[7,5]
6,[7,4]
7,[7,3]
8,[7,2]
9,[7,3]
10,[7,4]
11,[7,5]
12,[7,6]
13,[7,7]
14,[7,8]
15,[7,9]
16,[7,10]
17,[7,11]
18,[7,12]
19,[8,12]
20,[9,12]
21,[8,12]
22,[7,12]
23,[6,12]
24,[5,12]
25,[4,12]
26,[3,12]
27,[3,11]
28,[3,10]
29,[3,9]
30,[3,8]
31,[3,7]
32,[3,8]
33,[3,9]
34,[3,10]
35,[3,11]
36,[3,12]
37,[4,12]
38,[5,12]
39,[6,12]
40,[7,12]
41,[8,12]
42,[9,12]
43,[8,12]
44,[7,12]
45,[6,12]
46,[5,12]
47,[4,12]
48,[3,12]
49,[3,11]
50,[3,10]
51,[3,9]
52,[3,8]
53,[3,7]
54,[4,7]
55,[5,7]
56,[6,7]
57,[7,7]
58,[7,6]
59,[8,6]
60,[9,6]
61,[10,6]
