//Quantitative values
77	//Makespan
58	//Mission completion time hauler 1
78	//Mission completion time hauler 2
2	//Application execution time (in millisecond)
//Path to the final points
0,[1 ,2],[3,4]
1,[1 ,3],[3,5]
2,[1 ,4],[3,6]
3,[1 ,5],[3,7]
4,[1 ,6],[3,8]
5,[2 ,6],[3,9]
6,[2 ,7],[3,10]
7,[2 ,8],[3,11]
8,[3 ,8],[3,12]
9,[3 ,7],[4,12]
10,[3 ,6],[5,12]
11,[3 ,5],[6,12]
12,[4 ,5],[7,12]
13,[5 ,5],[8,12]
14,[6 ,5],[9,12]
15,[6 ,4],[10,12]
16,[7 ,4],[9,12]
17,[7 ,3],[8,12]
18,[7 ,2],[7,12]
19,[8 ,2],[6,12]
20,[7 ,2],[5,12]
21,[6 ,2],[4,12]
22,[5 ,2],[3,12]
23,[4 ,2],[3,11]
24,[3 ,2],[3,10]
25,[3 ,3],[3,9]
26,[3 ,4],[3,8]
27,[3 ,5],[3,7]
28,[3 ,6],[3,8]
29,[3 ,7],[3,9]
30,[3 ,8],[3,10]
31,[3 ,7],[3,11]
32,[3 ,6],[3,12]
33,[3 ,5],[4,12]
34,[4 ,5],[5,12]
35,[5 ,5],[6,12]
36,[6 ,5],[7,12]
37,[6 ,6],[8,12]
38,[6 ,7],[9,12]
39,[6 ,8],[10,12]
40,[6 ,9],[9,12]
41,[6 ,10],[8,12]
42,[6 ,11],[8,11]
43,[6 ,12],[8,10]
44,[7 ,12],[8,9]
45,[8 ,12],[8,8]
46,[9 ,12],[8,7]
47,[10 ,12],[8,6]
48,[9 ,12],[8,5]
49,[8 ,12],[8,4]
50,[8 ,11],[7,4]
51,[8 ,10],[6,4]
52,[8 ,9],[5,4]
53,[8 ,8],[4,4]
54,[8 ,7],[3,4]
55,[8 ,6],[3,5]
56,[8 ,5],[3,6]
57,[8 ,4],[3,7]
58,[8 ,4],[3,8]
59,[8 ,4],[3,7]
60,[8 ,4],[3,6]
61,[8 ,4],[3,5]
62,[8 ,4],[3,4]
63,[8 ,4],[3,3]
64,[8 ,4],[3,2]
65,[8 ,4],[3,3]
66,[8 ,4],[3,4]
67,[8 ,4],[3,5]
68,[8 ,4],[3,6]
69,[8 ,4],[3,7]
70,[8 ,4],[3,8]
71,[8 ,4],[3,7]
72,[8 ,4],[3,6]
73,[8 ,4],[3,5]
74,[8 ,4],[4,5]
75,[8 ,4],[5,5]
76,[8 ,4],[6,5]
77,[8 ,4],[6,5]
