//Quantitative values
67	//Makespan
68	//Mission completion time hauler 1
62	//Mission completion time hauler 2
2	//Application execution time (in millisecond)
//Path to the final points
0,[9 ,7],[9,10]
1,[9 ,8],[8,10]
2,[9 ,9],[7,10]
3,[9 ,10],[6,10]
4,[9 ,11],[5,10]
5,[10 ,11],[4,10]
6,[11 ,11],[4,9]
7,[12 ,11],[4,8]
8,[11 ,11],[4,7]
9,[10 ,11],[4,6]
10,[9 ,11],[4,5]
11,[8 ,11],[3,5]
12,[7 ,11],[3,4]
13,[6 ,11],[3,3]
14,[5 ,11],[3,4]
15,[4 ,11],[3,5]
16,[4 ,10],[4,5]
17,[4 ,9],[4,6]
18,[4 ,8],[4,7]
19,[4 ,7],[4,6]
20,[4 ,6],[4,5]
21,[4 ,5],[3,5]
22,[3 ,5],[3,4]
23,[3 ,4],[3,3]
24,[3 ,3],[3,2]
25,[3 ,4],[3,1]
26,[3 ,5],[4,1]
27,[4 ,5],[5,1]
28,[4 ,6],[6,1]
29,[4 ,7],[7,1]
30,[4 ,8],[7,2]
31,[4 ,9],[8,2]
32,[4 ,10],[8,3]
33,[4 ,11],[9,3]
34,[4 ,12],[10,3]
35,[5 ,12],[10,4]
36,[5 ,11],[10,5]
37,[5 ,10],[10,6]
38,[5 ,9],[10,7]
39,[6 ,9],[10,8]
40,[7 ,9],[10,9]
41,[6 ,9],[10,10]
42,[5 ,9],[10,11]
43,[5 ,10],[11,11]
44,[5 ,11],[12,11]
45,[5 ,12],[11,11]
46,[4 ,12],[10,11]
47,[4 ,11],[9,11]
48,[4 ,10],[8,11]
49,[4 ,9],[7,11]
50,[4 ,8],[6,11]
51,[4 ,7],[5,11]
52,[4 ,6],[4,11]
53,[4 ,5],[4,10]
54,[3 ,5],[4,9]
55,[3 ,4],[4,8]
56,[3 ,3],[4,7]
57,[3 ,4],[4,8]
58,[3 ,5],[4,9]
59,[4 ,5],[5,9]
60,[4 ,6],[6,9]
61,[4 ,7],[7,9]
62,[4 ,8],[7,9]
63,[4 ,9],[7,9]
64,[4 ,10],[7,9]
65,[4 ,11],[7,9]
66,[4 ,12],[7,9]
67,[5 ,12],[7,9]
