//Quantitative values
102	//Makespan
102	//Mission completion time hauler 1
88	//Mission completion time hauler 2
2	//Application execution time (in millisecond)
//Path to the final points
0,[10,5],[10,10]
1,[10,4],[9,10]
2,[10,3],[8,10]
3,[11,3],[7,10]
4,[12,3],[6,10]
5,[11,3],[5,10]
6,[10,3],[4,10]
7,[9,3],[4,9]
8,[8,3],[4,8]
9,[7,3],[4,7]
10,[6,3],[4,6]
11,[5,3],[4,5]
12,[4,3],[4,4]
13,[3,3],[4,3]
14,[2,3],[5,3]
15,[1,3],[6,3]
16,[1,4],[7,3]
17,[1,5],[8,3]
18,[1,6],[9,3]
19,[1,5],[10,3]
20,[1,4],[11,3]
21,[1,3],[12,3]
22,[2,3],[11,3]
23,[3,3],[10,3]
24,[4,3],[9,3]
25,[5,3],[8,3]
26,[6,3],[7,3]
27,[7,3],[6,3]
28,[8,3],[5,3]
29,[9,3],[4,3]
30,[10,3],[4,4]
31,[11,3],[4,5]
32,[12,3],[4,6]
33,[11,3],[4,7]
34,[10,3],[4,8]
35,[9,3],[4,9]
36,[8,3],[4,10]
37,[7,3],[4,11]
38,[6,3],[5,11]
39,[5,3],[6,11]
40,[4,3],[7,11]
41,[4,4],[6,11]
42,[4,5],[5,11]
43,[4,4],[4,11]
44,[4,3],[3,11]
45,[5,3],[2,11]
46,[6,3],[2,10]
47,[7,3],[2,9]
48,[8,3],[2,8]
49,[9,3],[2,7]
50,[10,3],[1,7]
51,[11,3],[1,6]
52,[12,3],[1,7]
53,[11,3],[2,7]
54,[10,3],[2,8]
55,[9,3],[2,9]
56,[8,3],[2,10]
57,[7,3],[3,10]
58,[6,3],[4,10]
59,[5,3],[4,9]
60,[4,3],[4,8]
61,[3,3],[4,7]
62,[2,3],[4,6]
63,[1,3],[4,5]
64,[1,4],[4,4]
65,[1,5],[4,3]
66,[1,6],[5,3]
67,[1,7],[6,3]
68,[2,7],[7,3]
69,[2,8],[8,3]
70,[2,9],[9,3]
71,[2,10],[10,3]
72,[3,10],[11,3]
73,[4,10],[12,3]
74,[3,10],[11,3]
75,[2,10],[10,3]
76,[2,9],[9,3]
77,[2,8],[8,3]
78,[2,7],[7,3]
79,[1,7],[6,3]
80,[1,6],[5,3]
81,[1,7],[4,3]
82,[2,7],[4,4]
83,[2,8],[4,5]
84,[2,9],[4,6]
85,[2,10],[4,7]
86,[2,11],[4,8]
87,[3,11],[4,9]
88,[4,11],[4,10]
89,[5,11],[4,10]
90,[6,11],[4,10]
91,[7,11],[4,10]
92,[6,11],[4,10]
93,[5,11],[4,10]
94,[4,11],[4,10]
95,[3,11],[4,10]
96,[2,11],[4,10]
97,[2,10],[4,10]
98,[2,9],[4,10]
99,[2,8],[4,10]
100,[2,7],[4,10]
101,[1,7],[4,10]
102,[1,6],[4,10]
