//Quantitative values
57	//Makespan
58	//Mission completion time hauler 1
1	//Application execution time (in millisecond)
//Path to the final points
0,[7,3]
1,[6,3]
2,[5,3]
3,[4,3]
4,[3,3]
5,[2,3]
6,[2,4]
7,[2,5]
8,[2,6]
9,[2,7]
10,[2,8]
11,[2,9]
12,[2,10]
13,[2,11]
14,[2,12]
15,[3,12]
16,[4,12]
17,[3,12]
18,[3,11]
19,[3,10]
20,[3,9]
21,[4,9]
22,[4,8]
23,[4,7]
24,[4,6]
25,[4,5]
26,[4,4]
27,[5,4]
28,[6,4]
29,[6,5]
30,[6,6]
31,[6,7]
32,[7,7]
33,[7,8]
34,[7,9]
35,[8,9]
36,[9,9]
37,[10,9]
38,[9,9]
39,[8,9]
40,[7,9]
41,[7,8]
42,[7,7]
43,[6,7]
44,[6,6]
45,[6,5]
46,[6,4]
47,[5,4]
48,[4,4]
49,[4,5]
50,[4,6]
51,[4,7]
52,[4,8]
53,[4,9]
54,[3,9]
55,[3,10]
56,[3,11]
57,[3,12]
