//Quantitative values
52	//Makespan
52	//Mission completion time hauler 1
1	//Application execution time (in millisecond)
//Path to the final points
0,[8,5]
1,[7,5]
2,[6,5]
3,[5,5]
4,[4,5]
5,[3,5]
6,[2,5]
7,[1,5]
8,[1,6]
9,[1,7]
10,[1,8]
11,[2,8]
12,[3,8]
13,[4,8]
14,[5,8]
15,[6,8]
16,[7,8]
17,[6,8]
18,[5,8]
19,[4,8]
20,[3,8]
21,[3,7]
22,[3,6]
23,[3,5]
24,[3,4]
25,[3,3]
26,[3,4]
27,[3,5]
28,[3,6]
29,[3,7]
30,[3,8]
31,[4,8]
32,[5,8]
33,[6,8]
34,[7,8]
35,[6,8]
36,[5,8]
37,[4,8]
38,[3,8]
39,[3,7]
40,[3,6]
41,[3,5]
42,[3,4]
43,[3,3]
44,[3,4]
45,[3,5]
46,[3,6]
47,[3,7]
48,[3,8]
49,[4,8]
50,[5,8]
51,[6,8]
52,[7,8]
