//Quantitative values
112	//Makespan
112	//Mission completion time hauler 1
1	//Application execution time (in millisecond)
//Path to the final points
0,[7,10]
1,[7,9]
2,[7,8]
3,[7,7]
4,[7,6]
5,[7,5]
6,[7,4]
7,[8,4]
8,[7,4]
9,[7,5]
10,[7,6]
11,[7,5]
12,[7,4]
13,[8,4]
14,[7,4]
15,[6,4]
16,[5,4]
17,[5,3]
18,[5,2]
19,[5,1]
20,[4,1]
21,[3,1]
22,[2,1]
23,[1,1]
24,[1,2]
25,[1,3]
26,[1,4]
27,[1,5]
28,[1,6]
29,[1,7]
30,[1,8]
31,[1,9]
32,[1,8]
33,[1,7]
34,[1,6]
35,[1,5]
36,[1,4]
37,[1,3]
38,[1,2]
39,[1,1]
40,[2,1]
41,[3,1]
42,[4,1]
43,[5,1]
44,[5,2]
45,[6,2]
46,[7,2]
47,[8,2]
48,[9,2]
49,[10,2]
50,[9,2]
51,[8,2]
52,[7,2]
53,[7,3]
54,[7,4]
55,[7,5]
56,[7,6]
57,[7,7]
58,[8,7]
59,[7,7]
60,[7,8]
61,[7,9]
62,[7,10]
63,[8,10]
64,[9,10]
65,[9,11]
66,[9,12]
67,[8,12]
68,[7,12]
69,[6,12]
70,[5,12]
71,[4,12]
72,[3,12]
73,[2,12]
74,[1,12]
75,[1,11]
76,[1,10]
77,[1,9]
78,[1,10]
79,[1,11]
80,[1,12]
81,[2,12]
82,[3,12]
83,[4,12]
84,[5,12]
85,[6,12]
86,[7,12]
87,[8,12]
88,[9,12]
89,[9,11]
90,[9,10]
91,[8,10]
92,[7,10]
93,[7,9]
94,[7,8]
95,[7,7]
96,[8,7]
97,[7,7]
98,[7,6]
99,[7,5]
100,[7,4]
101,[7,3]
102,[7,2]
103,[8,2]
104,[9,2]
105,[10,2]
106,[9,2]
107,[8,2]
108,[7,2]
109,[7,3]
110,[7,4]
111,[7,5]
112,[7,6]
