//Quantitative values
119	//Makespan
119	//Mission completion time hauler 1
1	//Application execution time (in millisecond)
//Path to the final points
0,[4,12]
1,[3,12]
2,[2,12]
3,[1,12]
4,[1,11]
5,[1,10]
6,[1,9]
7,[1,8]
8,[1,9]
9,[1,10]
10,[1,11]
11,[1,12]
12,[2,12]
13,[3,12]
14,[4,12]
15,[5,12]
16,[6,12]
17,[7,12]
18,[8,12]
19,[9,12]
20,[9,11]
21,[9,10]
22,[8,10]
23,[8,9]
24,[8,10]
25,[9,10]
26,[9,11]
27,[9,12]
28,[8,12]
29,[7,12]
30,[6,12]
31,[5,12]
32,[4,12]
33,[3,12]
34,[2,12]
35,[1,12]
36,[1,11]
37,[1,10]
38,[1,9]
39,[1,8]
40,[1,9]
41,[1,10]
42,[1,11]
43,[1,12]
44,[2,12]
45,[3,12]
46,[4,12]
47,[5,12]
48,[6,12]
49,[7,12]
50,[8,12]
51,[9,12]
52,[9,11]
53,[9,10]
54,[8,10]
55,[8,9]
56,[7,9]
57,[7,8]
58,[7,7]
59,[7,6]
60,[7,7]
61,[7,8]
62,[7,9]
63,[8,9]
64,[7,9]
65,[7,8]
66,[7,7]
67,[7,6]
68,[7,7]
69,[7,8]
70,[7,9]
71,[7,10]
72,[8,10]
73,[9,10]
74,[9,11]
75,[9,12]
76,[8,12]
77,[7,12]
78,[6,12]
79,[5,12]
80,[4,12]
81,[3,12]
82,[2,12]
83,[1,12]
84,[1,11]
85,[1,10]
86,[1,9]
87,[1,8]
88,[1,9]
89,[1,10]
90,[1,11]
91,[1,12]
92,[2,12]
93,[3,12]
94,[4,12]
95,[5,12]
96,[6,12]
97,[7,12]
98,[8,12]
99,[9,12]
100,[9,11]
101,[9,10]
102,[8,10]
103,[8,9]
104,[7,9]
105,[7,8]
106,[7,7]
107,[7,6]
108,[7,7]
109,[7,8]
110,[7,9]
111,[7,10]
112,[8,10]
113,[9,10]
114,[9,11]
115,[9,12]
116,[8,12]
117,[7,12]
118,[6,12]
119,[5,12]
