//Quantitative values
121	//Makespan
121	//Mission completion time hauler 1
2	//Application execution time (in millisecond)
//Path to the final points
0,[3,12]
1,[2,12]
2,[1,12]
3,[1,11]
4,[1,10]
5,[1,9]
6,[1,8]
7,[1,7]
8,[1,6]
9,[1,5]
10,[2,5]
11,[3,5]
12,[3,6]
13,[3,7]
14,[3,8]
15,[3,9]
16,[2,9]
17,[1,9]
18,[1,10]
19,[1,11]
20,[1,12]
21,[2,12]
22,[3,12]
23,[4,12]
24,[5,12]
25,[6,12]
26,[7,12]
27,[6,12]
28,[5,12]
29,[4,12]
30,[3,12]
31,[2,12]
32,[1,12]
33,[1,11]
34,[1,10]
35,[1,9]
36,[2,9]
37,[3,9]
38,[2,9]
39,[1,9]
40,[1,10]
41,[1,11]
42,[1,12]
43,[2,12]
44,[3,12]
45,[4,12]
46,[3,12]
47,[2,12]
48,[1,12]
49,[1,11]
50,[1,10]
51,[1,9]
52,[1,10]
53,[1,11]
54,[1,12]
55,[2,12]
56,[3,12]
57,[4,12]
58,[5,12]
59,[6,12]
60,[7,12]
61,[6,12]
62,[5,12]
63,[4,12]
64,[3,12]
65,[2,12]
66,[1,12]
67,[1,11]
68,[1,10]
69,[1,9]
70,[2,9]
71,[3,9]
72,[3,8]
73,[3,7]
74,[3,6]
75,[3,5]
76,[3,6]
77,[3,7]
78,[3,8]
79,[3,9]
80,[2,9]
81,[1,9]
82,[1,10]
83,[1,11]
84,[1,12]
85,[2,12]
86,[3,12]
87,[4,12]
88,[3,12]
89,[2,12]
90,[1,12]
91,[1,11]
92,[1,10]
93,[1,9]
94,[2,9]
95,[3,9]
96,[3,8]
97,[3,7]
98,[3,6]
99,[3,5]
100,[3,6]
101,[3,7]
102,[3,8]
103,[3,9]
104,[3,8]
105,[3,7]
106,[3,6]
107,[3,5]
108,[3,6]
109,[3,7]
110,[3,8]
111,[3,9]
112,[3,8]
113,[3,7]
114,[3,6]
115,[3,5]
116,[2,5]
117,[1,5]
118,[1,6]
119,[1,7]
120,[1,8]
121,[1,9]
