//Quantitative values
155	//Makespan
156	//Mission completion time hauler 1
1	//Application execution time (in millisecond)
//Path to the final points
0,[5,9]
1,[5,8]
2,[5,7]
3,[5,6]
4,[5,5]
5,[5,4]
6,[5,3]
7,[6,3]
8,[5,3]
9,[5,4]
10,[5,5]
11,[5,6]
12,[5,7]
13,[4,7]
14,[3,7]
15,[2,7]
16,[2,8]
17,[2,9]
18,[2,10]
19,[2,11]
20,[2,12]
21,[3,12]
22,[2,12]
23,[2,11]
24,[2,10]
25,[2,9]
26,[2,8]
27,[2,7]
28,[3,7]
29,[4,7]
30,[5,7]
31,[5,6]
32,[5,5]
33,[5,4]
34,[5,3]
35,[6,3]
36,[5,3]
37,[5,4]
38,[5,5]
39,[5,6]
40,[5,7]
41,[4,7]
42,[3,7]
43,[2,7]
44,[2,8]
45,[2,9]
46,[2,10]
47,[2,11]
48,[2,12]
49,[3,12]
50,[4,12]
51,[5,12]
52,[6,12]
53,[7,12]
54,[8,12]
55,[9,12]
56,[9,11]
57,[10,11]
58,[11,11]
59,[12,11]
60,[11,11]
61,[10,11]
62,[9,11]
63,[9,12]
64,[8,12]
65,[7,12]
66,[6,12]
67,[5,12]
68,[4,12]
69,[3,12]
70,[2,12]
71,[2,11]
72,[2,10]
73,[2,9]
74,[2,8]
75,[2,7]
76,[3,7]
77,[4,7]
78,[5,7]
79,[5,6]
80,[5,5]
81,[5,4]
82,[5,3]
83,[6,3]
84,[6,4]
85,[7,4]
86,[7,5]
87,[7,6]
88,[7,7]
89,[7,8]
90,[7,9]
91,[7,10]
92,[8,10]
93,[9,10]
94,[9,11]
95,[10,11]
96,[11,11]
97,[12,11]
98,[11,11]
99,[10,11]
100,[9,11]
101,[9,10]
102,[9,11]
103,[10,11]
104,[11,11]
105,[12,11]
106,[11,11]
107,[10,11]
108,[9,11]
109,[9,10]
110,[9,11]
111,[10,11]
112,[11,11]
113,[12,11]
114,[11,11]
115,[10,11]
116,[9,11]
117,[9,10]
118,[8,10]
119,[7,10]
120,[7,9]
121,[7,8]
122,[7,7]
123,[7,6]
124,[7,5]
125,[7,4]
126,[6,4]
127,[5,4]
128,[5,3]
129,[5,4]
130,[5,5]
131,[5,6]
132,[5,7]
133,[4,7]
134,[3,7]
135,[2,7]
136,[2,8]
137,[2,9]
138,[2,10]
139,[2,11]
140,[2,12]
141,[3,12]
142,[4,12]
143,[5,12]
144,[6,12]
145,[7,12]
146,[8,12]
147,[9,12]
148,[9,11]
149,[10,11]
150,[11,11]
151,[12,11]
152,[11,11]
153,[10,11]
154,[9,11]
155,[9,10]
