//Quantitative values
240	//Makespan
240	//Mission completion time hauler 1
2	//Application execution time (in millisecond)
//Path to the final points
0,[1,5]
1,[1,4]
2,[1,3]
3,[1,2]
4,[1,1]
5,[2,1]
6,[3,1]
7,[4,1]
8,[5,1]
9,[5,2]
10,[6,2]
11,[7,2]
12,[8,2]
13,[9,2]
14,[10,2]
15,[9,2]
16,[8,2]
17,[7,2]
18,[6,2]
19,[5,2]
20,[5,1]
21,[4,1]
22,[3,1]
23,[2,1]
24,[1,1]
25,[1,2]
26,[1,3]
27,[1,4]
28,[1,5]
29,[1,6]
30,[1,7]
31,[1,8]
32,[1,9]
33,[1,10]
34,[1,11]
35,[1,12]
36,[2,12]
37,[3,12]
38,[4,12]
39,[5,12]
40,[6,12]
41,[7,12]
42,[8,12]
43,[9,12]
44,[10,12]
45,[11,12]
46,[12,12]
47,[11,12]
48,[10,12]
49,[9,12]
50,[9,11]
51,[9,10]
52,[8,10]
53,[8,9]
54,[7,9]
55,[7,8]
56,[7,7]
57,[7,6]
58,[7,5]
59,[7,4]
60,[6,4]
61,[6,3]
62,[5,3]
63,[5,2]
64,[5,1]
65,[4,1]
66,[3,1]
67,[2,1]
68,[3,1]
69,[4,1]
70,[5,1]
71,[5,2]
72,[6,2]
73,[7,2]
74,[8,2]
75,[9,2]
76,[10,2]
77,[9,2]
78,[8,2]
79,[7,2]
80,[6,2]
81,[5,2]
82,[5,1]
83,[4,1]
84,[3,1]
85,[2,1]
86,[3,1]
87,[4,1]
88,[5,1]
89,[5,2]
90,[6,2]
91,[7,2]
92,[8,2]
93,[9,2]
94,[10,2]
95,[9,2]
96,[8,2]
97,[7,2]
98,[6,2]
99,[5,2]
100,[5,1]
101,[4,1]
102,[3,1]
103,[2,1]
104,[3,1]
105,[4,1]
106,[5,1]
107,[5,2]
108,[5,3]
109,[6,3]
110,[6,4]
111,[7,4]
112,[7,5]
113,[7,6]
114,[7,7]
115,[7,8]
116,[7,9]
117,[8,9]
118,[8,10]
119,[9,10]
120,[9,11]
121,[9,12]
122,[10,12]
123,[11,12]
124,[12,12]
125,[11,12]
126,[10,12]
127,[9,12]
128,[8,12]
129,[7,12]
130,[6,12]
131,[5,12]
132,[4,12]
133,[3,12]
134,[2,12]
135,[1,12]
136,[1,11]
137,[1,10]
138,[1,9]
139,[1,8]
140,[1,7]
141,[1,6]
142,[1,5]
143,[1,4]
144,[1,3]
145,[1,2]
146,[1,1]
147,[2,1]
148,[3,1]
149,[4,1]
150,[5,1]
151,[5,2]
152,[6,2]
153,[7,2]
154,[8,2]
155,[9,2]
156,[10,2]
157,[9,2]
158,[8,2]
159,[7,2]
160,[6,2]
161,[5,2]
162,[5,1]
163,[4,1]
164,[3,1]
165,[2,1]
166,[1,1]
167,[1,2]
168,[1,3]
169,[1,4]
170,[1,5]
171,[1,6]
172,[1,7]
173,[1,8]
174,[1,9]
175,[1,10]
176,[1,11]
177,[1,12]
178,[2,12]
179,[1,12]
180,[1,11]
181,[1,10]
182,[1,9]
183,[1,8]
184,[1,7]
185,[1,6]
186,[1,5]
187,[1,4]
188,[1,3]
189,[1,2]
190,[1,1]
191,[2,1]
192,[3,1]
193,[4,1]
194,[5,1]
195,[5,2]
196,[5,3]
197,[6,3]
198,[6,4]
199,[7,4]
200,[7,5]
201,[7,6]
202,[7,7]
203,[7,8]
204,[7,9]
205,[8,9]
206,[8,10]
207,[9,10]
208,[9,11]
209,[9,12]
210,[10,12]
211,[11,12]
212,[12,12]
213,[11,12]
214,[10,12]
215,[9,12]
216,[8,12]
217,[7,12]
218,[6,12]
219,[5,12]
220,[4,12]
221,[3,12]
222,[2,12]
223,[1,12]
224,[1,11]
225,[1,10]
226,[1,9]
227,[1,8]
228,[1,7]
229,[1,6]
230,[1,5]
231,[1,4]
232,[1,5]
233,[1,6]
234,[1,7]
235,[1,8]
236,[1,9]
237,[1,10]
238,[1,11]
239,[1,12]
240,[2,12]
