//Quantitative values
142	//Makespan
143	//Mission completion time hauler 1
1	//Application execution time (in millisecond)
//Path to the final points
0,[2,7]
1,[1,7]
2,[1,6]
3,[1,5]
4,[1,4]
5,[1,3]
6,[1,2]
7,[1,1]
8,[2,1]
9,[3,1]
10,[4,1]
11,[5,1]
12,[5,2]
13,[5,3]
14,[5,4]
15,[5,5]
16,[5,6]
17,[5,7]
18,[5,8]
19,[4,8]
20,[3,8]
21,[2,8]
22,[1,8]
23,[1,9]
24,[1,10]
25,[1,11]
26,[1,12]
27,[1,11]
28,[1,10]
29,[1,9]
30,[1,8]
31,[2,8]
32,[3,8]
33,[4,8]
34,[5,8]
35,[4,8]
36,[3,8]
37,[2,8]
38,[1,8]
39,[1,9]
40,[1,10]
41,[1,11]
42,[1,12]
43,[1,11]
44,[1,10]
45,[1,9]
46,[1,8]
47,[2,8]
48,[3,8]
49,[4,8]
50,[5,8]
51,[5,7]
52,[5,6]
53,[5,5]
54,[5,4]
55,[5,3]
56,[5,2]
57,[5,1]
58,[4,1]
59,[5,1]
60,[5,2]
61,[6,2]
62,[7,2]
63,[6,2]
64,[5,2]
65,[5,3]
66,[5,4]
67,[5,5]
68,[5,6]
69,[5,7]
70,[4,7]
71,[3,7]
72,[2,7]
73,[1,7]
74,[1,8]
75,[1,9]
76,[1,10]
77,[1,11]
78,[1,12]
79,[1,11]
80,[1,10]
81,[1,9]
82,[1,8]
83,[2,8]
84,[3,8]
85,[4,8]
86,[5,8]
87,[5,7]
88,[5,6]
89,[5,5]
90,[5,4]
91,[6,4]
92,[7,4]
93,[7,5]
94,[7,6]
95,[7,7]
96,[7,8]
97,[7,7]
98,[7,6]
99,[7,5]
100,[7,4]
101,[7,3]
102,[7,2]
103,[6,2]
104,[5,2]
105,[5,1]
106,[4,1]
107,[5,1]
108,[5,2]
109,[6,2]
110,[7,2]
111,[7,3]
112,[7,4]
113,[7,5]
114,[7,6]
115,[7,7]
116,[7,8]
117,[7,7]
118,[7,6]
119,[7,5]
120,[7,4]
121,[6,4]
122,[5,4]
123,[5,5]
124,[5,6]
125,[5,7]
126,[5,8]
127,[4,8]
128,[3,8]
129,[2,8]
130,[1,8]
131,[1,9]
132,[1,10]
133,[1,11]
134,[1,12]
135,[1,11]
136,[1,10]
137,[1,9]
138,[1,8]
139,[2,8]
140,[3,8]
141,[4,8]
142,[5,8]
