//Quantitative values
202	//Makespan
202	//Mission completion time hauler 1
2	//Application execution time (in millisecond)
//Path to the final points
0,[2,8]
1,[1,8]
2,[1,7]
3,[1,6]
4,[1,5]
5,[1,4]
6,[1,3]
7,[1,2]
8,[1,1]
9,[2,1]
10,[3,1]
11,[4,1]
12,[3,1]
13,[2,1]
14,[1,1]
15,[1,2]
16,[1,3]
17,[1,4]
18,[1,5]
19,[1,6]
20,[1,7]
21,[1,8]
22,[1,9]
23,[1,10]
24,[1,11]
25,[1,12]
26,[2,12]
27,[3,12]
28,[4,12]
29,[5,12]
30,[6,12]
31,[7,12]
32,[8,12]
33,[9,12]
34,[9,11]
35,[10,11]
36,[10,10]
37,[10,9]
38,[11,9]
39,[12,9]
40,[12,8]
41,[12,7]
42,[12,6]
43,[12,5]
44,[12,4]
45,[12,3]
46,[12,2]
47,[11,2]
48,[10,2]
49,[9,2]
50,[8,2]
51,[7,2]
52,[6,2]
53,[5,2]
54,[5,1]
55,[4,1]
56,[3,1]
57,[2,1]
58,[1,1]
59,[1,2]
60,[1,3]
61,[2,3]
62,[3,3]
63,[2,3]
64,[1,3]
65,[1,2]
66,[1,1]
67,[2,1]
68,[3,1]
69,[4,1]
70,[5,1]
71,[5,2]
72,[6,2]
73,[7,2]
74,[8,2]
75,[9,2]
76,[10,2]
77,[11,2]
78,[12,2]
79,[12,3]
80,[12,4]
81,[12,5]
82,[12,6]
83,[12,5]
84,[12,4]
85,[12,3]
86,[12,2]
87,[11,2]
88,[10,2]
89,[9,2]
90,[8,2]
91,[7,2]
92,[6,2]
93,[5,2]
94,[5,1]
95,[4,1]
96,[3,1]
97,[2,1]
98,[1,1]
99,[1,2]
100,[1,3]
101,[2,3]
102,[3,3]
103,[2,3]
104,[1,3]
105,[1,2]
106,[1,1]
107,[2,1]
108,[3,1]
109,[4,1]
110,[5,1]
111,[5,2]
112,[6,2]
113,[7,2]
114,[8,2]
115,[9,2]
116,[10,2]
117,[11,2]
118,[12,2]
119,[12,3]
120,[12,4]
121,[12,5]
122,[12,6]
123,[11,6]
124,[11,5]
125,[11,4]
126,[11,5]
127,[11,6]
128,[12,6]
129,[12,7]
130,[12,8]
131,[12,9]
132,[11,9]
133,[10,9]
134,[10,10]
135,[10,11]
136,[9,11]
137,[9,12]
138,[8,12]
139,[7,12]
140,[6,12]
141,[5,12]
142,[4,12]
143,[3,12]
144,[2,12]
145,[1,12]
146,[1,11]
147,[1,10]
148,[1,9]
149,[1,8]
150,[1,7]
151,[1,6]
152,[1,5]
153,[1,4]
154,[1,3]
155,[1,2]
156,[1,1]
157,[2,1]
158,[3,1]
159,[4,1]
160,[3,1]
161,[2,1]
162,[1,1]
163,[1,2]
164,[1,3]
165,[1,4]
166,[1,5]
167,[1,6]
168,[1,7]
169,[1,8]
170,[1,9]
171,[1,10]
172,[1,11]
173,[1,12]
174,[2,12]
175,[3,12]
176,[4,12]
177,[5,12]
178,[6,12]
179,[7,12]
180,[8,12]
181,[9,12]
182,[9,11]
183,[10,11]
184,[10,10]
185,[10,9]
186,[11,9]
187,[12,9]
188,[12,8]
189,[12,7]
190,[12,6]
191,[12,7]
192,[12,8]
193,[12,9]
194,[11,9]
195,[10,9]
196,[10,10]
197,[10,11]
198,[9,11]
199,[9,12]
200,[8,12]
201,[7,12]
202,[6,12]
