//Quantitative values
207	//Makespan
207	//Mission completion time hauler 1
2	//Application execution time (in millisecond)
//Path to the final points
0,[1,5]
1,[1,4]
2,[1,3]
3,[1,2]
4,[1,1]
5,[2,1]
6,[3,1]
7,[4,1]
8,[5,1]
9,[5,2]
10,[6,2]
11,[7,2]
12,[8,2]
13,[9,2]
14,[10,2]
15,[9,2]
16,[8,2]
17,[7,2]
18,[6,2]
19,[5,2]
20,[5,1]
21,[4,1]
22,[3,1]
23,[2,1]
24,[1,1]
25,[1,2]
26,[1,3]
27,[1,4]
28,[1,3]
29,[1,2]
30,[1,1]
31,[2,1]
32,[3,1]
33,[4,1]
34,[5,1]
35,[5,2]
36,[6,2]
37,[7,2]
38,[8,2]
39,[9,2]
40,[10,2]
41,[9,2]
42,[8,2]
43,[7,2]
44,[6,2]
45,[5,2]
46,[5,1]
47,[4,1]
48,[3,1]
49,[2,1]
50,[1,1]
51,[1,2]
52,[1,3]
53,[1,4]
54,[1,5]
55,[1,6]
56,[1,7]
57,[1,8]
58,[1,9]
59,[1,10]
60,[1,11]
61,[1,12]
62,[2,12]
63,[3,12]
64,[4,12]
65,[5,12]
66,[6,12]
67,[7,12]
68,[8,12]
69,[9,12]
70,[10,12]
71,[11,12]
72,[12,12]
73,[11,12]
74,[10,12]
75,[9,12]
76,[9,11]
77,[9,10]
78,[8,10]
79,[8,9]
80,[7,9]
81,[7,8]
82,[7,7]
83,[7,6]
84,[7,5]
85,[7,4]
86,[6,4]
87,[6,3]
88,[5,3]
89,[5,2]
90,[5,1]
91,[4,1]
92,[3,1]
93,[2,1]
94,[1,1]
95,[1,2]
96,[1,3]
97,[1,4]
98,[1,5]
99,[1,6]
100,[1,7]
101,[1,8]
102,[1,9]
103,[1,10]
104,[1,11]
105,[1,12]
106,[2,12]
107,[1,12]
108,[1,11]
109,[1,10]
110,[1,9]
111,[1,8]
112,[1,7]
113,[1,6]
114,[1,5]
115,[1,4]
116,[1,3]
117,[1,2]
118,[1,1]
119,[2,1]
120,[3,1]
121,[4,1]
122,[5,1]
123,[5,2]
124,[6,2]
125,[7,2]
126,[8,2]
127,[9,2]
128,[10,2]
129,[9,2]
130,[8,2]
131,[7,2]
132,[6,2]
133,[5,2]
134,[5,1]
135,[4,1]
136,[3,1]
137,[2,1]
138,[1,1]
139,[1,2]
140,[1,3]
141,[1,4]
142,[1,5]
143,[1,6]
144,[1,7]
145,[1,8]
146,[1,9]
147,[1,10]
148,[1,11]
149,[1,12]
150,[2,12]
151,[3,12]
152,[4,12]
153,[5,12]
154,[6,12]
155,[7,12]
156,[8,12]
157,[9,12]
158,[10,12]
159,[11,12]
160,[12,12]
161,[11,12]
162,[10,12]
163,[9,12]
164,[9,11]
165,[9,10]
166,[8,10]
167,[8,9]
168,[7,9]
169,[7,8]
170,[7,7]
171,[7,6]
172,[7,5]
173,[7,4]
174,[6,4]
175,[6,3]
176,[5,3]
177,[5,2]
178,[5,1]
179,[4,1]
180,[3,1]
181,[2,1]
182,[1,1]
183,[1,2]
184,[1,3]
185,[1,4]
186,[1,5]
187,[1,6]
188,[1,7]
189,[1,8]
190,[1,9]
191,[1,10]
192,[1,11]
193,[1,12]
194,[2,12]
195,[1,12]
196,[1,11]
197,[1,10]
198,[1,9]
199,[1,8]
200,[1,7]
201,[1,6]
202,[1,5]
203,[1,4]
204,[1,3]
205,[1,2]
206,[1,1]
207,[2,1]
