//Quantitative values
114	//Makespan
115	//Mission completion time hauler 1
1	//Application execution time (in millisecond)
//Path to the final points
0,[2,7]
1,[3,7]
2,[4,7]
3,[5,7]
4,[5,6]
5,[5,5]
6,[5,4]
7,[6,4]
8,[7,4]
9,[7,5]
10,[7,6]
11,[7,7]
12,[7,8]
13,[7,7]
14,[7,6]
15,[7,5]
16,[7,4]
17,[6,4]
18,[5,4]
19,[5,5]
20,[5,6]
21,[5,7]
22,[5,8]
23,[4,8]
24,[3,8]
25,[2,8]
26,[1,8]
27,[1,9]
28,[1,10]
29,[1,11]
30,[1,12]
31,[1,11]
32,[1,10]
33,[1,9]
34,[1,8]
35,[1,7]
36,[2,7]
37,[3,7]
38,[4,7]
39,[5,7]
40,[5,6]
41,[5,5]
42,[5,4]
43,[5,3]
44,[5,2]
45,[6,2]
46,[7,2]
47,[6,2]
48,[5,2]
49,[5,1]
50,[4,1]
51,[5,1]
52,[5,2]
53,[5,3]
54,[5,4]
55,[5,5]
56,[5,6]
57,[5,7]
58,[5,8]
59,[5,7]
60,[5,6]
61,[5,5]
62,[5,4]
63,[5,3]
64,[5,2]
65,[5,1]
66,[4,1]
67,[5,1]
68,[5,2]
69,[5,3]
70,[5,4]
71,[5,5]
72,[5,6]
73,[5,7]
74,[5,8]
75,[4,8]
76,[3,8]
77,[2,8]
78,[1,8]
79,[1,9]
80,[1,10]
81,[1,11]
82,[1,12]
83,[1,11]
84,[1,10]
85,[1,9]
86,[1,8]
87,[2,8]
88,[3,8]
89,[4,8]
90,[5,8]
91,[5,7]
92,[5,6]
93,[5,5]
94,[5,4]
95,[6,4]
96,[7,4]
97,[7,5]
98,[7,6]
99,[7,7]
100,[7,8]
101,[7,7]
102,[7,6]
103,[7,5]
104,[7,4]
105,[7,3]
106,[7,2]
107,[6,2]
108,[5,2]
109,[5,1]
110,[4,1]
111,[5,1]
112,[5,2]
113,[6,2]
114,[7,2]
