//Quantitative values
109	//Makespan
109	//Mission completion time hauler 1
2	//Application execution time (in millisecond)
//Path to the final points
0,[3,12]
1,[2,12]
2,[1,12]
3,[1,11]
4,[1,10]
5,[1,9]
6,[1,8]
7,[1,7]
8,[1,6]
9,[1,5]
10,[2,5]
11,[3,5]
12,[3,6]
13,[3,7]
14,[3,8]
15,[3,9]
16,[2,9]
17,[1,9]
18,[1,10]
19,[1,11]
20,[1,12]
21,[2,12]
22,[3,12]
23,[4,12]
24,[3,12]
25,[2,12]
26,[1,12]
27,[1,11]
28,[1,10]
29,[1,9]
30,[2,9]
31,[3,9]
32,[3,8]
33,[3,7]
34,[3,6]
35,[3,5]
36,[2,5]
37,[1,5]
38,[1,6]
39,[1,7]
40,[1,8]
41,[1,9]
42,[1,10]
43,[1,11]
44,[1,12]
45,[2,12]
46,[3,12]
47,[4,12]
48,[5,12]
49,[6,12]
50,[7,12]
51,[6,12]
52,[5,12]
53,[4,12]
54,[3,12]
55,[2,12]
56,[1,12]
57,[1,11]
58,[1,10]
59,[1,9]
60,[2,9]
61,[3,9]
62,[3,8]
63,[3,7]
64,[3,6]
65,[3,5]
66,[2,5]
67,[1,5]
68,[1,6]
69,[1,7]
70,[1,8]
71,[1,9]
72,[1,10]
73,[1,11]
74,[1,12]
75,[2,12]
76,[3,12]
77,[4,12]
78,[5,12]
79,[6,12]
80,[7,12]
81,[6,12]
82,[5,12]
83,[4,12]
84,[3,12]
85,[2,12]
86,[1,12]
87,[1,11]
88,[1,10]
89,[1,9]
90,[1,10]
91,[1,11]
92,[1,12]
93,[2,12]
94,[3,12]
95,[4,12]
96,[5,12]
97,[6,12]
98,[7,12]
99,[6,12]
100,[5,12]
101,[4,12]
102,[3,12]
103,[2,12]
104,[1,12]
105,[1,11]
106,[1,10]
107,[1,9]
108,[2,9]
109,[3,9]
