//Quantitative values
86	//Makespan
87	//Mission completion time hauler 1
1	//Application execution time (in millisecond)
//Path to the final points
0,[2,7]
1,[3,7]
2,[4,7]
3,[5,7]
4,[5,6]
5,[5,5]
6,[5,4]
7,[5,3]
8,[5,2]
9,[6,2]
10,[7,2]
11,[7,3]
12,[7,4]
13,[7,5]
14,[7,6]
15,[7,7]
16,[7,8]
17,[7,7]
18,[7,6]
19,[7,5]
20,[7,4]
21,[7,3]
22,[7,2]
23,[6,2]
24,[5,2]
25,[5,3]
26,[5,4]
27,[5,5]
28,[5,6]
29,[5,7]
30,[4,7]
31,[3,7]
32,[2,7]
33,[1,7]
34,[1,8]
35,[1,9]
36,[1,10]
37,[1,11]
38,[1,12]
39,[1,11]
40,[1,10]
41,[1,9]
42,[1,8]
43,[2,8]
44,[3,8]
45,[4,8]
46,[5,8]
47,[4,8]
48,[3,8]
49,[2,8]
50,[1,8]
51,[1,9]
52,[1,10]
53,[1,11]
54,[1,12]
55,[1,11]
56,[1,10]
57,[1,9]
58,[1,8]
59,[1,7]
60,[2,7]
61,[3,7]
62,[4,7]
63,[5,7]
64,[5,6]
65,[5,5]
66,[5,4]
67,[5,3]
68,[5,2]
69,[6,2]
70,[7,2]
71,[6,2]
72,[5,2]
73,[5,3]
74,[5,4]
75,[5,5]
76,[5,6]
77,[5,7]
78,[4,7]
79,[3,7]
80,[2,7]
81,[1,7]
82,[1,8]
83,[1,9]
84,[1,10]
85,[1,11]
86,[1,12]
