//Quantitative values
34	//Makespan
34	//Mission completion time hauler 1
14	//Mission completion time hauler 2
18	//Mission completion time hauler 3
1	//Application execution time (in millisecond)
//Path to the final points
0,[10,1],[8,7],[12,7]
1,[9,1],[8,6],[11,7]
2,[9,2],[9,6],[10,7]
3,[9,3],[9,7],[10,7]
4,[8,3],[9,8],[9,7]
5,[8,4],[9,9],[9,8]
6,[8,5],[9,10],[9,9]
7,[8,6],[9,11],[9,10]
8,[9,6],[8,11],[9,11]
9,[8,6],[9,11],[8,11]
10,[8,5],[9,10],[9,11]
11,[8,4],[9,9],[9,10]
12,[8,3],[9,10],[9,9]
13,[9,3],[9,11],[9,10]
14,[9,2],[8,11],[9,11]
15,[9,1],[8,11],[8,11]
16,[10,1],[8,11],[9,11]
17,[11,1],[8,11],[9,10]
18,[12,1],[8,11],[9,9]
19,[11,1],[8,11],[9,9]
20,[10,1],[8,11],[9,9]
21,[9,1],[8,11],[9,9]
22,[9,2],[8,11],[9,9]
23,[9,3],[8,11],[9,9]
24,[8,3],[8,11],[9,9]
25,[8,4],[8,11],[9,9]
26,[8,5],[8,11],[9,9]
27,[8,6],[8,11],[9,9]
28,[9,6],[8,11],[9,9]
29,[9,7],[8,11],[9,9]
30,[9,8],[8,11],[9,9]
31,[9,9],[8,11],[9,9]
32,[9,10],[8,11],[9,9]
33,[9,11],[8,11],[9,9]
34,[8,11],[8,11],[9,9]
