//Quantitative values
98	//Makespan
87	//Mission completion time hauler 1
98	//Mission completion time hauler 2
3	//Application execution time (in millisecond)
//Path to the final points
0,[2 ,10],[6,12]
1,[2 ,9],[6,11]
2,[2 ,8],[7,11]
3,[3 ,8],[7,10]
4,[4 ,8],[7,9]
5,[5 ,8],[6,9]
6,[6 ,8],[5,9]
7,[7 ,8],[4,9]
8,[6 ,8],[3,9]
9,[5 ,8],[3,8]
10,[5 ,9],[3,7]
11,[6 ,9],[3,6]
12,[7 ,9],[3,5]
13,[7 ,10],[3,4]
14,[8 ,10],[3,3]
15,[9 ,10],[3,2]
16,[10 ,10],[3,1]
17,[10 ,11],[3,2]
18,[11 ,11],[3,3]
19,[11 ,10],[3,4]
20,[11 ,9],[3,5]
21,[11 ,8],[3,6]
22,[10 ,8],[3,7]
23,[10 ,7],[3,8]
24,[10 ,6],[3,9]
25,[10 ,5],[4,9]
26,[9 ,5],[5,9]
27,[8 ,5],[6,9]
28,[7 ,5],[7,9]
29,[7 ,6],[7,10]
30,[7 ,7],[8,10]
31,[7 ,8],[9,10]
32,[7 ,9],[10,10]
33,[7 ,10],[10,11]
34,[7 ,9],[11,11]
35,[6 ,9],[11,10]
36,[5 ,9],[11,9]
37,[4 ,9],[11,8]
38,[3 ,9],[10,8]
39,[3 ,8],[10,7]
40,[3 ,7],[10,6]
41,[3 ,6],[10,5]
42,[3 ,5],[9,5]
43,[3 ,4],[8,5]
44,[3 ,3],[7,5]
45,[3 ,2],[7,6]
46,[3 ,1],[7,7]
47,[3 ,2],[7,8]
48,[3 ,3],[7,9]
49,[3 ,4],[7,10]
50,[3 ,5],[7,9]
51,[3 ,6],[6,9]
52,[3 ,7],[5,9]
53,[3 ,8],[5,8]
54,[3 ,9],[5,9]
55,[4 ,9],[6,9]
56,[5 ,9],[7,9]
57,[6 ,9],[7,10]
58,[7 ,9],[7,9]
59,[7 ,10],[7,8]
60,[7 ,9],[7,7]
61,[7 ,8],[7,6]
62,[7 ,7],[7,5]
63,[7 ,6],[8,5]
64,[7 ,5],[9,5]
65,[8 ,5],[10,5]
66,[9 ,5],[9,5]
67,[10 ,5],[8,5]
68,[9 ,5],[7,5]
69,[8 ,5],[7,6]
70,[7 ,5],[7,7]
71,[7 ,6],[7,8]
72,[7 ,7],[7,9]
73,[7 ,8],[7,10]
74,[7 ,7],[7,9]
75,[7 ,6],[7,8]
76,[7 ,5],[7,7]
77,[8 ,5],[7,6]
78,[9 ,5],[7,5]
79,[10 ,5],[8,5]
80,[9 ,5],[9,5]
81,[9 ,6],[10,5]
82,[9 ,7],[10,6]
83,[9 ,8],[10,7]
84,[9 ,7],[10,8]
85,[9 ,6],[11,8]
86,[9 ,5],[11,9]
87,[10 ,5],[11,10]
88,[10 ,5],[11,11]
89,[10 ,5],[10,11]
90,[10 ,5],[10,10]
91,[10 ,5],[9,10]
92,[10 ,5],[8,10]
93,[10 ,5],[7,10]
94,[10 ,5],[7,9]
95,[10 ,5],[6,9]
96,[10 ,5],[5,9]
97,[10 ,5],[5,8]
98,[10 ,5],[5,8]
