//Quantitative values
91	//Makespan
91	//Mission completion time hauler 1
92	//Mission completion time hauler 2
2	//Application execution time (in millisecond)
//Path to the final points
0,[2 ,10],[8,9]
1,[2 ,9],[9,9]
2,[3 ,9],[8,9]
3,[3 ,8],[7,9]
4,[3 ,7],[7,8]
5,[3 ,6],[7,7]
6,[3 ,5],[7,6]
7,[3 ,4],[7,5]
8,[4 ,4],[7,4]
9,[5 ,4],[7,5]
10,[6 ,4],[7,6]
11,[7 ,4],[7,7]
12,[7 ,5],[7,8]
13,[7 ,6],[7,9]
14,[7 ,7],[8,9]
15,[7 ,8],[9,9]
16,[7 ,9],[9,8]
17,[8 ,9],[9,7]
18,[9 ,9],[9,6]
19,[9 ,8],[8,6]
20,[9 ,7],[8,5]
21,[9 ,6],[8,4]
22,[9 ,5],[8,3]
23,[9 ,4],[8,2]
24,[9 ,3],[7,2]
25,[9 ,4],[6,2]
26,[9 ,5],[6,3]
27,[9 ,6],[6,4]
28,[9 ,7],[6,5]
29,[9 ,8],[6,6]
30,[9 ,9],[6,7]
31,[9 ,8],[6,8]
32,[9 ,7],[6,9]
33,[9 ,6],[6,10]
34,[8 ,6],[6,9]
35,[8 ,5],[6,8]
36,[8 ,4],[6,7]
37,[8 ,3],[6,6]
38,[8 ,2],[6,5]
39,[7 ,2],[6,4]
40,[6 ,2],[6,3]
41,[6 ,3],[6,2]
42,[6 ,4],[7,2]
43,[6 ,5],[6,2]
44,[6 ,6],[6,3]
45,[6 ,7],[6,4]
46,[6 ,8],[6,5]
47,[6 ,9],[6,6]
48,[6 ,8],[6,7]
49,[6 ,7],[6,8]
50,[6 ,6],[6,9]
51,[6 ,5],[6,10]
52,[6 ,4],[6,9]
53,[6 ,3],[6,8]
54,[6 ,2],[6,7]
55,[7 ,2],[6,6]
56,[6 ,2],[6,5]
57,[5 ,2],[6,4]
58,[4 ,2],[7,4]
59,[3 ,2],[6,4]
60,[3 ,3],[6,5]
61,[3 ,4],[6,6]
62,[4 ,4],[6,7]
63,[5 ,4],[6,8]
64,[6 ,4],[6,9]
65,[7 ,4],[6,10]
66,[8 ,4],[6,9]
67,[8 ,3],[6,8]
68,[9 ,3],[6,7]
69,[8 ,3],[6,6]
70,[8 ,4],[6,5]
71,[7 ,4],[6,4]
72,[6 ,4],[6,3]
73,[5 ,4],[6,2]
74,[4 ,4],[7,2]
75,[3 ,4],[8,2]
76,[3 ,3],[8,3]
77,[3 ,2],[8,4]
78,[4 ,2],[8,5]
79,[5 ,2],[8,6]
80,[6 ,2],[9,6]
81,[7 ,2],[9,7]
82,[6 ,2],[9,8]
83,[6 ,3],[9,9]
84,[6 ,4],[8,9]
85,[6 ,5],[7,9]
86,[6 ,6],[7,8]
87,[6 ,7],[7,7]
88,[6 ,8],[7,6]
89,[6 ,9],[7,5]
90,[6 ,10],[7,4]
91,[6 ,10],[7,4]
