//Quantitative values
104	//Makespan
105	//Mission completion time hauler 1
98	//Mission completion time hauler 2
1	//Application execution time (in millisecond)
//Path to the final points
0,[9 ,7],[9,10]
1,[9 ,6],[9,9]
2,[9 ,5],[9,8]
3,[9 ,4],[9,7]
4,[9 ,3],[9,6]
5,[10 ,3],[9,5]
6,[9 ,3],[9,4]
7,[9 ,4],[9,3]
8,[9 ,5],[10,3]
9,[8 ,5],[9,3]
10,[7 ,5],[8,3]
11,[7 ,6],[8,2]
12,[7 ,7],[7,2]
13,[7 ,8],[7,1]
14,[7 ,9],[6,1]
15,[6 ,9],[5,1]
16,[5 ,9],[4,1]
17,[5 ,10],[3,1]
18,[5 ,11],[3,2]
19,[5 ,12],[3,3]
20,[5 ,11],[3,4]
21,[5 ,10],[3,5]
22,[5 ,9],[4,5]
23,[6 ,9],[4,6]
24,[7 ,9],[4,7]
25,[7 ,8],[4,8]
26,[7 ,7],[4,9]
27,[7 ,6],[4,10]
28,[7 ,5],[4,11]
29,[8 ,5],[4,12]
30,[9 ,5],[5,12]
31,[9 ,4],[5,11]
32,[9 ,3],[6,11]
33,[10 ,3],[7,11]
34,[9 ,3],[8,11]
35,[8 ,3],[9,11]
36,[8 ,2],[10,11]
37,[7 ,2],[11,11]
38,[7 ,1],[12,11]
39,[6 ,1],[11,11]
40,[5 ,1],[10,11]
41,[4 ,1],[9,11]
42,[3 ,1],[8,11]
43,[3 ,2],[7,11]
44,[3 ,3],[6,11]
45,[3 ,2],[5,11]
46,[3 ,1],[5,12]
47,[4 ,1],[4,12]
48,[5 ,1],[4,11]
49,[6 ,1],[4,10]
50,[7 ,1],[4,9]
51,[7 ,2],[4,8]
52,[8 ,2],[4,7]
53,[8 ,3],[4,6]
54,[9 ,3],[4,5]
55,[10 ,3],[3,5]
56,[10 ,4],[3,4]
57,[10 ,5],[3,3]
58,[10 ,6],[2,3]
59,[10 ,7],[2,4]
60,[10 ,8],[2,5]
61,[10 ,9],[2,6]
62,[10 ,10],[2,5]
63,[10 ,11],[2,4]
64,[11 ,11],[2,3]
65,[12 ,11],[3,3]
66,[11 ,11],[3,4]
67,[10 ,11],[3,5]
68,[10 ,10],[4,5]
69,[10 ,9],[4,6]
70,[10 ,8],[4,7]
71,[10 ,7],[4,8]
72,[10 ,6],[4,9]
73,[10 ,5],[4,10]
74,[10 ,4],[4,11]
75,[10 ,3],[4,12]
76,[10 ,4],[5,12]
77,[10 ,5],[4,12]
78,[10 ,6],[4,11]
79,[10 ,7],[4,10]
80,[10 ,8],[4,9]
81,[10 ,9],[4,8]
82,[10 ,10],[4,7]
83,[10 ,11],[4,6]
84,[11 ,11],[4,5]
85,[12 ,11],[3,5]
86,[11 ,11],[3,4]
87,[10 ,11],[3,3]
88,[10 ,10],[3,4]
89,[10 ,9],[3,5]
90,[10 ,8],[4,5]
91,[10 ,7],[4,6]
92,[10 ,6],[4,7]
93,[10 ,5],[4,8]
94,[10 ,4],[4,9]
95,[10 ,3],[5,9]
96,[9 ,3],[6,9]
97,[9 ,4],[7,9]
98,[9 ,5],[7,9]
99,[8 ,5],[7,9]
100,[7 ,5],[7,9]
101,[7 ,6],[7,9]
102,[7 ,7],[7,9]
103,[7 ,8],[7,9]
104,[7 ,9],[7,9]
