//Quantitative values
143	//Makespan
144	//Mission completion time hauler 1
1	//Application execution time (in millisecond)
//Path to the final points
0,[7,10]
1,[8,10]
2,[9,10]
3,[9,11]
4,[9,12]
5,[8,12]
6,[7,12]
7,[6,12]
8,[5,12]
9,[4,12]
10,[3,12]
11,[2,12]
12,[1,12]
13,[1,11]
14,[1,10]
15,[1,9]
16,[1,8]
17,[1,7]
18,[1,6]
19,[1,5]
20,[1,4]
21,[1,3]
22,[1,2]
23,[1,1]
24,[2,1]
25,[3,1]
26,[4,1]
27,[5,1]
28,[5,2]
29,[6,2]
30,[7,2]
31,[8,2]
32,[9,2]
33,[10,2]
34,[9,2]
35,[8,2]
36,[7,2]
37,[6,2]
38,[5,2]
39,[5,1]
40,[4,1]
41,[3,1]
42,[2,1]
43,[1,1]
44,[1,2]
45,[1,3]
46,[1,4]
47,[1,5]
48,[1,6]
49,[1,7]
50,[1,8]
51,[1,9]
52,[1,8]
53,[1,7]
54,[1,6]
55,[1,5]
56,[1,4]
57,[1,3]
58,[1,2]
59,[1,1]
60,[2,1]
61,[3,1]
62,[4,1]
63,[5,1]
64,[5,2]
65,[5,3]
66,[5,4]
67,[6,4]
68,[7,4]
69,[8,4]
70,[7,4]
71,[6,4]
72,[5,4]
73,[5,3]
74,[5,2]
75,[5,1]
76,[4,1]
77,[3,1]
78,[2,1]
79,[1,1]
80,[1,2]
81,[1,3]
82,[1,4]
83,[1,5]
84,[1,6]
85,[1,7]
86,[1,8]
87,[1,9]
88,[1,10]
89,[1,11]
90,[1,12]
91,[2,12]
92,[3,12]
93,[4,12]
94,[5,12]
95,[6,12]
96,[7,12]
97,[8,12]
98,[9,12]
99,[9,11]
100,[9,10]
101,[8,10]
102,[7,10]
103,[7,9]
104,[7,8]
105,[7,7]
106,[8,7]
107,[7,7]
108,[7,8]
109,[7,9]
110,[7,10]
111,[8,10]
112,[9,10]
113,[9,11]
114,[9,12]
115,[8,12]
116,[7,12]
117,[6,12]
118,[5,12]
119,[4,12]
120,[3,12]
121,[2,12]
122,[1,12]
123,[1,11]
124,[1,10]
125,[1,9]
126,[1,8]
127,[1,7]
128,[1,6]
129,[1,5]
130,[1,4]
131,[1,3]
132,[1,2]
133,[1,1]
134,[2,1]
135,[3,1]
136,[4,1]
137,[5,1]
138,[5,2]
139,[5,3]
140,[5,4]
141,[6,4]
142,[7,4]
143,[8,4]
