//Quantitative values
92	//Makespan
93	//Mission completion time hauler 1
1	//Application execution time (in millisecond)
//Path to the final points
0,[11,10]
1,[11,9]
2,[12,9]
3,[12,8]
4,[12,7]
5,[11,7]
6,[10,7]
7,[11,7]
8,[12,7]
9,[12,8]
10,[12,9]
11,[11,9]
12,[10,9]
13,[9,9]
14,[9,10]
15,[9,11]
16,[9,10]
17,[9,9]
18,[10,9]
19,[11,9]
20,[12,9]
21,[12,8]
22,[12,7]
23,[12,6]
24,[12,5]
25,[12,4]
26,[12,3]
27,[12,4]
28,[12,5]
29,[12,6]
30,[12,7]
31,[12,8]
32,[12,9]
33,[11,9]
34,[10,9]
35,[9,9]
36,[9,10]
37,[9,11]
38,[9,12]
39,[8,12]
40,[7,12]
41,[6,12]
42,[7,12]
43,[8,12]
44,[9,12]
45,[9,11]
46,[9,10]
47,[9,9]
48,[10,9]
49,[11,9]
50,[12,9]
51,[12,8]
52,[12,7]
53,[12,6]
54,[12,5]
55,[12,4]
56,[12,3]
57,[12,4]
58,[12,5]
59,[12,6]
60,[12,7]
61,[12,8]
62,[12,9]
63,[11,9]
64,[10,9]
65,[9,9]
66,[9,10]
67,[9,11]
68,[9,10]
69,[9,9]
70,[10,9]
71,[11,9]
72,[12,9]
73,[12,8]
74,[12,7]
75,[12,6]
76,[12,5]
77,[12,4]
78,[12,3]
79,[12,2]
80,[11,2]
81,[10,2]
82,[9,2]
83,[8,2]
84,[7,2]
85,[6,2]
86,[5,2]
87,[5,3]
88,[5,4]
89,[5,5]
90,[5,6]
91,[5,7]
92,[4,7]
