//Quantitative values
85	//Makespan
86	//Mission completion time hauler 1
1	//Application execution time (in millisecond)
//Path to the final points
0,[4,12]
1,[3,12]
2,[2,12]
3,[1,12]
4,[1,11]
5,[1,10]
6,[1,9]
7,[1,8]
8,[1,7]
9,[2,7]
10,[3,7]
11,[4,7]
12,[5,7]
13,[5,6]
14,[5,5]
15,[5,4]
16,[5,3]
17,[5,2]
18,[6,2]
19,[7,2]
20,[8,2]
21,[9,2]
22,[10,2]
23,[11,2]
24,[12,2]
25,[12,3]
26,[12,4]
27,[12,5]
28,[12,6]
29,[12,7]
30,[12,8]
31,[12,9]
32,[11,9]
33,[10,9]
34,[10,10]
35,[10,11]
36,[10,12]
37,[10,11]
38,[10,10]
39,[10,9]
40,[11,9]
41,[12,9]
42,[12,8]
43,[12,7]
44,[12,6]
45,[12,5]
46,[12,4]
47,[12,3]
48,[12,2]
49,[11,2]
50,[10,2]
51,[9,2]
52,[8,2]
53,[8,3]
54,[8,4]
55,[8,5]
56,[7,5]
57,[7,6]
58,[7,7]
59,[7,8]
60,[7,9]
61,[7,10]
62,[8,10]
63,[9,10]
64,[9,11]
65,[9,12]
66,[8,12]
67,[7,12]
68,[6,12]
69,[5,12]
70,[6,12]
71,[7,12]
72,[8,12]
73,[9,12]
74,[10,12]
75,[10,11]
76,[10,10]
77,[10,9]
78,[11,9]
79,[12,9]
80,[12,8]
81,[12,7]
82,[12,6]
83,[12,5]
84,[12,4]
85,[12,3]
