//Quantitative values
189	//Makespan
137	//Mission completion time hauler 1
190	//Mission completion time hauler 2
1	//Application execution time (in millisecond)
//Path to the final points
0,[12 ,2],[6,8]
1,[12 ,3],[6,9]
2,[12 ,4],[6,10]
3,[11 ,4],[7,10]
4,[10 ,4],[8,10]
5,[9 ,4],[9,10]
6,[9 ,3],[10,10]
7,[8 ,3],[11,10]
8,[7 ,3],[12,10]
9,[6 ,3],[11,10]
10,[5 ,3],[10,10]
11,[4 ,3],[9,10]
12,[3 ,3],[8,10]
13,[3 ,2],[7,10]
14,[4 ,2],[6,10]
15,[4 ,1],[5,10]
16,[5 ,1],[4,10]
17,[5 ,2],[3,10]
18,[5 ,3],[3,9]
19,[5 ,4],[3,8]
20,[5 ,3],[3,7]
21,[5 ,2],[3,6]
22,[5 ,1],[3,5]
23,[4 ,1],[3,4]
24,[4 ,2],[3,3]
25,[3 ,2],[3,4]
26,[3 ,3],[3,5]
27,[3 ,4],[3,6]
28,[3 ,5],[3,7]
29,[3 ,6],[3,8]
30,[3 ,7],[3,9]
31,[3 ,8],[3,10]
32,[3 ,9],[4,10]
33,[3 ,10],[5,10]
34,[4 ,10],[6,10]
35,[5 ,10],[7,10]
36,[6 ,10],[8,10]
37,[7 ,10],[9,10]
38,[8 ,10],[10,10]
39,[9 ,10],[11,10]
40,[10 ,10],[12,10]
41,[11 ,10],[11,10]
42,[12 ,10],[10,10]
43,[11 ,10],[9,10]
44,[10 ,10],[8,10]
45,[9 ,10],[7,10]
46,[8 ,10],[6,10]
47,[7 ,10],[5,10]
48,[6 ,10],[5,9]
49,[5 ,10],[5,8]
50,[5 ,9],[5,7]
51,[5 ,8],[5,6]
52,[5 ,7],[5,5]
53,[5 ,6],[5,4]
54,[5 ,5],[5,5]
55,[5 ,4],[5,6]
56,[5 ,5],[5,7]
57,[5 ,6],[5,8]
58,[5 ,7],[5,9]
59,[5 ,8],[5,10]
60,[5 ,9],[6,10]
61,[5 ,10],[7,10]
62,[6 ,10],[8,10]
63,[7 ,10],[9,10]
64,[8 ,10],[10,10]
65,[9 ,10],[11,10]
66,[10 ,10],[12,10]
67,[11 ,10],[11,10]
68,[12 ,10],[10,10]
69,[11 ,10],[9,10]
70,[10 ,10],[8,10]
71,[9 ,10],[7,10]
72,[8 ,10],[6,10]
73,[7 ,10],[5,10]
74,[6 ,10],[4,10]
75,[5 ,10],[3,10]
76,[4 ,10],[3,9]
77,[3 ,10],[3,8]
78,[3 ,9],[3,7]
79,[3 ,8],[3,6]
80,[3 ,7],[3,5]
81,[3 ,6],[3,4]
82,[3 ,5],[3,3]
83,[3 ,4],[3,2]
84,[3 ,3],[3,3]
85,[3 ,2],[3,4]
86,[4 ,2],[3,5]
87,[4 ,1],[3,6]
88,[5 ,1],[3,7]
89,[5 ,2],[3,8]
90,[5 ,3],[3,9]
91,[5 ,4],[3,10]
92,[5 ,5],[4,10]
93,[5 ,6],[5,10]
94,[5 ,7],[6,10]
95,[5 ,8],[7,10]
96,[5 ,9],[8,10]
97,[5 ,10],[9,10]
98,[6 ,10],[10,10]
99,[7 ,10],[11,10]
100,[8 ,10],[12,10]
101,[9 ,10],[11,10]
102,[10 ,10],[10,10]
103,[11 ,10],[9,10]
104,[12 ,10],[8,10]
105,[11 ,10],[7,10]
106,[10 ,10],[6,10]
107,[9 ,10],[5,10]
108,[8 ,10],[4,10]
109,[7 ,10],[3,10]
110,[6 ,10],[3,9]
111,[5 ,10],[3,8]
112,[4 ,10],[3,7]
113,[3 ,10],[3,6]
114,[3 ,9],[3,5]
115,[3 ,8],[3,4]
116,[3 ,7],[3,3]
117,[3 ,6],[3,2]
118,[3 ,5],[4,2]
119,[3 ,4],[4,1]
120,[3 ,3],[5,1]
121,[3 ,4],[4,1]
122,[3 ,5],[4,2]
123,[3 ,6],[3,2]
124,[3 ,7],[3,3]
125,[3 ,8],[3,4]
126,[3 ,9],[3,5]
127,[3 ,10],[3,6]
128,[4 ,10],[3,7]
129,[5 ,10],[3,8]
130,[6 ,10],[3,9]
131,[7 ,10],[3,10]
132,[8 ,10],[4,10]
133,[9 ,10],[5,10]
134,[10 ,10],[6,10]
135,[11 ,10],[7,10]
136,[12 ,10],[8,10]
137,[12 ,10],[9,10]
138,[12 ,10],[10,10]
139,[12 ,10],[11,10]
140,[12 ,10],[12,10]
141,[12 ,10],[11,10]
142,[12 ,10],[10,10]
143,[12 ,10],[9,10]
144,[12 ,10],[8,10]
145,[12 ,10],[7,10]
146,[12 ,10],[6,10]
147,[12 ,10],[5,10]
148,[12 ,10],[4,10]
149,[12 ,10],[3,10]
150,[12 ,10],[3,9]
151,[12 ,10],[3,8]
152,[12 ,10],[3,7]
153,[12 ,10],[3,6]
154,[12 ,10],[3,5]
155,[12 ,10],[3,4]
156,[12 ,10],[3,3]
157,[12 ,10],[3,4]
158,[12 ,10],[3,5]
159,[12 ,10],[3,6]
160,[12 ,10],[3,7]
161,[12 ,10],[3,8]
162,[12 ,10],[3,9]
163,[12 ,10],[3,10]
164,[12 ,10],[4,10]
165,[12 ,10],[5,10]
166,[12 ,10],[6,10]
167,[12 ,10],[7,10]
168,[12 ,10],[8,10]
169,[12 ,10],[9,10]
170,[12 ,10],[10,10]
171,[12 ,10],[11,10]
172,[12 ,10],[12,10]
173,[12 ,10],[11,10]
174,[12 ,10],[10,10]
175,[12 ,10],[9,10]
176,[12 ,10],[8,10]
177,[12 ,10],[7,10]
178,[12 ,10],[6,10]
179,[12 ,10],[5,10]
180,[12 ,10],[4,10]
181,[12 ,10],[3,10]
182,[12 ,10],[3,9]
183,[12 ,10],[3,8]
184,[12 ,10],[3,7]
185,[12 ,10],[3,6]
186,[12 ,10],[3,5]
187,[12 ,10],[3,4]
188,[12 ,10],[3,3]
189,[12 ,10],[3,3]
