//Quantitative values
149	//Makespan
118	//Mission completion time hauler 1
150	//Mission completion time hauler 2
1	//Application execution time (in millisecond)
//Path to the final points
0,[10 ,5],[10,10]
1,[9 ,5],[9,10]
2,[8 ,5],[8,10]
3,[7 ,5],[7,10]
4,[6 ,5],[6,10]
5,[5 ,5],[5,10]
6,[4 ,5],[4,10]
7,[4 ,4],[3,10]
8,[4 ,3],[2,10]
9,[5 ,3],[2,9]
10,[6 ,3],[2,8]
11,[7 ,3],[2,7]
12,[8 ,3],[1,7]
13,[9 ,3],[1,6]
14,[10 ,3],[1,5]
15,[11 ,3],[1,4]
16,[12 ,3],[1,3]
17,[11 ,3],[2,3]
18,[10 ,3],[3,3]
19,[9 ,3],[4,3]
20,[8 ,3],[5,3]
21,[7 ,3],[6,3]
22,[6 ,3],[7,3]
23,[5 ,3],[8,3]
24,[4 ,3],[9,3]
25,[4 ,4],[10,3]
26,[4 ,5],[11,3]
27,[4 ,4],[12,3]
28,[4 ,3],[11,3]
29,[5 ,3],[10,3]
30,[6 ,3],[9,3]
31,[7 ,3],[8,3]
32,[8 ,3],[7,3]
33,[9 ,3],[6,3]
34,[10 ,3],[5,3]
35,[11 ,3],[4,3]
36,[12 ,3],[4,4]
37,[11 ,3],[4,5]
38,[10 ,3],[4,6]
39,[9 ,3],[4,7]
40,[8 ,3],[4,8]
41,[7 ,3],[4,9]
42,[6 ,3],[4,10]
43,[5 ,3],[3,10]
44,[4 ,3],[2,10]
45,[3 ,3],[2,9]
46,[2 ,3],[2,8]
47,[1 ,3],[2,7]
48,[1 ,4],[1,7]
49,[1 ,5],[1,6]
50,[1 ,6],[1,5]
51,[1 ,7],[1,4]
52,[2 ,7],[1,3]
53,[2 ,8],[2,3]
54,[2 ,9],[3,3]
55,[2 ,10],[4,3]
56,[3 ,10],[5,3]
57,[4 ,10],[6,3]
58,[3 ,10],[7,3]
59,[2 ,10],[8,3]
60,[2 ,9],[9,3]
61,[2 ,8],[10,3]
62,[2 ,7],[11,3]
63,[1 ,7],[12,3]
64,[1 ,6],[11,3]
65,[1 ,7],[10,3]
66,[2 ,7],[9,3]
67,[2 ,8],[8,3]
68,[2 ,9],[7,3]
69,[2 ,10],[6,3]
70,[3 ,10],[5,3]
71,[4 ,10],[4,3]
72,[4 ,9],[3,3]
73,[4 ,8],[2,3]
74,[4 ,7],[1,3]
75,[4 ,6],[1,4]
76,[4 ,5],[1,5]
77,[4 ,6],[1,6]
78,[4 ,7],[1,5]
79,[4 ,8],[1,4]
80,[4 ,9],[1,3]
81,[4 ,10],[2,3]
82,[4 ,11],[3,3]
83,[5 ,11],[4,3]
84,[6 ,11],[5,3]
85,[7 ,11],[6,3]
86,[6 ,11],[7,3]
87,[5 ,11],[8,3]
88,[4 ,11],[9,3]
89,[4 ,10],[10,3]
90,[4 ,9],[11,3]
91,[4 ,8],[12,3]
92,[4 ,7],[11,3]
93,[4 ,6],[10,3]
94,[4 ,5],[9,3]
95,[4 ,6],[8,3]
96,[4 ,7],[7,3]
97,[4 ,8],[6,3]
98,[4 ,9],[5,3]
99,[4 ,10],[4,3]
100,[3 ,10],[3,3]
101,[2 ,10],[2,3]
102,[2 ,9],[1,3]
103,[2 ,8],[1,4]
104,[2 ,7],[1,5]
105,[1 ,7],[1,6]
106,[1 ,6],[1,7]
107,[1 ,7],[2,7]
108,[2 ,7],[2,8]
109,[2 ,8],[2,9]
110,[2 ,9],[2,10]
111,[2 ,10],[3,10]
112,[2 ,11],[4,10]
113,[3 ,11],[3,10]
114,[4 ,11],[2,10]
115,[5 ,11],[2,9]
116,[6 ,11],[2,8]
117,[7 ,11],[2,7]
118,[7 ,11],[1,7]
119,[7 ,11],[1,6]
120,[7 ,11],[1,7]
121,[7 ,11],[2,7]
122,[7 ,11],[2,8]
123,[7 ,11],[2,9]
124,[7 ,11],[2,10]
125,[7 ,11],[2,11]
126,[7 ,11],[3,11]
127,[7 ,11],[4,11]
128,[7 ,11],[5,11]
129,[7 ,11],[6,11]
130,[7 ,11],[7,11]
131,[7 ,11],[6,11]
132,[7 ,11],[5,11]
133,[7 ,11],[4,11]
134,[7 ,11],[4,10]
135,[7 ,11],[4,9]
136,[7 ,11],[4,8]
137,[7 ,11],[4,7]
138,[7 ,11],[4,6]
139,[7 ,11],[4,5]
140,[7 ,11],[4,6]
141,[7 ,11],[4,7]
142,[7 ,11],[4,8]
143,[7 ,11],[4,9]
144,[7 ,11],[4,10]
145,[7 ,11],[4,11]
146,[7 ,11],[5,11]
147,[7 ,11],[6,11]
148,[7 ,11],[7,11]
149,[7 ,11],[7,11]
