//Quantitative values
165	//Makespan
165	//Mission completion time hauler 1
2	//Application execution time (in millisecond)
//Path to the final points
0,[7,3]
1,[6,3]
2,[5,3]
3,[4,3]
4,[3,3]
5,[2,3]
6,[2,4]
7,[2,5]
8,[2,6]
9,[2,7]
10,[2,8]
11,[2,9]
12,[3,9]
13,[4,9]
14,[5,9]
15,[6,9]
16,[7,9]
17,[8,9]
18,[9,9]
19,[10,9]
20,[9,9]
21,[8,9]
22,[7,9]
23,[7,8]
24,[7,7]
25,[6,7]
26,[6,6]
27,[6,5]
28,[6,4]
29,[5,4]
30,[4,4]
31,[4,5]
32,[4,6]
33,[4,7]
34,[4,8]
35,[4,9]
36,[3,9]
37,[3,10]
38,[3,11]
39,[3,12]
40,[3,11]
41,[3,10]
42,[3,9]
43,[4,9]
44,[4,8]
45,[4,7]
46,[4,6]
47,[4,5]
48,[4,4]
49,[5,4]
50,[6,4]
51,[6,5]
52,[6,6]
53,[6,7]
54,[7,7]
55,[7,8]
56,[7,9]
57,[8,9]
58,[9,9]
59,[10,9]
60,[9,9]
61,[8,9]
62,[7,9]
63,[6,9]
64,[5,9]
65,[4,9]
66,[3,9]
67,[2,9]
68,[2,8]
69,[2,7]
70,[2,6]
71,[2,5]
72,[2,6]
73,[2,7]
74,[2,8]
75,[2,9]
76,[3,9]
77,[4,9]
78,[5,9]
79,[6,9]
80,[7,9]
81,[8,9]
82,[9,9]
83,[10,9]
84,[9,9]
85,[8,9]
86,[7,9]
87,[6,9]
88,[5,9]
89,[4,9]
90,[3,9]
91,[2,9]
92,[2,8]
93,[2,7]
94,[2,6]
95,[2,5]
96,[2,6]
97,[2,7]
98,[2,8]
99,[2,9]
100,[2,10]
101,[2,11]
102,[2,12]
103,[3,12]
104,[3,11]
105,[3,10]
106,[3,9]
107,[4,9]
108,[4,8]
109,[4,7]
110,[4,6]
111,[4,5]
112,[4,4]
113,[5,4]
114,[6,4]
115,[6,5]
116,[6,6]
117,[6,7]
118,[7,7]
119,[7,8]
120,[7,9]
121,[8,9]
122,[9,9]
123,[10,9]
124,[9,9]
125,[8,9]
126,[7,9]
127,[6,9]
128,[5,9]
129,[4,9]
130,[4,10]
131,[4,11]
132,[4,12]
133,[4,11]
134,[4,10]
135,[4,9]
136,[5,9]
137,[6,9]
138,[7,9]
139,[8,9]
140,[9,9]
141,[10,9]
142,[9,9]
143,[8,9]
144,[7,9]
145,[6,9]
146,[5,9]
147,[4,9]
148,[3,9]
149,[2,9]
150,[2,8]
151,[2,7]
152,[2,6]
153,[2,5]
154,[2,6]
155,[2,7]
156,[2,8]
157,[2,9]
158,[3,9]
159,[4,9]
160,[5,9]
161,[6,9]
162,[7,9]
163,[8,9]
164,[9,9]
165,[10,9]
