//Quantitative values
150	//Makespan
151	//Mission completion time hauler 1
1	//Application execution time (in millisecond)
//Path to the final points
0,[10,12]
1,[9,12]
2,[8,12]
3,[7,12]
4,[6,12]
5,[5,12]
6,[4,12]
7,[4,11]
8,[4,10]
9,[4,9]
10,[4,8]
11,[4,7]
12,[4,6]
13,[4,5]
14,[4,4]
15,[4,3]
16,[4,2]
17,[4,1]
18,[4,2]
19,[4,3]
20,[5,3]
21,[6,3]
22,[7,3]
23,[8,3]
24,[9,3]
25,[10,3]
26,[11,3]
27,[12,3]
28,[11,3]
29,[10,3]
30,[9,3]
31,[8,3]
32,[7,3]
33,[6,3]
34,[5,3]
35,[4,3]
36,[3,3]
37,[2,3]
38,[2,4]
39,[2,5]
40,[1,5]
41,[1,6]
42,[1,7]
43,[1,8]
44,[1,9]
45,[1,10]
46,[2,10]
47,[3,10]
48,[3,9]
49,[3,8]
50,[3,7]
51,[3,6]
52,[3,5]
53,[3,4]
54,[3,3]
55,[3,2]
56,[3,1]
57,[4,1]
58,[4,2]
59,[4,3]
60,[5,3]
61,[6,3]
62,[7,3]
63,[8,3]
64,[9,3]
65,[10,3]
66,[11,3]
67,[12,3]
68,[11,3]
69,[10,3]
70,[9,3]
71,[8,3]
72,[7,3]
73,[6,3]
74,[5,3]
75,[4,3]
76,[4,2]
77,[4,1]
78,[3,1]
79,[3,2]
80,[3,3]
81,[3,4]
82,[3,5]
83,[3,6]
84,[3,7]
85,[3,8]
86,[3,9]
87,[3,10]
88,[2,10]
89,[1,10]
90,[1,9]
91,[1,8]
92,[1,7]
93,[1,8]
94,[1,9]
95,[1,10]
96,[2,10]
97,[1,10]
98,[1,9]
99,[1,8]
100,[1,7]
101,[1,6]
102,[1,5]
103,[2,5]
104,[2,4]
105,[2,3]
106,[3,3]
107,[4,3]
108,[5,3]
109,[6,3]
110,[7,3]
111,[8,3]
112,[9,3]
113,[10,3]
114,[11,3]
115,[12,3]
116,[12,4]
117,[12,5]
118,[12,6]
119,[11,6]
120,[10,6]
121,[10,7]
122,[10,8]
123,[10,9]
124,[9,9]
125,[8,9]
126,[7,9]
127,[6,9]
128,[5,9]
129,[4,9]
130,[3,9]
131,[3,10]
132,[2,10]
133,[3,10]
134,[3,9]
135,[4,9]
136,[5,9]
137,[6,9]
138,[7,9]
139,[8,9]
140,[9,9]
141,[10,9]
142,[9,9]
143,[8,9]
144,[7,9]
145,[6,9]
146,[5,9]
147,[4,9]
148,[3,9]
149,[3,10]
150,[2,10]
