//Quantitative values
139	//Makespan
140	//Mission completion time hauler 1
2	//Application execution time (in millisecond)
//Path to the final points
0,[10,10]
1,[9,10]
2,[8,10]
3,[7,10]
4,[6,10]
5,[5,10]
6,[4,10]
7,[3,10]
8,[3,9]
9,[3,8]
10,[3,9]
11,[3,10]
12,[3,11]
13,[4,11]
14,[5,11]
15,[6,11]
16,[6,10]
17,[6,9]
18,[7,9]
19,[7,8]
20,[7,7]
21,[7,6]
22,[7,5]
23,[8,5]
24,[8,4]
25,[9,4]
26,[10,4]
27,[10,5]
28,[10,6]
29,[11,6]
30,[10,6]
31,[10,5]
32,[10,4]
33,[9,4]
34,[8,4]
35,[8,5]
36,[7,5]
37,[6,5]
38,[5,5]
39,[4,5]
40,[3,5]
41,[3,6]
42,[3,7]
43,[3,8]
44,[3,9]
45,[3,10]
46,[3,11]
47,[3,10]
48,[3,9]
49,[3,8]
50,[3,9]
51,[4,9]
52,[5,9]
53,[6,9]
54,[7,9]
55,[8,9]
56,[9,9]
57,[10,9]
58,[10,8]
59,[10,7]
60,[10,6]
61,[11,6]
62,[10,6]
63,[10,7]
64,[10,8]
65,[10,9]
66,[9,9]
67,[8,9]
68,[7,9]
69,[6,9]
70,[5,9]
71,[4,9]
72,[3,9]
73,[3,8]
74,[3,9]
75,[4,9]
76,[5,9]
77,[6,9]
78,[7,9]
79,[8,9]
80,[9,9]
81,[10,9]
82,[10,8]
83,[10,7]
84,[10,6]
85,[11,6]
86,[10,6]
87,[10,7]
88,[10,8]
89,[10,9]
90,[9,9]
91,[8,9]
92,[7,9]
93,[6,9]
94,[5,9]
95,[4,9]
96,[3,9]
97,[3,8]
98,[3,9]
99,[3,10]
100,[3,11]
101,[3,10]
102,[3,9]
103,[3,8]
104,[3,9]
105,[3,10]
106,[3,11]
107,[3,10]
108,[3,9]
109,[3,8]
110,[3,7]
111,[3,6]
112,[3,5]
113,[4,5]
114,[5,5]
115,[6,5]
116,[7,5]
117,[8,5]
118,[7,5]
119,[7,6]
120,[7,7]
121,[7,8]
122,[7,9]
123,[6,9]
124,[6,10]
125,[6,11]
126,[6,10]
127,[6,9]
128,[7,9]
129,[7,8]
130,[7,7]
131,[7,6]
132,[7,5]
133,[8,5]
134,[8,4]
135,[9,4]
136,[10,4]
137,[10,5]
138,[10,6]
139,[11,6]
