//Quantitative values
101	//Makespan
101	//Mission completion time hauler 1
3	//Application execution time (in millisecond)
//Path to the final points
0,[1,12]
1,[1,11]
2,[1,10]
3,[2,10]
4,[3,10]
5,[4,10]
6,[4,9]
7,[5,9]
8,[4,9]
9,[4,8]
10,[4,7]
11,[4,6]
12,[5,6]
13,[4,6]
14,[4,7]
15,[4,8]
16,[4,9]
17,[5,9]
18,[6,9]
19,[6,8]
20,[6,7]
21,[7,7]
22,[8,7]
23,[9,7]
24,[10,7]
25,[9,7]
26,[8,7]
27,[7,7]
28,[6,7]
29,[5,7]
30,[4,7]
31,[3,7]
32,[2,7]
33,[1,7]
34,[1,6]
35,[2,6]
36,[3,6]
37,[4,6]
38,[4,7]
39,[4,8]
40,[4,9]
41,[5,9]
42,[6,9]
43,[6,8]
44,[6,7]
45,[7,7]
46,[8,7]
47,[9,7]
48,[10,7]
49,[9,7]
50,[8,7]
51,[7,7]
52,[6,7]
53,[5,7]
54,[4,7]
55,[3,7]
56,[2,7]
57,[1,7]
58,[1,6]
59,[2,6]
60,[3,6]
61,[4,6]
62,[5,6]
63,[4,6]
64,[4,7]
65,[4,8]
66,[4,9]
67,[5,9]
68,[4,9]
69,[4,8]
70,[4,7]
71,[4,6]
72,[4,7]
73,[4,8]
74,[4,9]
75,[5,9]
76,[6,9]
77,[6,8]
78,[6,7]
79,[7,7]
80,[8,7]
81,[9,7]
82,[10,7]
83,[9,7]
84,[8,7]
85,[7,7]
86,[6,7]
87,[6,8]
88,[6,9]
89,[5,9]
90,[4,9]
91,[4,8]
92,[4,7]
93,[4,6]
94,[5,6]
95,[4,6]
96,[3,6]
97,[2,6]
98,[1,6]
99,[2,6]
100,[3,6]
101,[4,6]
