//Quantitative values
156	//Makespan
157	//Mission completion time hauler 1
1	//Application execution time (in millisecond)
//Path to the final points
0,[10,10]
1,[9,10]
2,[8,10]
3,[7,10]
4,[7,9]
5,[7,8]
6,[7,7]
7,[7,6]
8,[7,5]
9,[6,5]
10,[5,5]
11,[4,5]
12,[4,6]
13,[4,7]
14,[4,8]
15,[4,7]
16,[4,6]
17,[4,5]
18,[5,5]
19,[5,4]
20,[5,3]
21,[5,2]
22,[6,2]
23,[7,2]
24,[8,2]
25,[9,2]
26,[10,2]
27,[11,2]
28,[10,2]
29,[9,2]
30,[8,2]
31,[7,2]
32,[6,2]
33,[5,2]
34,[5,3]
35,[5,4]
36,[5,5]
37,[4,5]
38,[4,6]
39,[4,7]
40,[4,8]
41,[4,7]
42,[4,6]
43,[4,5]
44,[5,5]
45,[5,4]
46,[5,3]
47,[5,2]
48,[6,2]
49,[7,2]
50,[8,2]
51,[9,2]
52,[10,2]
53,[11,2]
54,[10,2]
55,[9,2]
56,[8,2]
57,[7,2]
58,[6,2]
59,[5,2]
60,[5,3]
61,[5,4]
62,[5,5]
63,[4,5]
64,[4,6]
65,[4,7]
66,[4,8]
67,[4,7]
68,[4,6]
69,[4,5]
70,[5,5]
71,[5,4]
72,[5,3]
73,[5,2]
74,[6,2]
75,[7,2]
76,[8,2]
77,[9,2]
78,[8,2]
79,[7,2]
80,[6,2]
81,[5,2]
82,[5,3]
83,[5,4]
84,[5,5]
85,[4,5]
86,[4,6]
87,[4,7]
88,[4,8]
89,[4,7]
90,[4,6]
91,[4,5]
92,[5,5]
93,[5,4]
94,[5,3]
95,[5,2]
96,[6,2]
97,[7,2]
98,[8,2]
99,[9,2]
100,[8,2]
101,[7,2]
102,[6,2]
103,[5,2]
104,[5,3]
105,[5,4]
106,[5,5]
107,[4,5]
108,[4,6]
109,[4,7]
110,[4,8]
111,[4,7]
112,[4,6]
113,[4,5]
114,[5,5]
115,[5,4]
116,[5,3]
117,[5,2]
118,[6,2]
119,[7,2]
120,[8,2]
121,[9,2]
122,[10,2]
123,[11,2]
124,[10,2]
125,[9,2]
126,[8,2]
127,[7,2]
128,[6,2]
129,[5,2]
130,[5,3]
131,[5,4]
132,[5,5]
133,[4,5]
134,[4,6]
135,[4,7]
136,[4,8]
137,[4,7]
138,[4,6]
139,[4,5]
140,[5,5]
141,[6,5]
142,[7,5]
143,[6,5]
144,[6,4]
145,[6,5]
146,[7,5]
147,[6,5]
148,[6,4]
149,[6,5]
150,[7,5]
151,[6,5]
152,[5,5]
153,[4,5]
154,[4,6]
155,[4,7]
156,[4,8]
