//Quantitative values
135	//Makespan
135	//Mission completion time hauler 1
1	//Application execution time (in millisecond)
//Path to the final points
0,[4,12]
1,[5,12]
2,[6,12]
3,[7,12]
4,[8,12]
5,[9,12]
6,[9,11]
7,[9,10]
8,[8,10]
9,[7,10]
10,[7,9]
11,[7,8]
12,[7,7]
13,[7,6]
14,[7,7]
15,[7,8]
16,[7,9]
17,[8,9]
18,[8,10]
19,[9,10]
20,[9,11]
21,[9,12]
22,[10,12]
23,[10,11]
24,[10,10]
25,[10,9]
26,[11,9]
27,[12,9]
28,[12,8]
29,[12,7]
30,[12,6]
31,[12,5]
32,[12,4]
33,[12,3]
34,[12,2]
35,[11,2]
36,[10,2]
37,[9,2]
38,[8,2]
39,[8,3]
40,[8,4]
41,[8,5]
42,[7,5]
43,[7,6]
44,[7,7]
45,[7,8]
46,[7,9]
47,[7,10]
48,[8,10]
49,[9,10]
50,[9,11]
51,[9,12]
52,[8,12]
53,[7,12]
54,[6,12]
55,[5,12]
56,[6,12]
57,[7,12]
58,[8,12]
59,[9,12]
60,[9,11]
61,[9,10]
62,[8,10]
63,[7,10]
64,[7,9]
65,[7,8]
66,[7,7]
67,[7,6]
68,[7,5]
69,[8,5]
70,[8,4]
71,[8,3]
72,[8,2]
73,[9,2]
74,[10,2]
75,[11,2]
76,[12,2]
77,[12,3]
78,[12,4]
79,[12,5]
80,[12,6]
81,[12,7]
82,[12,8]
83,[12,9]
84,[11,9]
85,[10,9]
86,[10,10]
87,[10,11]
88,[10,12]
89,[9,12]
90,[8,12]
91,[7,12]
92,[6,12]
93,[5,12]
94,[4,12]
95,[3,12]
96,[2,12]
97,[1,12]
98,[1,11]
99,[1,10]
100,[1,9]
101,[1,8]
102,[1,7]
103,[2,7]
104,[3,7]
105,[4,7]
106,[5,7]
107,[5,6]
108,[5,5]
109,[5,4]
110,[5,3]
111,[5,2]
112,[6,2]
113,[7,2]
114,[8,2]
115,[9,2]
116,[10,2]
117,[11,2]
118,[12,2]
119,[12,3]
120,[12,4]
121,[12,5]
122,[12,6]
123,[12,7]
124,[12,8]
125,[12,9]
126,[11,9]
127,[10,9]
128,[10,10]
129,[10,11]
130,[10,12]
131,[9,12]
132,[8,12]
133,[7,12]
134,[6,12]
135,[5,12]
