//Quantitative values
290	//Makespan
291	//Mission completion time hauler 1
2	//Application execution time (in millisecond)
//Path to the final points
0,[7,3]
1,[7,4]
2,[8,4]
3,[7,4]
4,[6,4]
5,[5,4]
6,[4,4]
7,[3,4]
8,[2,4]
9,[2,5]
10,[2,4]
11,[3,4]
12,[4,4]
13,[5,4]
14,[6,4]
15,[7,4]
16,[8,4]
17,[8,4]
18,[8,4]
19,[8,4]
20,[8,4]
21,[8,4]
22,[7,4]
23,[7,5]
24,[7,6]
25,[7,7]
26,[7,8]
27,[7,9]
28,[8,9]
29,[9,9]
30,[10,9]
31,[9,9]
32,[8,9]
33,[7,9]
34,[7,8]
35,[7,7]
36,[7,6]
37,[7,5]
38,[7,4]
39,[8,4]
40,[8,4]
41,[8,4]
42,[8,4]
43,[8,4]
44,[8,4]
45,[7,4]
46,[6,4]
47,[7,4]
48,[8,4]
49,[7,4]
50,[6,4]
51,[5,4]
52,[4,4]
53,[4,5]
54,[4,6]
55,[4,7]
56,[4,8]
57,[4,9]
58,[3,9]
59,[3,10]
60,[3,11]
61,[3,12]
62,[3,11]
63,[3,10]
64,[3,9]
65,[4,9]
66,[4,8]
67,[4,7]
68,[4,6]
69,[4,5]
70,[4,4]
71,[5,4]
72,[6,4]
73,[7,4]
74,[8,4]
75,[8,4]
76,[8,4]
77,[8,4]
78,[8,4]
79,[8,4]
80,[7,4]
81,[6,4]
82,[7,4]
83,[8,4]
84,[7,4]
85,[7,5]
86,[7,6]
87,[7,7]
88,[7,8]
89,[7,9]
90,[8,9]
91,[9,9]
92,[10,9]
93,[9,9]
94,[8,9]
95,[7,9]
96,[7,8]
97,[7,7]
98,[7,6]
99,[7,5]
100,[7,4]
101,[8,4]
102,[8,4]
103,[8,4]
104,[8,4]
105,[8,4]
106,[8,4]
107,[7,4]
108,[6,4]
109,[5,4]
110,[4,4]
111,[3,4]
112,[2,4]
113,[2,5]
114,[2,4]
115,[3,4]
116,[4,4]
117,[5,4]
118,[6,4]
119,[7,4]
120,[8,4]
121,[7,4]
122,[7,5]
123,[7,6]
124,[7,7]
125,[7,8]
126,[7,9]
127,[8,9]
128,[9,9]
129,[10,9]
130,[9,9]
131,[8,9]
132,[7,9]
133,[7,8]
134,[7,7]
135,[7,6]
136,[7,5]
137,[7,4]
138,[8,4]
139,[8,4]
140,[8,4]
141,[8,4]
142,[8,4]
143,[8,4]
144,[7,4]
145,[6,4]
146,[5,4]
147,[4,4]
148,[3,4]
149,[2,4]
150,[2,5]
151,[2,4]
152,[3,4]
153,[4,4]
154,[5,4]
155,[6,4]
156,[7,4]
157,[8,4]
158,[7,4]
159,[6,4]
160,[5,4]
161,[4,4]
162,[4,5]
163,[4,6]
164,[4,7]
165,[4,8]
166,[4,9]
167,[3,9]
168,[3,10]
169,[3,11]
170,[3,12]
171,[3,11]
172,[3,10]
173,[3,9]
174,[4,9]
175,[4,8]
176,[4,7]
177,[4,6]
178,[4,5]
179,[4,4]
180,[5,4]
181,[6,4]
182,[7,4]
183,[8,4]
184,[8,4]
185,[8,4]
186,[8,4]
187,[8,4]
188,[8,4]
189,[7,4]
190,[6,4]
191,[7,4]
192,[8,4]
193,[7,4]
194,[7,5]
195,[7,6]
196,[7,7]
197,[7,8]
198,[7,9]
199,[8,9]
200,[9,9]
201,[10,9]
202,[9,9]
203,[8,9]
204,[7,9]
205,[7,8]
206,[7,7]
207,[7,6]
208,[7,5]
209,[7,4]
210,[8,4]
211,[8,4]
212,[8,4]
213,[8,4]
214,[8,4]
215,[8,4]
216,[7,4]
217,[6,4]
218,[5,4]
219,[4,4]
220,[4,5]
221,[4,6]
222,[4,7]
223,[4,8]
224,[4,9]
225,[4,10]
226,[4,11]
227,[4,12]
228,[4,11]
229,[4,10]
230,[4,9]
231,[4,8]
232,[4,7]
233,[4,6]
234,[4,5]
235,[4,4]
236,[5,4]
237,[6,4]
238,[7,4]
239,[8,4]
240,[8,4]
241,[8,4]
242,[8,4]
243,[8,4]
244,[8,4]
245,[7,4]
246,[7,5]
247,[7,6]
248,[7,7]
249,[7,8]
250,[7,9]
251,[8,9]
252,[9,9]
253,[10,9]
254,[9,9]
255,[8,9]
256,[7,9]
257,[7,8]
258,[7,7]
259,[7,6]
260,[7,5]
261,[7,4]
262,[8,4]
263,[8,4]
264,[8,4]
265,[8,4]
266,[8,4]
267,[8,4]
268,[7,4]
269,[6,4]
270,[5,4]
271,[4,4]
272,[3,4]
273,[2,4]
274,[2,5]
275,[2,4]
276,[3,4]
277,[4,4]
278,[5,4]
279,[6,4]
280,[7,4]
281,[8,4]
282,[7,4]
283,[7,5]
284,[7,6]
285,[7,7]
286,[7,8]
287,[7,9]
288,[8,9]
289,[9,9]
290,[10,9]
