//Quantitative values
276	//Makespan
277	//Mission completion time hauler 1
2	//Application execution time (in millisecond)
//Path to the final points
0,[2,1]
1,[2,2]
2,[2,3]
3,[2,4]
4,[2,5]
5,[2,6]
6,[3,6]
7,[4,6]
8,[5,6]
9,[6,6]
10,[7,6]
11,[8,6]
12,[9,6]
13,[9,6]
14,[9,6]
15,[9,6]
16,[9,6]
17,[9,6]
18,[10,6]
19,[10,7]
20,[10,8]
21,[10,9]
22,[10,10]
23,[10,11]
24,[10,12]
25,[10,11]
26,[10,10]
27,[10,9]
28,[10,8]
29,[10,7]
30,[10,6]
31,[9,6]
32,[8,6]
33,[7,6]
34,[6,6]
35,[5,6]
36,[4,6]
37,[3,6]
38,[2,6]
39,[2,5]
40,[2,6]
41,[3,6]
42,[4,6]
43,[5,6]
44,[6,6]
45,[7,6]
46,[8,6]
47,[9,6]
48,[9,6]
49,[9,6]
50,[9,6]
51,[9,6]
52,[9,6]
53,[8,6]
54,[7,6]
55,[6,6]
56,[5,6]
57,[4,6]
58,[3,6]
59,[3,7]
60,[3,8]
61,[3,7]
62,[3,6]
63,[4,6]
64,[5,6]
65,[6,6]
66,[7,6]
67,[8,6]
68,[9,6]
69,[8,6]
70,[7,6]
71,[6,6]
72,[5,6]
73,[4,6]
74,[3,6]
75,[2,6]
76,[2,5]
77,[2,6]
78,[3,6]
79,[4,6]
80,[5,6]
81,[6,6]
82,[7,6]
83,[8,6]
84,[9,6]
85,[9,6]
86,[9,6]
87,[9,6]
88,[9,6]
89,[9,6]
90,[10,6]
91,[10,7]
92,[10,8]
93,[10,9]
94,[10,10]
95,[10,11]
96,[10,12]
97,[10,11]
98,[10,10]
99,[10,9]
100,[10,8]
101,[10,7]
102,[10,6]
103,[9,6]
104,[8,6]
105,[7,6]
106,[6,6]
107,[5,6]
108,[5,7]
109,[5,8]
110,[5,7]
111,[5,6]
112,[6,6]
113,[7,6]
114,[8,6]
115,[9,6]
116,[9,6]
117,[9,6]
118,[9,6]
119,[9,6]
120,[9,6]
121,[10,6]
122,[10,7]
123,[10,8]
124,[10,9]
125,[10,10]
126,[10,11]
127,[10,12]
128,[10,11]
129,[10,10]
130,[10,9]
131,[10,8]
132,[10,7]
133,[10,6]
134,[9,6]
135,[8,6]
136,[7,6]
137,[6,6]
138,[5,6]
139,[5,7]
140,[5,8]
141,[5,7]
142,[5,6]
143,[6,6]
144,[7,6]
145,[8,6]
146,[9,6]
147,[9,6]
148,[9,6]
149,[9,6]
150,[9,6]
151,[9,6]
152,[9,5]
153,[9,4]
154,[9,3]
155,[10,3]
156,[10,2]
157,[10,1]
158,[9,1]
159,[10,1]
160,[10,2]
161,[10,3]
162,[9,3]
163,[9,4]
164,[9,5]
165,[9,6]
166,[8,6]
167,[7,6]
168,[6,6]
169,[5,6]
170,[4,6]
171,[3,6]
172,[2,6]
173,[2,5]
174,[2,6]
175,[3,6]
176,[4,6]
177,[5,6]
178,[6,6]
179,[7,6]
180,[8,6]
181,[9,6]
182,[9,6]
183,[9,6]
184,[9,6]
185,[9,6]
186,[9,6]
187,[8,6]
188,[7,6]
189,[6,6]
190,[5,6]
191,[4,6]
192,[3,6]
193,[3,7]
194,[3,8]
195,[3,7]
196,[3,6]
197,[4,6]
198,[5,6]
199,[6,6]
200,[7,6]
201,[8,6]
202,[9,6]
203,[8,6]
204,[7,6]
205,[6,6]
206,[5,6]
207,[4,6]
208,[3,6]
209,[2,6]
210,[2,5]
211,[2,6]
212,[3,6]
213,[4,6]
214,[5,6]
215,[6,6]
216,[7,6]
217,[8,6]
218,[9,6]
219,[9,6]
220,[9,6]
221,[9,6]
222,[9,6]
223,[9,6]
224,[10,6]
225,[10,7]
226,[10,8]
227,[10,9]
228,[10,10]
229,[10,11]
230,[10,12]
231,[10,11]
232,[10,10]
233,[10,9]
234,[10,8]
235,[10,7]
236,[10,6]
237,[9,6]
238,[8,6]
239,[7,6]
240,[6,6]
241,[5,6]
242,[5,7]
243,[5,8]
244,[5,7]
245,[5,6]
246,[6,6]
247,[7,6]
248,[8,6]
249,[9,6]
250,[9,6]
251,[9,6]
252,[9,6]
253,[9,6]
254,[9,6]
255,[8,6]
256,[7,6]
257,[6,6]
258,[5,6]
259,[4,6]
260,[3,6]
261,[3,7]
262,[3,8]
263,[3,7]
264,[3,6]
265,[4,6]
266,[5,6]
267,[6,6]
268,[7,6]
269,[8,6]
270,[9,6]
271,[8,6]
272,[7,6]
273,[6,6]
274,[5,6]
275,[5,7]
276,[5,8]
