//Quantitative values
414	//Makespan
415	//Mission completion time hauler 1
2	//Application execution time (in millisecond)
//Path to the final points
0,[8,5]
1,[8,4]
2,[8,3]
3,[8,2]
4,[9,2]
5,[10,2]
6,[11,2]
7,[10,2]
8,[9,2]
9,[8,2]
10,[7,2]
11,[7,3]
12,[7,4]
13,[7,5]
14,[7,6]
15,[7,7]
16,[7,8]
17,[7,7]
18,[7,6]
19,[7,5]
20,[7,4]
21,[7,3]
22,[7,2]
23,[8,2]
24,[9,2]
25,[10,2]
26,[11,2]
27,[11,2]
28,[11,2]
29,[11,2]
30,[11,2]
31,[11,2]
32,[10,2]
33,[9,2]
34,[8,2]
35,[7,2]
36,[6,2]
37,[5,2]
38,[4,2]
39,[3,2]
40,[2,2]
41,[1,2]
42,[1,3]
43,[1,4]
44,[1,5]
45,[1,4]
46,[1,3]
47,[1,2]
48,[2,2]
49,[3,2]
50,[4,2]
51,[5,2]
52,[6,2]
53,[7,2]
54,[8,2]
55,[9,2]
56,[10,2]
57,[11,2]
58,[11,2]
59,[11,2]
60,[11,2]
61,[11,2]
62,[11,2]
63,[10,2]
64,[9,2]
65,[8,2]
66,[7,2]
67,[7,3]
68,[7,4]
69,[7,5]
70,[7,6]
71,[7,7]
72,[7,8]
73,[7,7]
74,[7,6]
75,[7,5]
76,[7,4]
77,[7,3]
78,[7,2]
79,[8,2]
80,[9,2]
81,[10,2]
82,[11,2]
83,[11,2]
84,[11,2]
85,[11,2]
86,[11,2]
87,[11,2]
88,[10,2]
89,[9,2]
90,[8,2]
91,[7,2]
92,[6,2]
93,[5,2]
94,[4,2]
95,[3,2]
96,[3,3]
97,[3,2]
98,[4,2]
99,[5,2]
100,[6,2]
101,[7,2]
102,[8,2]
103,[9,2]
104,[10,2]
105,[11,2]
106,[11,2]
107,[11,2]
108,[11,2]
109,[11,2]
110,[11,2]
111,[10,2]
112,[9,2]
113,[8,2]
114,[7,2]
115,[6,2]
116,[5,2]
117,[4,2]
118,[3,2]
119,[3,3]
120,[3,4]
121,[3,3]
122,[3,2]
123,[4,2]
124,[5,2]
125,[6,2]
126,[7,2]
127,[8,2]
128,[9,2]
129,[10,2]
130,[11,2]
131,[11,2]
132,[11,2]
133,[11,2]
134,[11,2]
135,[11,2]
136,[10,2]
137,[9,2]
138,[8,2]
139,[7,2]
140,[6,2]
141,[5,2]
142,[5,3]
143,[5,4]
144,[5,5]
145,[5,6]
146,[5,7]
147,[5,8]
148,[5,7]
149,[5,6]
150,[5,5]
151,[5,4]
152,[5,3]
153,[5,2]
154,[6,2]
155,[7,2]
156,[8,2]
157,[9,2]
158,[10,2]
159,[11,2]
160,[11,2]
161,[11,2]
162,[11,2]
163,[11,2]
164,[11,2]
165,[10,2]
166,[9,2]
167,[8,2]
168,[7,2]
169,[6,2]
170,[5,2]
171,[4,2]
172,[3,2]
173,[3,3]
174,[3,4]
175,[3,3]
176,[3,2]
177,[4,2]
178,[5,2]
179,[6,2]
180,[7,2]
181,[8,2]
182,[9,2]
183,[10,2]
184,[11,2]
185,[11,2]
186,[11,2]
187,[11,2]
188,[11,2]
189,[11,2]
190,[10,2]
191,[9,2]
192,[8,2]
193,[7,2]
194,[6,2]
195,[5,2]
196,[4,2]
197,[3,2]
198,[2,2]
199,[1,2]
200,[1,3]
201,[1,4]
202,[1,5]
203,[1,4]
204,[1,3]
205,[1,2]
206,[2,2]
207,[3,2]
208,[4,2]
209,[5,2]
210,[6,2]
211,[7,2]
212,[8,2]
213,[9,2]
214,[10,2]
215,[11,2]
216,[11,2]
217,[11,2]
218,[11,2]
219,[11,2]
220,[11,2]
221,[10,2]
222,[9,2]
223,[8,2]
224,[7,2]
225,[6,2]
226,[5,2]
227,[4,2]
228,[3,2]
229,[3,3]
230,[3,4]
231,[3,3]
232,[3,2]
233,[4,2]
234,[5,2]
235,[6,2]
236,[7,2]
237,[8,2]
238,[9,2]
239,[10,2]
240,[11,2]
241,[11,2]
242,[11,2]
243,[11,2]
244,[11,2]
245,[11,2]
246,[10,2]
247,[9,2]
248,[8,2]
249,[7,2]
250,[6,2]
251,[5,2]
252,[4,2]
253,[3,2]
254,[2,2]
255,[1,2]
256,[1,3]
257,[1,4]
258,[1,5]
259,[1,4]
260,[1,3]
261,[1,2]
262,[2,2]
263,[3,2]
264,[4,2]
265,[5,2]
266,[6,2]
267,[7,2]
268,[8,2]
269,[9,2]
270,[10,2]
271,[11,2]
272,[11,2]
273,[11,2]
274,[11,2]
275,[11,2]
276,[11,2]
277,[10,2]
278,[9,2]
279,[8,2]
280,[7,2]
281,[7,3]
282,[7,4]
283,[7,5]
284,[7,6]
285,[7,7]
286,[7,8]
287,[7,7]
288,[7,6]
289,[7,5]
290,[7,4]
291,[7,3]
292,[7,2]
293,[8,2]
294,[9,2]
295,[10,2]
296,[11,2]
297,[11,2]
298,[11,2]
299,[11,2]
300,[11,2]
301,[11,2]
302,[10,2]
303,[9,2]
304,[8,2]
305,[7,2]
306,[6,2]
307,[5,2]
308,[4,2]
309,[3,2]
310,[2,2]
311,[1,2]
312,[1,3]
313,[1,4]
314,[1,5]
315,[1,4]
316,[1,3]
317,[1,2]
318,[2,2]
319,[3,2]
320,[4,2]
321,[5,2]
322,[6,2]
323,[7,2]
324,[8,2]
325,[9,2]
326,[10,2]
327,[11,2]
328,[11,2]
329,[11,2]
330,[11,2]
331,[11,2]
332,[11,2]
333,[10,2]
334,[9,2]
335,[8,2]
336,[7,2]
337,[6,2]
338,[5,2]
339,[4,2]
340,[3,2]
341,[3,3]
342,[3,4]
343,[3,3]
344,[3,2]
345,[4,2]
346,[5,2]
347,[6,2]
348,[7,2]
349,[8,2]
350,[9,2]
351,[10,2]
352,[11,2]
353,[11,2]
354,[11,2]
355,[11,2]
356,[11,2]
357,[11,2]
358,[10,2]
359,[9,2]
360,[8,2]
361,[7,2]
362,[6,2]
363,[5,2]
364,[4,2]
365,[3,2]
366,[3,3]
367,[3,2]
368,[4,2]
369,[5,2]
370,[6,2]
371,[7,2]
372,[8,2]
373,[9,2]
374,[10,2]
375,[11,2]
376,[11,2]
377,[11,2]
378,[11,2]
379,[11,2]
380,[11,2]
381,[10,2]
382,[9,2]
383,[8,2]
384,[7,2]
385,[7,3]
386,[7,4]
387,[7,5]
388,[7,6]
389,[7,7]
390,[7,8]
391,[7,7]
392,[7,6]
393,[7,5]
394,[7,4]
395,[7,3]
396,[7,2]
397,[8,2]
398,[9,2]
399,[10,2]
400,[11,2]
401,[11,2]
402,[11,2]
403,[11,2]
404,[11,2]
405,[11,2]
406,[10,2]
407,[9,2]
408,[8,2]
409,[7,2]
410,[6,2]
411,[5,2]
412,[4,2]
413,[3,2]
414,[3,3]
