//Quantitative values
344	//Makespan
345	//Mission completion time hauler 1
1	//Application execution time (in millisecond)
//Path to the final points
0,[6,5]
1,[5,5]
2,[4,5]
3,[3,5]
4,[2,5]
5,[2,6]
6,[2,5]
7,[2,4]
8,[3,4]
9,[4,4]
10,[5,4]
11,[6,4]
12,[7,4]
13,[8,4]
14,[8,3]
15,[9,3]
16,[10,3]
17,[11,3]
18,[10,3]
19,[9,3]
20,[8,3]
21,[8,4]
22,[7,4]
23,[6,4]
24,[5,4]
25,[4,4]
26,[3,4]
27,[2,4]
28,[2,5]
29,[2,6]
30,[2,6]
31,[2,6]
32,[2,6]
33,[2,6]
34,[2,6]
35,[2,5]
36,[2,4]
37,[3,4]
38,[4,4]
39,[5,4]
40,[6,4]
41,[7,4]
42,[6,4]
43,[5,4]
44,[4,4]
45,[3,4]
46,[2,4]
47,[2,5]
48,[2,6]
49,[2,6]
50,[2,6]
51,[2,6]
52,[2,6]
53,[2,6]
54,[2,7]
55,[1,7]
56,[1,8]
57,[1,9]
58,[1,10]
59,[1,11]
60,[1,10]
61,[1,9]
62,[1,8]
63,[1,7]
64,[2,7]
65,[2,6]
66,[2,5]
67,[3,5]
68,[4,5]
69,[5,5]
70,[6,5]
71,[6,6]
72,[7,6]
73,[8,6]
74,[9,6]
75,[10,6]
76,[9,6]
77,[8,6]
78,[7,6]
79,[6,6]
80,[6,5]
81,[5,5]
82,[4,5]
83,[3,5]
84,[2,5]
85,[2,6]
86,[2,6]
87,[2,6]
88,[2,6]
89,[2,6]
90,[2,6]
91,[2,5]
92,[2,4]
93,[3,4]
94,[4,4]
95,[5,4]
96,[6,4]
97,[7,4]
98,[8,4]
99,[8,3]
100,[9,3]
101,[10,3]
102,[11,3]
103,[10,3]
104,[9,3]
105,[8,3]
106,[8,4]
107,[7,4]
108,[6,4]
109,[5,4]
110,[4,4]
111,[3,4]
112,[2,4]
113,[2,5]
114,[2,6]
115,[2,6]
116,[2,6]
117,[2,6]
118,[2,6]
119,[2,6]
120,[2,5]
121,[2,4]
122,[3,4]
123,[4,4]
124,[5,4]
125,[6,4]
126,[7,4]
127,[6,4]
128,[5,4]
129,[4,4]
130,[3,4]
131,[2,4]
132,[2,5]
133,[2,6]
134,[2,6]
135,[2,6]
136,[2,6]
137,[2,6]
138,[2,6]
139,[2,7]
140,[1,7]
141,[1,8]
142,[1,9]
143,[1,10]
144,[1,11]
145,[1,10]
146,[1,9]
147,[1,8]
148,[1,7]
149,[2,7]
150,[2,6]
151,[2,5]
152,[3,5]
153,[4,5]
154,[5,5]
155,[6,5]
156,[6,6]
157,[7,6]
158,[8,6]
159,[9,6]
160,[10,6]
161,[9,6]
162,[8,6]
163,[7,6]
164,[6,6]
165,[6,5]
166,[5,5]
167,[4,5]
168,[3,5]
169,[2,5]
170,[2,6]
171,[2,6]
172,[2,6]
173,[2,6]
174,[2,6]
175,[2,6]
176,[2,5]
177,[2,4]
178,[3,4]
179,[4,4]
180,[5,4]
181,[6,4]
182,[7,4]
183,[8,4]
184,[8,3]
185,[9,3]
186,[10,3]
187,[11,3]
188,[10,3]
189,[9,3]
190,[8,3]
191,[8,4]
192,[7,4]
193,[6,4]
194,[5,4]
195,[4,4]
196,[3,4]
197,[2,4]
198,[2,5]
199,[2,6]
200,[2,6]
201,[2,6]
202,[2,6]
203,[2,6]
204,[2,6]
205,[2,5]
206,[2,4]
207,[3,4]
208,[4,4]
209,[5,4]
210,[6,4]
211,[7,4]
212,[6,4]
213,[5,4]
214,[4,4]
215,[3,4]
216,[2,4]
217,[2,5]
218,[2,6]
219,[2,6]
220,[2,6]
221,[2,6]
222,[2,6]
223,[2,6]
224,[2,5]
225,[2,4]
226,[3,4]
227,[4,4]
228,[5,4]
229,[6,4]
230,[7,4]
231,[8,4]
232,[8,3]
233,[9,3]
234,[10,3]
235,[11,3]
236,[10,3]
237,[9,3]
238,[8,3]
239,[8,4]
240,[7,4]
241,[6,4]
242,[5,4]
243,[4,4]
244,[3,4]
245,[2,4]
246,[2,5]
247,[2,6]
248,[2,6]
249,[2,6]
250,[2,6]
251,[2,6]
252,[2,6]
253,[2,5]
254,[2,4]
255,[3,4]
256,[4,4]
257,[5,4]
258,[6,4]
259,[7,4]
260,[6,4]
261,[5,4]
262,[4,4]
263,[3,4]
264,[2,4]
265,[2,5]
266,[2,6]
267,[2,6]
268,[2,6]
269,[2,6]
270,[2,6]
271,[2,6]
272,[2,5]
273,[2,4]
274,[3,4]
275,[4,4]
276,[5,4]
277,[6,4]
278,[7,4]
279,[8,4]
280,[8,3]
281,[9,3]
282,[10,3]
283,[11,3]
284,[10,3]
285,[9,3]
286,[8,3]
287,[8,4]
288,[7,4]
289,[6,4]
290,[5,4]
291,[4,4]
292,[3,4]
293,[2,4]
294,[2,5]
295,[2,6]
296,[2,6]
297,[2,6]
298,[2,6]
299,[2,6]
300,[2,6]
301,[2,5]
302,[3,5]
303,[4,5]
304,[5,5]
305,[6,5]
306,[6,6]
307,[7,6]
308,[8,6]
309,[9,6]
310,[10,6]
311,[9,6]
312,[8,6]
313,[7,6]
314,[6,6]
315,[6,5]
316,[5,5]
317,[4,5]
318,[3,5]
319,[2,5]
320,[2,6]
321,[2,6]
322,[2,6]
323,[2,6]
324,[2,6]
325,[2,6]
326,[2,7]
327,[1,7]
328,[1,8]
329,[1,9]
330,[1,10]
331,[1,11]
332,[1,10]
333,[1,9]
334,[1,8]
335,[1,7]
336,[2,7]
337,[2,6]
338,[2,5]
339,[2,4]
340,[3,4]
341,[4,4]
342,[5,4]
343,[6,4]
344,[7,4]
