//Quantitative values
281	//Makespan
282	//Mission completion time hauler 1
2	//Application execution time (in millisecond)
//Path to the final points
0,[10,12]
1,[9,12]
2,[8,12]
3,[7,12]
4,[6,12]
5,[5,12]
6,[4,12]
7,[4,11]
8,[4,10]
9,[4,9]
10,[4,8]
11,[4,7]
12,[4,6]
13,[4,5]
14,[4,4]
15,[4,3]
16,[4,3]
17,[4,3]
18,[4,3]
19,[4,3]
20,[4,3]
21,[4,2]
22,[4,1]
23,[4,2]
24,[4,3]
25,[5,3]
26,[6,3]
27,[7,3]
28,[8,3]
29,[9,3]
30,[10,3]
31,[11,3]
32,[12,3]
33,[11,3]
34,[10,3]
35,[9,3]
36,[8,3]
37,[7,3]
38,[6,3]
39,[5,3]
40,[4,3]
41,[3,3]
42,[2,3]
43,[2,4]
44,[2,5]
45,[1,5]
46,[1,6]
47,[1,7]
48,[1,6]
49,[1,5]
50,[2,5]
51,[2,4]
52,[2,3]
53,[3,3]
54,[4,3]
55,[4,3]
56,[4,3]
57,[4,3]
58,[4,3]
59,[4,3]
60,[3,3]
61,[3,4]
62,[3,5]
63,[3,6]
64,[3,7]
65,[3,8]
66,[3,9]
67,[3,10]
68,[2,10]
69,[3,10]
70,[3,9]
71,[3,8]
72,[3,7]
73,[3,6]
74,[3,5]
75,[3,4]
76,[3,3]
77,[4,3]
78,[4,2]
79,[4,1]
80,[4,2]
81,[4,3]
82,[5,3]
83,[6,3]
84,[7,3]
85,[8,3]
86,[9,3]
87,[10,3]
88,[11,3]
89,[12,3]
90,[11,3]
91,[10,3]
92,[9,3]
93,[8,3]
94,[7,3]
95,[6,3]
96,[5,3]
97,[4,3]
98,[4,3]
99,[4,3]
100,[4,3]
101,[4,3]
102,[4,3]
103,[4,2]
104,[4,1]
105,[4,2]
106,[4,3]
107,[3,3]
108,[3,4]
109,[3,5]
110,[3,6]
111,[3,7]
112,[3,8]
113,[3,9]
114,[3,10]
115,[2,10]
116,[3,10]
117,[3,9]
118,[3,8]
119,[3,7]
120,[3,6]
121,[3,5]
122,[3,4]
123,[3,3]
124,[4,3]
125,[3,3]
126,[2,3]
127,[2,4]
128,[2,5]
129,[1,5]
130,[1,6]
131,[1,7]
132,[1,6]
133,[1,5]
134,[2,5]
135,[2,4]
136,[2,3]
137,[3,3]
138,[4,3]
139,[4,3]
140,[4,3]
141,[4,3]
142,[4,3]
143,[4,3]
144,[3,3]
145,[3,4]
146,[3,5]
147,[3,6]
148,[3,7]
149,[3,8]
150,[3,9]
151,[3,10]
152,[2,10]
153,[3,10]
154,[3,9]
155,[3,8]
156,[3,7]
157,[3,6]
158,[3,5]
159,[3,4]
160,[3,3]
161,[4,3]
162,[3,3]
163,[2,3]
164,[2,4]
165,[2,5]
166,[1,5]
167,[1,6]
168,[1,7]
169,[1,6]
170,[1,5]
171,[2,5]
172,[2,4]
173,[2,3]
174,[3,3]
175,[4,3]
176,[4,3]
177,[4,3]
178,[4,3]
179,[4,3]
180,[4,3]
181,[5,3]
182,[6,3]
183,[7,3]
184,[8,3]
185,[9,3]
186,[10,3]
187,[11,3]
188,[12,3]
189,[11,3]
190,[10,3]
191,[9,3]
192,[8,3]
193,[7,3]
194,[6,3]
195,[5,3]
196,[4,3]
197,[4,4]
198,[4,5]
199,[4,6]
200,[4,7]
201,[4,8]
202,[4,9]
203,[5,9]
204,[6,9]
205,[7,9]
206,[8,9]
207,[9,9]
208,[10,9]
209,[9,9]
210,[8,9]
211,[7,9]
212,[6,9]
213,[5,9]
214,[4,9]
215,[4,8]
216,[4,7]
217,[4,6]
218,[4,5]
219,[4,4]
220,[4,3]
221,[4,3]
222,[4,3]
223,[4,3]
224,[4,3]
225,[4,3]
226,[3,3]
227,[3,4]
228,[3,5]
229,[3,6]
230,[3,7]
231,[3,8]
232,[3,9]
233,[3,10]
234,[2,10]
235,[3,10]
236,[3,9]
237,[3,8]
238,[3,7]
239,[3,6]
240,[3,5]
241,[3,4]
242,[3,3]
243,[4,3]
244,[4,4]
245,[4,5]
246,[4,6]
247,[4,7]
248,[4,8]
249,[4,9]
250,[5,9]
251,[6,9]
252,[7,9]
253,[8,9]
254,[9,9]
255,[10,9]
256,[9,9]
257,[8,9]
258,[7,9]
259,[6,9]
260,[5,9]
261,[4,9]
262,[4,8]
263,[4,7]
264,[4,6]
265,[4,5]
266,[4,4]
267,[4,3]
268,[4,3]
269,[4,3]
270,[4,3]
271,[4,3]
272,[4,3]
273,[3,3]
274,[3,4]
275,[3,5]
276,[3,6]
277,[3,7]
278,[3,8]
279,[3,9]
280,[3,10]
281,[2,10]
