//Quantitative values
137	//Makespan
137	//Mission completion time hauler 1
1	//Application execution time (in millisecond)
//Path to the final points
0,[8,9]
1,[8,10]
2,[9,10]
3,[9,11]
4,[9,12]
5,[8,12]
6,[7,12]
7,[6,12]
8,[5,12]
9,[4,12]
10,[3,12]
11,[2,12]
12,[3,12]
13,[4,12]
14,[5,12]
15,[6,12]
16,[7,12]
17,[8,12]
18,[9,12]
19,[9,11]
20,[9,10]
21,[9,9]
22,[10,9]
23,[11,9]
24,[12,9]
25,[12,8]
26,[12,9]
27,[11,9]
28,[10,9]
29,[9,9]
30,[9,10]
31,[9,11]
32,[9,12]
33,[8,12]
34,[7,12]
35,[6,12]
36,[5,12]
37,[4,12]
38,[3,12]
39,[2,12]
40,[3,12]
41,[4,12]
42,[5,12]
43,[6,12]
44,[7,12]
45,[8,12]
46,[9,12]
47,[8,12]
48,[7,12]
49,[6,12]
50,[5,12]
51,[4,12]
52,[3,12]
53,[3,11]
54,[3,10]
55,[3,11]
56,[3,12]
57,[4,12]
58,[5,12]
59,[6,12]
60,[7,12]
61,[8,12]
62,[9,12]
63,[9,11]
64,[9,10]
65,[9,9]
66,[10,9]
67,[11,9]
68,[12,9]
69,[12,8]
70,[12,9]
71,[11,9]
72,[10,9]
73,[9,9]
74,[8,9]
75,[8,8]
76,[8,7]
77,[7,7]
78,[7,6]
79,[7,5]
80,[7,4]
81,[7,3]
82,[6,3]
83,[5,3]
84,[5,4]
85,[5,5]
86,[5,6]
87,[5,7]
88,[4,7]
89,[3,7]
90,[2,7]
91,[2,8]
92,[2,9]
93,[2,10]
94,[2,11]
95,[2,12]
96,[2,11]
97,[2,10]
98,[2,9]
99,[2,8]
100,[2,7]
101,[3,7]
102,[4,7]
103,[5,7]
104,[5,6]
105,[5,5]
106,[5,4]
107,[5,3]
108,[6,3]
109,[7,3]
110,[6,3]
111,[5,3]
112,[5,4]
113,[5,5]
114,[5,6]
115,[5,7]
116,[4,7]
117,[3,7]
118,[2,7]
119,[2,8]
120,[2,9]
121,[2,10]
122,[2,11]
123,[2,12]
124,[3,12]
125,[4,12]
126,[5,12]
127,[6,12]
128,[7,12]
129,[8,12]
130,[9,12]
131,[9,11]
132,[9,10]
133,[9,9]
134,[10,9]
135,[11,9]
136,[12,9]
137,[12,8]
