//Quantitative values
58	//Makespan
58	//Mission completion time hauler 1
1	//Application execution time (in millisecond)
//Path to the final points
0,[10,10]
1,[9,10]
2,[8,10]
3,[8,9]
4,[8,8]
5,[8,7]
6,[8,6]
7,[8,5]
8,[8,4]
9,[9,4]
10,[10,4]
11,[10,5]
12,[10,6]
13,[11,6]
14,[10,6]
15,[10,7]
16,[10,8]
17,[10,9]
18,[9,9]
19,[8,9]
20,[7,9]
21,[6,9]
22,[5,9]
23,[4,9]
24,[3,9]
25,[3,8]
26,[3,9]
27,[4,9]
28,[5,9]
29,[6,9]
30,[7,9]
31,[8,9]
32,[9,9]
33,[10,9]
34,[10,8]
35,[10,7]
36,[10,6]
37,[11,6]
38,[10,6]
39,[10,7]
40,[10,8]
41,[10,9]
42,[9,9]
43,[8,9]
44,[7,9]
45,[6,9]
46,[5,9]
47,[4,9]
48,[3,9]
49,[3,8]
50,[3,9]
51,[3,10]
52,[3,11]
53,[3,10]
54,[3,9]
55,[3,8]
56,[3,9]
57,[3,10]
58,[3,11]
