//Quantitative values
49	//Makespan
49	//Mission completion time hauler 1
1	//Application execution time (in millisecond)
//Path to the final points
0,[12,7]
1,[12,8]
2,[11,8]
3,[10,8]
4,[9,8]
5,[8,8]
6,[7,8]
7,[7,9]
8,[6,9]
9,[5,9]
10,[4,9]
11,[3,9]
12,[2,9]
13,[2,8]
14,[3,8]
15,[4,8]
16,[4,7]
17,[4,6]
18,[4,5]
19,[4,4]
20,[4,3]
21,[4,2]
22,[4,1]
23,[4,2]
24,[4,3]
25,[4,4]
26,[4,5]
27,[4,6]
28,[4,7]
29,[4,8]
30,[3,8]
31,[4,8]
32,[4,7]
33,[4,6]
34,[4,5]
35,[4,4]
36,[4,3]
37,[4,2]
38,[4,1]
39,[3,1]
40,[3,2]
41,[3,3]
42,[3,4]
43,[3,5]
44,[3,4]
45,[3,3]
46,[3,2]
47,[3,1]
48,[4,1]
49,[4,2]
