//Quantitative values
82	//Makespan
83	//Mission completion time hauler 1
77	//Mission completion time hauler 2
1	//Application execution time (in millisecond)
//Path to the final points
0,[1 ,2],[3,4]
1,[1 ,3],[3,3]
2,[1 ,4],[3,2]
3,[1 ,5],[3,3]
4,[1 ,6],[3,4]
5,[2 ,6],[3,5]
6,[2 ,7],[3,6]
7,[2 ,8],[3,7]
8,[2 ,9],[3,8]
9,[2 ,10],[3,7]
10,[2 ,11],[3,6]
11,[2 ,12],[3,5]
12,[3 ,12],[3,4]
13,[4 ,12],[4,4]
14,[5 ,12],[5,4]
15,[6 ,12],[6,4]
16,[7 ,12],[7,4]
17,[8 ,12],[8,4]
18,[9 ,12],[7,4]
19,[10 ,12],[6,4]
20,[9 ,12],[5,4]
21,[8 ,12],[4,4]
22,[7 ,12],[3,4]
23,[6 ,12],[3,5]
24,[5 ,12],[3,6]
25,[4 ,12],[3,7]
26,[3 ,12],[3,8]
27,[3 ,11],[3,7]
28,[3 ,10],[3,8]
29,[3 ,9],[3,9]
30,[3 ,8],[3,10]
31,[3 ,7],[3,11]
32,[3 ,6],[3,12]
33,[3 ,5],[4,12]
34,[3 ,4],[5,12]
35,[3 ,3],[6,12]
36,[3 ,2],[7,12]
37,[4 ,2],[8,12]
38,[5 ,2],[9,12]
39,[6 ,2],[10,12]
40,[7 ,2],[9,12]
41,[8 ,2],[8,12]
42,[8 ,3],[8,11]
43,[8 ,4],[8,10]
44,[8 ,5],[8,9]
45,[8 ,6],[8,8]
46,[8 ,7],[8,7]
47,[8 ,8],[8,6]
48,[8 ,9],[8,5]
49,[8 ,10],[8,4]
50,[8 ,11],[8,5]
51,[8 ,12],[8,6]
52,[9 ,12],[8,7]
53,[10 ,12],[8,8]
54,[9 ,12],[8,9]
55,[8 ,12],[8,10]
56,[8 ,11],[8,11]
57,[8 ,10],[8,12]
58,[8 ,9],[9,12]
59,[8 ,8],[10,12]
60,[8 ,7],[9,12]
61,[8 ,6],[8,12]
62,[8 ,5],[7,12]
63,[8 ,4],[6,12]
64,[8 ,3],[6,11]
65,[8 ,2],[6,10]
66,[7 ,2],[6,9]
67,[7 ,3],[6,8]
68,[7 ,4],[6,7]
69,[6 ,4],[6,6]
70,[6 ,5],[6,5]
71,[5 ,5],[5,5]
72,[4 ,5],[4,5]
73,[3 ,5],[3,5]
74,[3 ,6],[3,6]
75,[3 ,7],[3,7]
76,[3 ,8],[3,8]
77,[3 ,7],[3,8]
78,[3 ,6],[3,8]
79,[3 ,5],[3,8]
80,[3 ,4],[3,8]
81,[3 ,3],[3,8]
82,[3 ,2],[3,8]
