//Quantitative values
72	//Makespan
73	//Mission completion time hauler 1
69	//Mission completion time hauler 2
1	//Application execution time (in millisecond)
//Path to the final points
0,[6 ,11],[10,10]
1,[5 ,11],[10,11]
2,[5 ,10],[11,11]
3,[5 ,9],[11,10]
4,[5 ,8],[11,9]
5,[5 ,7],[11,8]
6,[6 ,7],[10,8]
7,[6 ,8],[9,8]
8,[7 ,8],[9,7]
9,[8 ,8],[9,6]
10,[9 ,8],[9,5]
11,[10 ,8],[9,4]
12,[11 ,8],[9,3]
13,[11 ,9],[8,3]
14,[11 ,10],[7,3]
15,[11 ,11],[6,3]
16,[10 ,11],[5,3]
17,[9 ,11],[4,3]
18,[8 ,11],[3,3]
19,[8 ,10],[2,3]
20,[8 ,9],[2,4]
21,[8 ,8],[2,5]
22,[8 ,7],[2,6]
23,[8 ,6],[2,7]
24,[7 ,6],[2,6]
25,[7 ,5],[2,5]
26,[7 ,4],[2,4]
27,[6 ,4],[2,3]
28,[5 ,4],[2,2]
29,[5 ,3],[3,2]
30,[5 ,2],[3,1]
31,[5 ,1],[4,1]
32,[5 ,2],[5,1]
33,[5 ,3],[4,1]
34,[5 ,4],[3,1]
35,[5 ,5],[3,2]
36,[5 ,6],[2,2]
37,[5 ,7],[2,3]
38,[5 ,8],[2,4]
39,[6 ,8],[2,5]
40,[7 ,8],[2,6]
41,[8 ,8],[2,7]
42,[9 ,8],[2,6]
43,[10 ,8],[2,5]
44,[11 ,8],[2,4]
45,[10 ,8],[2,3]
46,[9 ,8],[2,2]
47,[8 ,8],[3,2]
48,[7 ,8],[3,1]
49,[6 ,8],[4,1]
50,[6 ,7],[5,1]
51,[6 ,6],[5,2]
52,[7 ,6],[5,3]
53,[7 ,5],[5,4]
54,[7 ,4],[6,4]
55,[6 ,4],[7,4]
56,[5 ,4],[7,5]
57,[5 ,3],[7,4]
58,[5 ,2],[6,4]
59,[5 ,1],[5,4]
60,[5 ,2],[5,3]
61,[5 ,3],[5,2]
62,[5 ,4],[5,1]
63,[5 ,5],[5,2]
64,[5 ,6],[5,3]
65,[5 ,7],[5,4]
66,[5 ,8],[6,4]
67,[6 ,8],[7,4]
68,[7 ,8],[7,5]
69,[8 ,8],[7,5]
70,[9 ,8],[7,5]
71,[10 ,8],[7,5]
72,[11 ,8],[7,5]
