//Quantitative values
58	//Makespan
58	//Mission completion time hauler 1
1	//Application execution time (in millisecond)
//Path to the final points
0,[4,12]
1,[5,12]
2,[6,12]
3,[7,12]
4,[8,12]
5,[9,12]
6,[9,11]
7,[9,10]
8,[9,9]
9,[10,9]
10,[11,9]
11,[12,9]
12,[12,8]
13,[12,7]
14,[12,6]
15,[12,5]
16,[12,4]
17,[12,3]
18,[12,2]
19,[11,2]
20,[10,2]
21,[9,2]
22,[8,2]
23,[8,3]
24,[8,4]
25,[8,5]
26,[7,5]
27,[7,6]
28,[7,7]
29,[7,8]
30,[7,9]
31,[8,9]
32,[8,10]
33,[9,10]
34,[9,11]
35,[9,12]
36,[10,12]
37,[10,11]
38,[10,10]
39,[10,9]
40,[11,9]
41,[12,9]
42,[12,8]
43,[12,7]
44,[12,6]
45,[12,5]
46,[12,4]
47,[12,3]
48,[12,4]
49,[12,5]
50,[12,6]
51,[12,7]
52,[12,8]
53,[12,9]
54,[11,9]
55,[10,9]
56,[10,10]
57,[10,11]
58,[10,12]
