//Quantitative values
87	//Makespan
88	//Mission completion time hauler 1
2	//Application execution time (in millisecond)
//Path to the final points
0,[5,9]
1,[5,8]
2,[5,7]
3,[5,6]
4,[5,5]
5,[5,4]
6,[5,3]
7,[6,3]
8,[6,4]
9,[7,4]
10,[7,5]
11,[7,6]
12,[7,7]
13,[7,8]
14,[7,9]
15,[7,10]
16,[8,10]
17,[9,10]
18,[8,10]
19,[7,10]
20,[7,9]
21,[7,8]
22,[7,7]
23,[7,6]
24,[7,5]
25,[7,4]
26,[6,4]
27,[6,3]
28,[6,4]
29,[7,4]
30,[7,5]
31,[7,6]
32,[7,7]
33,[7,8]
34,[7,9]
35,[7,10]
36,[8,10]
37,[9,10]
38,[9,11]
39,[10,11]
40,[11,11]
41,[12,11]
42,[11,11]
43,[10,11]
44,[9,11]
45,[9,10]
46,[9,11]
47,[10,11]
48,[11,11]
49,[12,11]
50,[11,11]
51,[10,11]
52,[9,11]
53,[9,12]
54,[8,12]
55,[7,12]
56,[6,12]
57,[5,12]
58,[4,12]
59,[3,12]
60,[2,12]
61,[2,11]
62,[2,10]
63,[2,9]
64,[2,8]
65,[2,7]
66,[3,7]
67,[4,7]
68,[5,7]
69,[5,6]
70,[5,5]
71,[5,4]
72,[5,3]
73,[6,3]
74,[5,3]
75,[5,4]
76,[5,5]
77,[5,6]
78,[5,7]
79,[4,7]
80,[3,7]
81,[2,7]
82,[2,8]
83,[2,9]
84,[2,10]
85,[2,11]
86,[2,12]
87,[3,12]
