//Quantitative values
76	//Makespan
77	//Mission completion time hauler 1
1	//Application execution time (in millisecond)
//Path to the final points
0,[2,7]
1,[2,8]
2,[3,8]
3,[4,8]
4,[5,8]
5,[5,7]
6,[5,6]
7,[5,5]
8,[5,4]
9,[6,4]
10,[7,4]
11,[7,5]
12,[7,6]
13,[7,7]
14,[7,8]
15,[7,7]
16,[7,6]
17,[7,5]
18,[7,4]
19,[6,4]
20,[5,4]
21,[5,5]
22,[5,6]
23,[5,7]
24,[5,8]
25,[5,7]
26,[5,6]
27,[5,5]
28,[5,4]
29,[6,4]
30,[7,4]
31,[7,5]
32,[7,6]
33,[7,7]
34,[7,8]
35,[7,7]
36,[7,6]
37,[7,5]
38,[7,4]
39,[7,3]
40,[7,2]
41,[6,2]
42,[5,2]
43,[5,1]
44,[4,1]
45,[5,1]
46,[5,2]
47,[6,2]
48,[7,2]
49,[7,3]
50,[7,4]
51,[7,5]
52,[7,6]
53,[7,7]
54,[7,8]
55,[7,7]
56,[7,6]
57,[7,5]
58,[7,4]
59,[7,3]
60,[7,2]
61,[6,2]
62,[5,2]
63,[5,3]
64,[5,4]
65,[5,5]
66,[5,6]
67,[5,7]
68,[4,7]
69,[3,7]
70,[2,7]
71,[1,7]
72,[1,8]
73,[1,9]
74,[1,10]
75,[1,11]
76,[1,12]
