//Quantitative values
99	//Makespan
99	//Mission completion time hauler 1
1	//Application execution time (in millisecond)
//Path to the final points
0,[10,10]
1,[9,10]
2,[8,10]
3,[7,10]
4,[6,10]
5,[6,11]
6,[5,11]
7,[4,11]
8,[3,11]
9,[3,10]
10,[3,9]
11,[3,8]
12,[3,9]
13,[3,10]
14,[3,11]
15,[4,11]
16,[5,11]
17,[6,11]
18,[6,10]
19,[6,9]
20,[7,9]
21,[7,8]
22,[7,7]
23,[7,6]
24,[7,5]
25,[8,5]
26,[7,5]
27,[6,5]
28,[5,5]
29,[4,5]
30,[3,5]
31,[3,6]
32,[3,7]
33,[3,8]
34,[3,9]
35,[3,10]
36,[3,11]
37,[3,10]
38,[3,9]
39,[3,8]
40,[3,7]
41,[3,6]
42,[3,5]
43,[4,5]
44,[5,5]
45,[6,5]
46,[7,5]
47,[8,5]
48,[7,5]
49,[6,5]
50,[5,5]
51,[4,5]
52,[3,5]
53,[3,6]
54,[3,7]
55,[3,8]
56,[3,9]
57,[3,10]
58,[3,11]
59,[3,10]
60,[3,9]
61,[3,8]
62,[3,7]
63,[3,6]
64,[3,5]
65,[4,5]
66,[5,5]
67,[6,5]
68,[7,5]
69,[8,5]
70,[8,4]
71,[9,4]
72,[10,4]
73,[10,5]
74,[10,6]
75,[11,6]
76,[10,6]
77,[10,7]
78,[10,8]
79,[10,9]
80,[9,9]
81,[8,9]
82,[7,9]
83,[6,9]
84,[5,9]
85,[4,9]
86,[3,9]
87,[3,8]
88,[3,9]
89,[3,10]
90,[3,11]
91,[4,11]
92,[5,11]
93,[6,11]
94,[5,11]
95,[4,11]
96,[3,11]
97,[3,10]
98,[3,9]
99,[3,8]
