//Quantitative values
132	//Makespan
133	//Mission completion time hauler 1
1	//Application execution time (in millisecond)
//Path to the final points
0,[6,12]
1,[7,12]
2,[8,12]
3,[9,12]
4,[9,11]
5,[9,10]
6,[9,9]
7,[10,9]
8,[11,9]
9,[12,9]
10,[12,8]
11,[12,7]
12,[12,6]
13,[12,5]
14,[12,4]
15,[12,3]
16,[12,2]
17,[11,2]
18,[10,2]
19,[9,2]
20,[8,2]
21,[8,3]
22,[8,4]
23,[8,5]
24,[7,5]
25,[7,4]
26,[6,4]
27,[5,4]
28,[5,5]
29,[5,4]
30,[6,4]
31,[7,4]
32,[7,5]
33,[7,6]
34,[7,7]
35,[7,6]
36,[7,5]
37,[7,4]
38,[6,4]
39,[5,4]
40,[5,5]
41,[5,6]
42,[5,7]
43,[4,7]
44,[3,7]
45,[3,6]
46,[3,5]
47,[3,4]
48,[3,3]
49,[3,4]
50,[3,5]
51,[3,6]
52,[3,7]
53,[4,7]
54,[5,7]
55,[5,6]
56,[5,5]
57,[5,4]
58,[6,4]
59,[7,4]
60,[7,5]
61,[7,6]
62,[7,7]
63,[7,6]
64,[7,5]
65,[7,4]
66,[7,3]
67,[7,2]
68,[8,2]
69,[9,2]
70,[10,2]
71,[11,2]
72,[12,2]
73,[11,2]
74,[10,2]
75,[9,2]
76,[8,2]
77,[7,2]
78,[7,3]
79,[7,4]
80,[7,5]
81,[7,6]
82,[7,7]
83,[7,6]
84,[7,5]
85,[7,4]
86,[6,4]
87,[5,4]
88,[5,5]
89,[5,4]
90,[6,4]
91,[7,4]
92,[7,5]
93,[7,6]
94,[7,7]
95,[7,6]
96,[7,5]
97,[7,4]
98,[6,4]
99,[5,4]
100,[5,5]
101,[5,6]
102,[5,7]
103,[4,7]
104,[3,7]
105,[3,6]
106,[3,5]
107,[3,6]
108,[3,7]
109,[4,7]
110,[5,7]
111,[5,6]
112,[5,5]
113,[5,4]
114,[5,3]
115,[6,3]
116,[6,2]
117,[7,2]
118,[8,2]
119,[9,2]
120,[10,2]
121,[11,2]
122,[12,2]
123,[11,2]
124,[10,2]
125,[9,2]
126,[8,2]
127,[7,2]
128,[7,3]
129,[7,4]
130,[7,5]
131,[7,6]
132,[7,7]
