//Quantitative values
83	//Makespan
83	//Mission completion time hauler 1
1	//Application execution time (in millisecond)
//Path to the final points
0,[1,12]
1,[1,11]
2,[1,10]
3,[2,10]
4,[2,9]
5,[2,8]
6,[2,7]
7,[2,6]
8,[3,6]
9,[4,6]
10,[5,6]
11,[4,6]
12,[4,7]
13,[4,8]
14,[4,9]
15,[5,9]
16,[4,9]
17,[4,8]
18,[4,7]
19,[4,6]
20,[5,6]
21,[4,6]
22,[3,6]
23,[2,6]
24,[1,6]
25,[1,7]
26,[2,7]
27,[3,7]
28,[4,7]
29,[5,7]
30,[6,7]
31,[7,7]
32,[8,7]
33,[9,7]
34,[10,7]
35,[9,7]
36,[8,7]
37,[7,7]
38,[6,7]
39,[5,7]
40,[4,7]
41,[3,7]
42,[2,7]
43,[1,7]
44,[1,6]
45,[2,6]
46,[3,6]
47,[4,6]
48,[5,6]
49,[4,6]
50,[3,6]
51,[2,6]
52,[1,6]
53,[2,6]
54,[3,6]
55,[4,6]
56,[4,7]
57,[4,8]
58,[4,9]
59,[5,9]
60,[6,9]
61,[6,8]
62,[6,7]
63,[7,7]
64,[8,7]
65,[9,7]
66,[10,7]
67,[9,7]
68,[8,7]
69,[7,7]
70,[6,7]
71,[6,8]
72,[6,9]
73,[5,9]
74,[4,9]
75,[4,8]
76,[4,7]
77,[4,6]
78,[5,6]
79,[4,6]
80,[4,7]
81,[4,8]
82,[4,9]
83,[5,9]
