//Quantitative values
98	//Makespan
98	//Mission completion time hauler 1
1	//Application execution time (in millisecond)
//Path to the final points
0,[9,8]
1,[9,7]
2,[9,6]
3,[10,6]
4,[10,5]
5,[10,4]
6,[9,4]
7,[8,4]
8,[7,4]
9,[6,4]
10,[5,4]
11,[4,4]
12,[3,4]
13,[2,4]
14,[2,3]
15,[3,3]
16,[4,3]
17,[5,3]
18,[6,3]
19,[7,3]
20,[8,3]
21,[8,2]
22,[9,2]
23,[10,2]
24,[11,2]
25,[10,2]
26,[9,2]
27,[8,2]
28,[8,3]
29,[8,2]
30,[9,2]
31,[10,2]
32,[11,2]
33,[10,2]
34,[10,3]
35,[10,4]
36,[10,5]
37,[10,6]
38,[10,7]
39,[10,8]
40,[10,9]
41,[10,10]
42,[10,11]
43,[11,11]
44,[12,11]
45,[11,11]
46,[10,11]
47,[9,11]
48,[9,10]
49,[8,10]
50,[7,10]
51,[6,10]
52,[6,9]
53,[5,9]
54,[4,9]
55,[3,9]
56,[2,9]
57,[2,8]
58,[2,7]
59,[2,6]
60,[2,5]
61,[2,4]
62,[2,3]
63,[3,3]
64,[4,3]
65,[5,3]
66,[6,3]
67,[7,3]
68,[8,3]
69,[8,2]
70,[9,2]
71,[10,2]
72,[11,2]
73,[10,2]
74,[9,2]
75,[8,2]
76,[8,3]
77,[7,3]
78,[6,3]
79,[5,3]
80,[4,3]
81,[3,3]
82,[2,3]
83,[2,4]
84,[2,3]
85,[2,2]
86,[3,2]
87,[4,2]
88,[5,2]
89,[4,2]
90,[3,2]
91,[2,2]
92,[2,3]
93,[2,4]
94,[2,3]
95,[2,2]
96,[3,2]
97,[4,2]
98,[5,2]
