//Quantitative values
219	//Makespan
220	//Mission completion time hauler 1
3	//Application execution time (in millisecond)
//Path to the final points
0,[7,3]
1,[7,4]
2,[8,4]
3,[7,4]
4,[6,4]
5,[5,4]
6,[4,4]
7,[4,5]
8,[4,6]
9,[4,7]
10,[4,8]
11,[4,9]
12,[3,9]
13,[3,10]
14,[3,11]
15,[3,12]
16,[3,11]
17,[3,10]
18,[3,9]
19,[4,9]
20,[4,8]
21,[4,7]
22,[4,6]
23,[4,5]
24,[4,4]
25,[5,4]
26,[6,4]
27,[7,4]
28,[8,4]
29,[8,4]
30,[8,4]
31,[8,4]
32,[8,4]
33,[8,4]
34,[7,4]
35,[6,4]
36,[5,4]
37,[4,4]
38,[3,4]
39,[2,4]
40,[2,5]
41,[2,4]
42,[3,4]
43,[4,4]
44,[5,4]
45,[6,4]
46,[7,4]
47,[8,4]
48,[7,4]
49,[6,4]
50,[5,4]
51,[4,4]
52,[4,5]
53,[4,6]
54,[4,7]
55,[4,8]
56,[4,9]
57,[3,9]
58,[3,10]
59,[3,11]
60,[3,12]
61,[3,11]
62,[3,10]
63,[3,9]
64,[4,9]
65,[4,8]
66,[4,7]
67,[4,6]
68,[4,5]
69,[4,4]
70,[5,4]
71,[6,4]
72,[7,4]
73,[8,4]
74,[8,4]
75,[8,4]
76,[8,4]
77,[8,4]
78,[8,4]
79,[7,4]
80,[6,4]
81,[5,4]
82,[4,4]
83,[4,5]
84,[4,6]
85,[4,7]
86,[4,8]
87,[4,9]
88,[4,10]
89,[4,11]
90,[4,12]
91,[4,11]
92,[4,10]
93,[4,9]
94,[4,8]
95,[4,7]
96,[4,6]
97,[4,5]
98,[4,4]
99,[5,4]
100,[6,4]
101,[7,4]
102,[8,4]
103,[8,4]
104,[8,4]
105,[8,4]
106,[8,4]
107,[8,4]
108,[7,4]
109,[7,5]
110,[7,6]
111,[7,7]
112,[7,8]
113,[7,9]
114,[8,9]
115,[9,9]
116,[10,9]
117,[9,9]
118,[8,9]
119,[7,9]
120,[7,8]
121,[7,7]
122,[7,6]
123,[7,5]
124,[7,4]
125,[8,4]
126,[8,4]
127,[8,4]
128,[8,4]
129,[8,4]
130,[8,4]
131,[7,4]
132,[6,4]
133,[7,4]
134,[8,4]
135,[7,4]
136,[7,5]
137,[7,6]
138,[7,7]
139,[7,8]
140,[7,9]
141,[8,9]
142,[9,9]
143,[10,9]
144,[9,9]
145,[8,9]
146,[7,9]
147,[7,8]
148,[7,7]
149,[7,6]
150,[7,5]
151,[7,4]
152,[8,4]
153,[8,4]
154,[8,4]
155,[8,4]
156,[8,4]
157,[8,4]
158,[7,4]
159,[6,4]
160,[5,4]
161,[4,4]
162,[4,5]
163,[4,6]
164,[4,7]
165,[4,8]
166,[4,9]
167,[4,10]
168,[4,11]
169,[4,12]
170,[4,11]
171,[4,10]
172,[4,9]
173,[4,8]
174,[4,7]
175,[4,6]
176,[4,5]
177,[4,4]
178,[5,4]
179,[6,4]
180,[7,4]
181,[8,4]
182,[8,4]
183,[8,4]
184,[8,4]
185,[8,4]
186,[8,4]
187,[7,4]
188,[6,4]
189,[5,4]
190,[4,4]
191,[4,5]
192,[4,6]
193,[4,7]
194,[4,8]
195,[4,9]
196,[3,9]
197,[3,10]
198,[3,11]
199,[3,12]
200,[3,11]
201,[3,10]
202,[3,9]
203,[4,9]
204,[4,8]
205,[4,7]
206,[4,6]
207,[4,5]
208,[4,4]
209,[5,4]
210,[6,4]
211,[7,4]
212,[8,4]
213,[8,4]
214,[8,4]
215,[8,4]
216,[8,4]
217,[8,4]
218,[7,4]
219,[6,4]
