//Quantitative values
173	//Makespan
174	//Mission completion time hauler 1
2	//Application execution time (in millisecond)
//Path to the final points
0,[2,1]
1,[2,2]
2,[2,3]
3,[2,4]
4,[2,5]
5,[2,6]
6,[3,6]
7,[4,6]
8,[5,6]
9,[6,6]
10,[7,6]
11,[8,6]
12,[9,6]
13,[9,6]
14,[9,6]
15,[9,6]
16,[9,6]
17,[9,6]
18,[8,6]
19,[7,6]
20,[6,6]
21,[5,6]
22,[4,6]
23,[3,6]
24,[2,6]
25,[2,5]
26,[2,6]
27,[3,6]
28,[4,6]
29,[5,6]
30,[6,6]
31,[7,6]
32,[8,6]
33,[9,6]
34,[10,6]
35,[10,7]
36,[10,8]
37,[10,9]
38,[10,10]
39,[10,11]
40,[10,12]
41,[10,11]
42,[10,10]
43,[10,9]
44,[10,8]
45,[10,7]
46,[10,6]
47,[9,6]
48,[9,6]
49,[9,6]
50,[9,6]
51,[9,6]
52,[9,6]
53,[8,6]
54,[7,6]
55,[6,6]
56,[5,6]
57,[5,7]
58,[5,8]
59,[5,7]
60,[5,6]
61,[6,6]
62,[7,6]
63,[8,6]
64,[9,6]
65,[9,5]
66,[9,4]
67,[9,3]
68,[10,3]
69,[10,2]
70,[10,1]
71,[9,1]
72,[10,1]
73,[10,2]
74,[10,3]
75,[9,3]
76,[9,4]
77,[9,5]
78,[9,6]
79,[9,6]
80,[9,6]
81,[9,6]
82,[9,6]
83,[9,6]
84,[8,6]
85,[7,6]
86,[6,6]
87,[5,6]
88,[4,6]
89,[3,6]
90,[2,6]
91,[2,5]
92,[2,6]
93,[3,6]
94,[4,6]
95,[5,6]
96,[6,6]
97,[7,6]
98,[8,6]
99,[9,6]
100,[8,6]
101,[7,6]
102,[6,6]
103,[5,6]
104,[4,6]
105,[3,6]
106,[3,7]
107,[3,8]
108,[3,7]
109,[3,6]
110,[4,6]
111,[5,6]
112,[6,6]
113,[7,6]
114,[8,6]
115,[9,6]
116,[9,6]
117,[9,6]
118,[9,6]
119,[9,6]
120,[9,6]
121,[8,6]
122,[7,6]
123,[6,6]
124,[5,6]
125,[5,7]
126,[5,8]
127,[5,7]
128,[5,6]
129,[6,6]
130,[7,6]
131,[8,6]
132,[9,6]
133,[8,6]
134,[7,6]
135,[6,6]
136,[5,6]
137,[4,6]
138,[3,6]
139,[3,7]
140,[3,8]
141,[3,7]
142,[3,6]
143,[4,6]
144,[5,6]
145,[6,6]
146,[7,6]
147,[8,6]
148,[9,6]
149,[9,6]
150,[9,6]
151,[9,6]
152,[9,6]
153,[9,6]
154,[8,6]
155,[7,6]
156,[6,6]
157,[5,6]
158,[5,7]
159,[5,8]
160,[5,7]
161,[5,6]
162,[6,6]
163,[7,6]
164,[8,6]
165,[9,6]
166,[8,6]
167,[7,6]
168,[6,6]
169,[5,6]
170,[4,6]
171,[3,6]
172,[3,7]
173,[3,8]
