//Quantitative values
244	//Makespan
245	//Mission completion time hauler 1
2	//Application execution time (in millisecond)
//Path to the final points
0,[8,5]
1,[8,4]
2,[8,3]
3,[8,2]
4,[9,2]
5,[10,2]
6,[11,2]
7,[10,2]
8,[9,2]
9,[8,2]
10,[7,2]
11,[7,3]
12,[7,4]
13,[7,5]
14,[7,6]
15,[7,7]
16,[7,8]
17,[7,7]
18,[7,6]
19,[7,5]
20,[7,4]
21,[7,3]
22,[7,2]
23,[8,2]
24,[9,2]
25,[10,2]
26,[11,2]
27,[11,2]
28,[11,2]
29,[11,2]
30,[11,2]
31,[11,2]
32,[10,2]
33,[9,2]
34,[8,2]
35,[7,2]
36,[6,2]
37,[5,2]
38,[5,3]
39,[5,4]
40,[5,5]
41,[5,6]
42,[5,7]
43,[5,8]
44,[5,7]
45,[5,6]
46,[5,5]
47,[5,4]
48,[5,3]
49,[5,2]
50,[6,2]
51,[7,2]
52,[8,2]
53,[9,2]
54,[10,2]
55,[11,2]
56,[11,2]
57,[11,2]
58,[11,2]
59,[11,2]
60,[11,2]
61,[10,2]
62,[9,2]
63,[8,2]
64,[7,2]
65,[6,2]
66,[5,2]
67,[4,2]
68,[3,2]
69,[3,3]
70,[3,4]
71,[3,3]
72,[3,2]
73,[4,2]
74,[5,2]
75,[6,2]
76,[7,2]
77,[8,2]
78,[9,2]
79,[10,2]
80,[11,2]
81,[11,2]
82,[11,2]
83,[11,2]
84,[11,2]
85,[11,2]
86,[10,2]
87,[9,2]
88,[8,2]
89,[7,2]
90,[6,2]
91,[5,2]
92,[4,2]
93,[3,2]
94,[3,3]
95,[3,2]
96,[4,2]
97,[5,2]
98,[6,2]
99,[7,2]
100,[8,2]
101,[9,2]
102,[10,2]
103,[11,2]
104,[11,2]
105,[11,2]
106,[11,2]
107,[11,2]
108,[11,2]
109,[10,2]
110,[9,2]
111,[8,2]
112,[7,2]
113,[6,2]
114,[5,2]
115,[4,2]
116,[3,2]
117,[3,3]
118,[3,4]
119,[3,3]
120,[3,2]
121,[4,2]
122,[5,2]
123,[6,2]
124,[7,2]
125,[8,2]
126,[9,2]
127,[10,2]
128,[11,2]
129,[11,2]
130,[11,2]
131,[11,2]
132,[11,2]
133,[11,2]
134,[10,2]
135,[9,2]
136,[8,2]
137,[7,2]
138,[6,2]
139,[5,2]
140,[4,2]
141,[3,2]
142,[3,3]
143,[3,2]
144,[4,2]
145,[5,2]
146,[6,2]
147,[7,2]
148,[8,2]
149,[9,2]
150,[10,2]
151,[11,2]
152,[11,2]
153,[11,2]
154,[11,2]
155,[11,2]
156,[11,2]
157,[10,2]
158,[9,2]
159,[8,2]
160,[7,2]
161,[7,3]
162,[7,4]
163,[7,5]
164,[7,6]
165,[7,7]
166,[7,8]
167,[7,7]
168,[7,6]
169,[7,5]
170,[7,4]
171,[7,3]
172,[7,2]
173,[8,2]
174,[9,2]
175,[10,2]
176,[11,2]
177,[11,2]
178,[11,2]
179,[11,2]
180,[11,2]
181,[11,2]
182,[10,2]
183,[9,2]
184,[8,2]
185,[7,2]
186,[6,2]
187,[5,2]
188,[5,3]
189,[5,4]
190,[5,5]
191,[5,6]
192,[5,7]
193,[5,8]
194,[5,7]
195,[5,6]
196,[5,5]
197,[5,4]
198,[5,3]
199,[5,2]
200,[6,2]
201,[7,2]
202,[8,2]
203,[9,2]
204,[10,2]
205,[11,2]
206,[11,2]
207,[11,2]
208,[11,2]
209,[11,2]
210,[11,2]
211,[10,2]
212,[9,2]
213,[8,2]
214,[7,2]
215,[6,2]
216,[5,2]
217,[4,2]
218,[3,2]
219,[3,3]
220,[3,4]
221,[3,3]
222,[3,2]
223,[4,2]
224,[5,2]
225,[6,2]
226,[7,2]
227,[8,2]
228,[9,2]
229,[10,2]
230,[11,2]
231,[11,2]
232,[11,2]
233,[11,2]
234,[11,2]
235,[11,2]
236,[10,2]
237,[9,2]
238,[8,2]
239,[7,2]
240,[6,2]
241,[5,2]
242,[4,2]
243,[3,2]
244,[3,3]
