//Quantitative values
242	//Makespan
243	//Mission completion time hauler 1
1	//Application execution time (in millisecond)
//Path to the final points
0,[6,5]
1,[5,5]
2,[4,5]
3,[3,5]
4,[2,5]
5,[2,6]
6,[2,5]
7,[2,4]
8,[3,4]
9,[4,4]
10,[5,4]
11,[6,4]
12,[7,4]
13,[6,4]
14,[5,4]
15,[4,4]
16,[3,4]
17,[2,4]
18,[2,5]
19,[2,6]
20,[2,6]
21,[2,6]
22,[2,6]
23,[2,6]
24,[2,6]
25,[2,7]
26,[2,8]
27,[3,8]
28,[4,8]
29,[5,8]
30,[6,8]
31,[7,8]
32,[8,8]
33,[9,8]
34,[10,8]
35,[10,9]
36,[10,8]
37,[9,8]
38,[8,8]
39,[7,8]
40,[6,8]
41,[5,8]
42,[4,8]
43,[3,8]
44,[2,8]
45,[2,7]
46,[2,6]
47,[2,6]
48,[2,6]
49,[2,6]
50,[2,6]
51,[2,6]
52,[2,5]
53,[3,5]
54,[4,5]
55,[5,5]
56,[6,5]
57,[6,6]
58,[7,6]
59,[8,6]
60,[9,6]
61,[10,6]
62,[9,6]
63,[8,6]
64,[7,6]
65,[6,6]
66,[6,5]
67,[5,5]
68,[4,5]
69,[3,5]
70,[2,5]
71,[2,6]
72,[2,6]
73,[2,6]
74,[2,6]
75,[2,6]
76,[2,6]
77,[2,5]
78,[2,4]
79,[3,4]
80,[4,4]
81,[5,4]
82,[6,4]
83,[7,4]
84,[8,4]
85,[8,3]
86,[9,3]
87,[10,3]
88,[11,3]
89,[10,3]
90,[9,3]
91,[8,3]
92,[8,4]
93,[7,4]
94,[6,4]
95,[5,4]
96,[4,4]
97,[3,4]
98,[2,4]
99,[2,5]
100,[2,6]
101,[2,6]
102,[2,6]
103,[2,6]
104,[2,6]
105,[2,6]
106,[2,5]
107,[3,5]
108,[4,5]
109,[5,5]
110,[6,5]
111,[6,6]
112,[7,6]
113,[8,6]
114,[9,6]
115,[10,6]
116,[9,6]
117,[8,6]
118,[7,6]
119,[6,6]
120,[6,5]
121,[5,5]
122,[4,5]
123,[3,5]
124,[2,5]
125,[2,6]
126,[2,6]
127,[2,6]
128,[2,6]
129,[2,6]
130,[2,6]
131,[2,7]
132,[2,8]
133,[3,8]
134,[4,8]
135,[5,8]
136,[6,8]
137,[7,8]
138,[8,8]
139,[9,8]
140,[10,8]
141,[10,9]
142,[10,8]
143,[9,8]
144,[8,8]
145,[7,8]
146,[6,8]
147,[5,8]
148,[4,8]
149,[3,8]
150,[2,8]
151,[2,7]
152,[2,6]
153,[2,6]
154,[2,6]
155,[2,6]
156,[2,6]
157,[2,6]
158,[2,5]
159,[3,5]
160,[4,5]
161,[5,5]
162,[6,5]
163,[6,6]
164,[7,6]
165,[8,6]
166,[9,6]
167,[10,6]
168,[9,6]
169,[8,6]
170,[7,6]
171,[6,6]
172,[6,5]
173,[5,5]
174,[4,5]
175,[3,5]
176,[2,5]
177,[2,6]
178,[2,6]
179,[2,6]
180,[2,6]
181,[2,6]
182,[2,6]
183,[2,5]
184,[2,4]
185,[3,4]
186,[4,4]
187,[5,4]
188,[6,4]
189,[7,4]
190,[8,4]
191,[8,3]
192,[9,3]
193,[10,3]
194,[11,3]
195,[10,3]
196,[9,3]
197,[8,3]
198,[8,4]
199,[7,4]
200,[6,4]
201,[5,4]
202,[4,4]
203,[3,4]
204,[2,4]
205,[2,5]
206,[2,6]
207,[2,6]
208,[2,6]
209,[2,6]
210,[2,6]
211,[2,6]
212,[2,5]
213,[2,4]
214,[3,4]
215,[4,4]
216,[5,4]
217,[6,4]
218,[7,4]
219,[6,4]
220,[5,4]
221,[4,4]
222,[3,4]
223,[2,4]
224,[2,5]
225,[2,6]
226,[2,6]
227,[2,6]
228,[2,6]
229,[2,6]
230,[2,6]
231,[2,5]
232,[2,4]
233,[3,4]
234,[4,4]
235,[5,4]
236,[6,4]
237,[7,4]
238,[8,4]
239,[8,3]
240,[9,3]
241,[10,3]
242,[11,3]
