//Quantitative values
157	//Makespan
158	//Mission completion time hauler 1
1	//Application execution time (in millisecond)
//Path to the final points
0,[10,12]
1,[9,12]
2,[8,12]
3,[7,12]
4,[6,12]
5,[5,12]
6,[4,12]
7,[4,11]
8,[4,10]
9,[4,9]
10,[4,8]
11,[4,7]
12,[4,6]
13,[4,5]
14,[4,4]
15,[4,3]
16,[4,3]
17,[4,3]
18,[4,3]
19,[4,3]
20,[4,3]
21,[3,3]
22,[3,4]
23,[3,5]
24,[3,6]
25,[3,7]
26,[3,8]
27,[3,9]
28,[3,10]
29,[2,10]
30,[3,10]
31,[3,9]
32,[3,8]
33,[3,7]
34,[3,6]
35,[3,5]
36,[3,4]
37,[3,3]
38,[4,3]
39,[4,2]
40,[4,1]
41,[4,2]
42,[4,3]
43,[5,3]
44,[6,3]
45,[7,3]
46,[8,3]
47,[9,3]
48,[10,3]
49,[11,3]
50,[12,3]
51,[11,3]
52,[10,3]
53,[9,3]
54,[8,3]
55,[7,3]
56,[6,3]
57,[5,3]
58,[4,3]
59,[4,3]
60,[4,3]
61,[4,3]
62,[4,3]
63,[4,3]
64,[3,3]
65,[2,3]
66,[2,4]
67,[2,5]
68,[1,5]
69,[1,6]
70,[1,7]
71,[1,6]
72,[1,5]
73,[2,5]
74,[2,4]
75,[2,3]
76,[3,3]
77,[4,3]
78,[5,3]
79,[6,3]
80,[7,3]
81,[8,3]
82,[9,3]
83,[10,3]
84,[11,3]
85,[12,3]
86,[11,3]
87,[10,3]
88,[9,3]
89,[8,3]
90,[7,3]
91,[6,3]
92,[5,3]
93,[4,3]
94,[4,3]
95,[4,3]
96,[4,3]
97,[4,3]
98,[4,3]
99,[3,3]
100,[2,3]
101,[2,4]
102,[2,5]
103,[1,5]
104,[1,6]
105,[1,7]
106,[1,6]
107,[1,5]
108,[2,5]
109,[2,4]
110,[2,3]
111,[3,3]
112,[4,3]
113,[3,3]
114,[3,4]
115,[3,5]
116,[3,6]
117,[3,7]
118,[3,8]
119,[3,9]
120,[3,10]
121,[2,10]
122,[3,10]
123,[3,9]
124,[3,8]
125,[3,7]
126,[3,6]
127,[3,5]
128,[3,4]
129,[3,3]
130,[4,3]
131,[4,3]
132,[4,3]
133,[4,3]
134,[4,3]
135,[4,3]
136,[4,2]
137,[4,1]
138,[4,2]
139,[4,3]
140,[5,3]
141,[6,3]
142,[7,3]
143,[8,3]
144,[9,3]
145,[10,3]
146,[11,3]
147,[12,3]
148,[11,3]
149,[10,3]
150,[9,3]
151,[8,3]
152,[7,3]
153,[6,3]
154,[5,3]
155,[4,3]
156,[4,2]
157,[4,1]
