//Quantitative values
43	//Makespan
43	//Mission completion time hauler 1
1	//Application execution time (in millisecond)
//Path to the final points
0,[11,4]
1,[10,4]
2,[9,4]
3,[8,4]
4,[7,4]
5,[7,5]
6,[7,6]
7,[7,7]
8,[8,7]
9,[9,7]
10,[9,8]
11,[10,8]
12,[11,8]
13,[12,8]
14,[11,8]
15,[10,8]
16,[9,8]
17,[9,7]
18,[8,7]
19,[7,7]
20,[7,6]
21,[7,5]
22,[7,6]
23,[7,7]
24,[8,7]
25,[9,7]
26,[9,8]
27,[10,8]
28,[11,8]
29,[12,8]
30,[11,8]
31,[10,8]
32,[9,8]
33,[9,7]
34,[8,7]
35,[7,7]
36,[6,7]
37,[5,7]
38,[4,7]
39,[3,7]
40,[2,7]
41,[2,8]
42,[1,8]
43,[1,7]
