//Quantitative values
108	//Makespan
108	//Mission completion time hauler 1
1	//Application execution time (in millisecond)
//Path to the final points
0,[9,8]
1,[9,7]
2,[9,6]
3,[10,6]
4,[10,5]
5,[10,4]
6,[9,4]
7,[8,4]
8,[7,4]
9,[6,4]
10,[5,4]
11,[4,4]
12,[3,4]
13,[2,4]
14,[2,3]
15,[3,3]
16,[4,3]
17,[5,3]
18,[6,3]
19,[7,3]
20,[8,3]
21,[7,3]
22,[6,3]
23,[5,3]
24,[4,3]
25,[3,3]
26,[2,3]
27,[2,4]
28,[2,3]
29,[3,3]
30,[4,3]
31,[5,3]
32,[6,3]
33,[7,3]
34,[8,3]
35,[8,2]
36,[9,2]
37,[10,2]
38,[11,2]
39,[10,2]
40,[10,3]
41,[10,4]
42,[10,5]
43,[10,6]
44,[10,7]
45,[10,8]
46,[10,9]
47,[10,10]
48,[10,11]
49,[11,11]
50,[12,11]
51,[11,11]
52,[10,11]
53,[9,11]
54,[9,10]
55,[8,10]
56,[7,10]
57,[6,10]
58,[6,9]
59,[5,9]
60,[4,9]
61,[3,9]
62,[2,9]
63,[2,8]
64,[2,7]
65,[2,6]
66,[2,5]
67,[2,4]
68,[2,5]
69,[2,6]
70,[2,7]
71,[2,8]
72,[2,9]
73,[3,9]
74,[4,9]
75,[5,9]
76,[6,9]
77,[6,10]
78,[7,10]
79,[8,10]
80,[9,10]
81,[9,11]
82,[10,11]
83,[11,11]
84,[12,11]
85,[11,11]
86,[10,11]
87,[9,11]
88,[9,10]
89,[8,10]
90,[7,10]
91,[6,10]
92,[6,9]
93,[5,9]
94,[4,9]
95,[3,9]
96,[2,9]
97,[2,8]
98,[2,7]
99,[2,6]
100,[2,5]
101,[2,4]
102,[2,3]
103,[3,3]
104,[4,3]
105,[5,3]
106,[6,3]
107,[7,3]
108,[8,3]
