//Quantitative values
86	//Makespan
86	//Mission completion time hauler 1
1	//Application execution time (in millisecond)
//Path to the final points
0,[10,10]
1,[9,10]
2,[8,10]
3,[7,10]
4,[7,9]
5,[7,8]
6,[7,7]
7,[7,6]
8,[7,5]
9,[6,5]
10,[5,5]
11,[4,5]
12,[4,6]
13,[4,7]
14,[4,8]
15,[4,7]
16,[4,6]
17,[4,5]
18,[5,5]
19,[5,4]
20,[5,3]
21,[5,2]
22,[6,2]
23,[7,2]
24,[8,2]
25,[9,2]
26,[8,2]
27,[7,2]
28,[6,2]
29,[5,2]
30,[5,3]
31,[5,4]
32,[5,5]
33,[4,5]
34,[4,6]
35,[4,7]
36,[4,8]
37,[4,7]
38,[4,6]
39,[4,5]
40,[5,5]
41,[5,4]
42,[5,3]
43,[5,2]
44,[6,2]
45,[7,2]
46,[8,2]
47,[9,2]
48,[10,2]
49,[11,2]
50,[10,2]
51,[9,2]
52,[8,2]
53,[7,2]
54,[6,2]
55,[6,3]
56,[6,4]
57,[6,3]
58,[6,2]
59,[7,2]
60,[8,2]
61,[9,2]
62,[8,2]
63,[7,2]
64,[6,2]
65,[6,3]
66,[6,4]
67,[6,3]
68,[6,2]
69,[7,2]
70,[8,2]
71,[9,2]
72,[10,2]
73,[11,2]
74,[10,2]
75,[9,2]
76,[8,2]
77,[7,2]
78,[6,2]
79,[5,2]
80,[5,3]
81,[5,4]
82,[5,5]
83,[4,5]
84,[4,6]
85,[4,7]
86,[4,8]
