//Quantitative values
55	//Makespan
55	//Mission completion time hauler 1
24	//Mission completion time hauler 2
1	//Application execution time (in millisecond)
//Path to the final points
0,[6,11],[10,10]
1,[5,11],[10,9]
2,[5,10],[10,8]
3,[5,9],[11,8]
4,[5,8],[11,9]
5,[5,7],[11,10]
6,[5,6],[11,11]
7,[5,5],[11,10]
8,[5,4],[11,9]
9,[5,3],[11,8]
10,[5,2],[10,8]
11,[5,1],[9,8]
12,[5,2],[8,8]
13,[5,3],[7,8]
14,[5,4],[6,8]
15,[6,4],[6,7]
16,[7,4],[6,6]
17,[7,5],[7,6]
18,[7,4],[7,5]
19,[6,4],[7,4]
20,[5,4],[6,4]
21,[5,3],[5,4]
22,[5,2],[5,3]
23,[5,1],[5,2]
24,[5,2],[5,1]
25,[5,3],[5,1]
26,[5,4],[5,1]
27,[5,5],[5,1]
28,[5,6],[5,1]
29,[5,7],[5,1]
30,[5,8],[5,1]
31,[6,8],[5,1]
32,[7,8],[5,1]
33,[8,8],[5,1]
34,[9,8],[5,1]
35,[10,8],[5,1]
36,[11,8],[5,1]
37,[10,8],[5,1]
38,[9,8],[5,1]
39,[8,8],[5,1]
40,[7,8],[5,1]
41,[6,8],[5,1]
42,[5,8],[5,1]
43,[5,7],[5,1]
44,[5,6],[5,1]
45,[5,5],[5,1]
46,[5,4],[5,1]
47,[5,3],[5,1]
48,[5,2],[5,1]
49,[5,1],[5,1]
50,[5,2],[5,1]
51,[5,3],[5,1]
52,[5,4],[5,1]
53,[6,4],[5,1]
54,[7,4],[5,1]
55,[7,5],[5,1]
