//Quantitative values
64	//Makespan
65	//Mission completion time hauler 1
1	//Application execution time (in millisecond)
//Path to the final points
0,[7,10]
1,[7,9]
2,[7,8]
3,[7,7]
4,[7,6]
5,[7,5]
6,[7,4]
7,[8,4]
8,[7,4]
9,[7,5]
10,[7,4]
11,[7,3]
12,[7,2]
13,[8,2]
14,[9,2]
15,[10,2]
16,[9,2]
17,[8,2]
18,[7,2]
19,[6,2]
20,[5,2]
21,[5,1]
22,[4,1]
23,[3,1]
24,[2,1]
25,[1,1]
26,[1,2]
27,[1,3]
28,[1,4]
29,[1,5]
30,[1,6]
31,[1,7]
32,[1,8]
33,[1,9]
34,[1,10]
35,[1,11]
36,[1,12]
37,[2,12]
38,[3,12]
39,[4,12]
40,[5,12]
41,[6,12]
42,[7,12]
43,[8,12]
44,[9,12]
45,[9,11]
46,[9,10]
47,[8,10]
48,[7,10]
49,[7,9]
50,[7,8]
51,[7,7]
52,[8,7]
53,[7,7]
54,[7,6]
55,[7,5]
56,[7,4]
57,[8,4]
58,[7,4]
59,[7,5]
60,[7,4]
61,[8,4]
62,[7,4]
63,[7,5]
64,[7,6]
