//Quantitative values
93	//Makespan
94	//Mission completion time hauler 1
1	//Application execution time (in millisecond)
//Path to the final points
0,[6,5]
1,[6,6]
2,[6,7]
3,[6,8]
4,[7,8]
5,[8,8]
6,[9,8]
7,[10,8]
8,[10,9]
9,[10,8]
10,[10,7]
11,[10,6]
12,[9,6]
13,[8,6]
14,[7,6]
15,[6,6]
16,[6,7]
17,[5,7]
18,[5,8]
19,[4,8]
20,[3,8]
21,[2,8]
22,[1,8]
23,[1,9]
24,[1,10]
25,[1,11]
26,[1,10]
27,[1,9]
28,[1,8]
29,[2,8]
30,[3,8]
31,[4,8]
32,[5,8]
33,[5,7]
34,[6,7]
35,[6,6]
36,[7,6]
37,[8,6]
38,[9,6]
39,[10,6]
40,[9,6]
41,[8,6]
42,[7,6]
43,[6,6]
44,[6,7]
45,[5,7]
46,[5,8]
47,[4,8]
48,[3,8]
49,[2,8]
50,[1,8]
51,[1,9]
52,[1,10]
53,[1,11]
54,[1,10]
55,[1,9]
56,[1,8]
57,[1,7]
58,[2,7]
59,[2,6]
60,[2,5]
61,[2,4]
62,[3,4]
63,[4,4]
64,[5,4]
65,[6,4]
66,[7,4]
67,[6,4]
68,[5,4]
69,[4,4]
70,[3,4]
71,[2,4]
72,[2,5]
73,[2,6]
74,[2,7]
75,[1,7]
76,[1,8]
77,[1,9]
78,[1,10]
79,[1,11]
80,[1,10]
81,[1,9]
82,[1,8]
83,[2,8]
84,[3,8]
85,[4,8]
86,[5,8]
87,[5,7]
88,[6,7]
89,[6,6]
90,[7,6]
91,[8,6]
92,[9,6]
93,[10,6]
