//Quantitative values
78	//Makespan
78	//Mission completion time hauler 1
1	//Application execution time (in millisecond)
//Path to the final points
0,[3,12]
1,[2,12]
2,[1,12]
3,[1,11]
4,[1,10]
5,[1,9]
6,[1,10]
7,[1,11]
8,[1,12]
9,[2,12]
10,[3,12]
11,[4,12]
12,[3,12]
13,[2,12]
14,[1,12]
15,[1,11]
16,[1,10]
17,[1,9]
18,[2,9]
19,[3,9]
20,[2,9]
21,[1,9]
22,[1,10]
23,[1,11]
24,[1,12]
25,[2,12]
26,[3,12]
27,[4,12]
28,[3,12]
29,[2,12]
30,[1,12]
31,[1,11]
32,[1,10]
33,[1,9]
34,[2,9]
35,[3,9]
36,[2,9]
37,[1,9]
38,[1,10]
39,[1,11]
40,[1,12]
41,[2,12]
42,[3,12]
43,[4,12]
44,[3,12]
45,[2,12]
46,[1,12]
47,[1,11]
48,[1,10]
49,[1,9]
50,[2,9]
51,[3,9]
52,[2,9]
53,[1,9]
54,[1,10]
55,[1,11]
56,[1,12]
57,[2,12]
58,[3,12]
59,[4,12]
60,[3,12]
61,[2,12]
62,[1,12]
63,[1,11]
64,[1,10]
65,[1,9]
66,[2,9]
67,[3,9]
68,[2,9]
69,[1,9]
70,[1,10]
71,[1,11]
72,[1,12]
73,[2,12]
74,[3,12]
75,[4,12]
76,[5,12]
77,[6,12]
78,[7,12]
