//Quantitative values
89	//Makespan
89	//Mission completion time hauler 1
1	//Application execution time (in millisecond)
//Path to the final points
0,[10,5]
1,[9,5]
2,[9,6]
3,[8,6]
4,[7,6]
5,[7,7]
6,[7,6]
7,[7,5]
8,[7,4]
9,[7,3]
10,[7,2]
11,[7,1]
12,[8,1]
13,[9,1]
14,[8,1]
15,[7,1]
16,[7,2]
17,[7,3]
18,[7,4]
19,[7,5]
20,[7,6]
21,[7,7]
22,[7,8]
23,[7,9]
24,[7,10]
25,[7,9]
26,[7,8]
27,[7,7]
28,[7,6]
29,[7,5]
30,[7,4]
31,[7,3]
32,[7,2]
33,[8,2]
34,[9,2]
35,[10,2]
36,[9,2]
37,[8,2]
38,[7,2]
39,[7,3]
40,[7,4]
41,[7,5]
42,[7,6]
43,[7,7]
44,[7,6]
45,[7,5]
46,[7,4]
47,[7,3]
48,[7,2]
49,[8,2]
50,[9,2]
51,[10,2]
52,[9,2]
53,[8,2]
54,[7,2]
55,[7,3]
56,[7,4]
57,[6,4]
58,[5,4]
59,[4,4]
60,[3,4]
61,[2,4]
62,[2,3]
63,[2,2]
64,[2,1]
65,[2,2]
66,[2,3]
67,[2,4]
68,[2,5]
69,[2,6]
70,[2,7]
71,[2,8]
72,[2,9]
73,[2,10]
74,[3,10]
75,[4,10]
76,[5,10]
77,[6,10]
78,[7,10]
79,[7,9]
80,[7,8]
81,[7,7]
82,[7,6]
83,[7,5]
84,[7,4]
85,[7,3]
86,[7,2]
87,[8,2]
88,[9,2]
89,[10,2]
