//Quantitative values
48	//Makespan
48	//Mission completion time hauler 1
1	//Application execution time (in millisecond)
//Path to the final points
0,[3,1]
1,[4,1]
2,[4,2]
3,[4,3]
4,[4,4]
5,[4,5]
6,[5,5]
7,[6,5]
8,[7,5]
9,[7,6]
10,[7,7]
11,[7,8]
12,[7,9]
13,[7,8]
14,[7,7]
15,[7,6]
16,[7,5]
17,[7,6]
18,[7,7]
19,[7,8]
20,[7,9]
21,[8,9]
22,[7,9]
23,[7,8]
24,[7,7]
25,[7,6]
26,[7,5]
27,[7,6]
28,[7,7]
29,[7,8]
30,[7,9]
31,[8,9]
32,[7,9]
33,[7,8]
34,[7,7]
35,[7,6]
36,[7,5]
37,[7,6]
38,[7,7]
39,[7,8]
40,[7,9]
41,[7,8]
42,[7,7]
43,[7,6]
44,[7,5]
45,[7,6]
46,[7,7]
47,[7,8]
48,[7,9]
