//Quantitative values
86	//Makespan
87	//Mission completion time hauler 1
2	//Application execution time (in millisecond)
//Path to the final points
0,[10,5]
1,[10,4]
2,[10,3]
3,[10,2]
4,[9,2]
5,[8,2]
6,[7,2]
7,[7,3]
8,[7,4]
9,[7,5]
10,[7,6]
11,[7,7]
12,[7,6]
13,[7,5]
14,[7,4]
15,[7,3]
16,[7,2]
17,[7,1]
18,[8,1]
19,[9,1]
20,[8,1]
21,[7,1]
22,[7,2]
23,[7,3]
24,[7,4]
25,[7,3]
26,[7,2]
27,[7,1]
28,[8,1]
29,[9,1]
30,[8,1]
31,[7,1]
32,[7,2]
33,[7,3]
34,[7,4]
35,[7,5]
36,[7,6]
37,[7,7]
38,[6,7]
39,[5,7]
40,[4,7]
41,[3,7]
42,[2,7]
43,[2,6]
44,[2,5]
45,[2,4]
46,[2,3]
47,[2,2]
48,[2,1]
49,[2,2]
50,[2,3]
51,[2,4]
52,[2,5]
53,[2,6]
54,[2,7]
55,[2,8]
56,[2,9]
57,[2,10]
58,[3,10]
59,[4,10]
60,[5,10]
61,[6,10]
62,[7,10]
63,[6,10]
64,[6,9]
65,[6,8]
66,[6,7]
67,[6,6]
68,[6,5]
69,[6,4]
70,[7,4]
71,[7,3]
72,[7,2]
73,[8,2]
74,[9,2]
75,[10,2]
76,[9,2]
77,[8,2]
78,[7,2]
79,[7,3]
80,[7,4]
81,[7,5]
82,[7,6]
83,[7,7]
84,[7,8]
85,[7,9]
86,[7,10]
