//Quantitative values
70	//Makespan
70	//Mission completion time hauler 1
63	//Mission completion time hauler 2
2	//Application execution time (in millisecond)
//Path to the final points
0,[12,7],[4,5]
1,[11,7],[3,5]
2,[11,8],[3,6]
3,[10,8],[3,7]
4,[10,7],[3,8]
5,[9,7],[2,8]
6,[8,7],[1,8]
7,[7,7],[1,7]
8,[6,7],[2,7]
9,[5,7],[3,7]
10,[5,6],[4,7]
11,[5,5],[5,7]
12,[5,4],[6,7]
13,[5,5],[7,7]
14,[5,6],[8,7]
15,[5,7],[9,7]
16,[6,7],[10,7]
17,[7,7],[10,8]
18,[8,7],[11,8]
19,[9,7],[10,8]
20,[10,7],[10,8]
21,[10,8],[10,7]
22,[11,8],[9,7]
23,[10,8],[8,7]
24,[10,7],[7,7]
25,[9,7],[6,7]
26,[8,7],[5,7]
27,[7,7],[4,7]
28,[6,7],[3,7]
29,[5,7],[2,7]
30,[5,6],[1,7]
31,[5,5],[2,7]
32,[5,4],[3,7]
33,[5,5],[4,7]
34,[5,6],[5,7]
35,[5,7],[6,7]
36,[6,7],[7,7]
37,[7,7],[8,7]
38,[8,7],[9,7]
39,[9,7],[10,7]
40,[10,7],[10,8]
41,[10,8],[11,8]
42,[11,8],[11,7]
43,[10,8],[10,7]
44,[10,7],[9,7]
45,[9,7],[8,7]
46,[8,7],[7,7]
47,[7,7],[6,7]
48,[6,7],[5,7]
49,[5,7],[4,7]
50,[5,6],[3,7]
51,[5,5],[3,8]
52,[5,4],[2,8]
53,[4,4],[1,8]
54,[3,4],[1,7]
55,[3,5],[1,8]
56,[3,6],[2,8]
57,[3,7],[3,8]
58,[3,8],[3,7]
59,[2,8],[3,6]
60,[1,8],[3,5]
61,[1,7],[3,4]
62,[1,8],[4,4]
63,[2,8],[5,4]
64,[3,8],[5,4]
65,[3,7],[5,4]
66,[3,6],[5,4]
67,[3,5],[5,4]
68,[3,4],[5,4]
69,[4,4],[5,4]
70,[5,4],[5,4]
