//Quantitative values
38	//Makespan
39	//Mission completion time hauler 1
0	//Application execution time (in millisecond)
//Path to the final points
0,[10,7]
1,[9,7]
2,[8,7]
3,[7,7]
4,[6,7]
5,[5,7]
6,[4,7]
7,[3,7]
8,[3,8]
9,[3,9]
10,[3,10]
11,[3,11]
12,[3,12]
13,[4,12]
14,[5,12]
15,[6,12]
16,[7,12]
17,[8,12]
18,[9,12]
19,[8,12]
20,[7,12]
21,[6,12]
22,[5,12]
23,[4,12]
24,[3,12]
25,[3,11]
26,[3,10]
27,[3,9]
28,[3,8]
29,[3,9]
30,[3,10]
31,[3,11]
32,[3,12]
33,[4,12]
34,[5,12]
35,[6,12]
36,[7,12]
37,[8,12]
38,[9,12]
