//Quantitative values
49	//Makespan
50	//Mission completion time hauler 1
0	//Application execution time (in millisecond)
//Path to the final points
0,[3,1]
1,[4,1]
2,[4,2]
3,[4,3]
4,[4,4]
5,[4,5]
6,[4,6]
7,[4,7]
8,[4,8]
9,[4,9]
10,[4,10]
11,[5,10]
12,[6,10]
13,[7,10]
14,[8,10]
15,[8,11]
16,[8,10]
17,[8,9]
18,[9,9]
19,[9,8]
20,[9,7]
21,[9,6]
22,[9,5]
23,[9,4]
24,[9,3]
25,[9,2]
26,[9,1]
27,[10,1]
28,[9,1]
29,[8,1]
30,[7,1]
31,[7,2]
32,[7,3]
33,[7,4]
34,[7,5]
35,[7,6]
36,[7,7]
37,[7,8]
38,[7,9]
39,[7,8]
40,[7,7]
41,[7,6]
42,[7,5]
43,[7,4]
44,[7,3]
45,[7,2]
46,[7,1]
47,[8,1]
48,[9,1]
49,[10,1]
