//Quantitative values
93	//Makespan
93	//Mission completion time hauler 1
1	//Application execution time (in millisecond)
//Path to the final points
0,[8,9]
1,[8,8]
2,[8,7]
3,[7,7]
4,[7,6]
5,[7,5]
6,[7,6]
7,[7,7]
8,[8,7]
9,[8,8]
10,[8,9]
11,[8,10]
12,[9,10]
13,[9,11]
14,[9,12]
15,[8,12]
16,[7,12]
17,[6,12]
18,[5,12]
19,[4,12]
20,[3,12]
21,[2,12]
22,[3,12]
23,[4,12]
24,[5,12]
25,[6,12]
26,[7,12]
27,[8,12]
28,[9,12]
29,[9,11]
30,[9,10]
31,[9,9]
32,[10,9]
33,[11,9]
34,[12,9]
35,[12,8]
36,[12,9]
37,[11,9]
38,[10,9]
39,[9,9]
40,[9,10]
41,[9,11]
42,[9,12]
43,[8,12]
44,[7,12]
45,[6,12]
46,[5,12]
47,[4,12]
48,[3,12]
49,[2,12]
50,[3,12]
51,[4,12]
52,[5,12]
53,[6,12]
54,[7,12]
55,[8,12]
56,[9,12]
57,[9,11]
58,[9,10]
59,[9,9]
60,[10,9]
61,[11,9]
62,[12,9]
63,[12,8]
64,[12,9]
65,[11,9]
66,[10,9]
67,[9,9]
68,[9,10]
69,[9,11]
70,[9,12]
71,[8,12]
72,[7,12]
73,[6,12]
74,[5,12]
75,[4,12]
76,[3,12]
77,[3,11]
78,[3,10]
79,[3,11]
80,[3,12]
81,[4,12]
82,[5,12]
83,[6,12]
84,[7,12]
85,[8,12]
86,[9,12]
87,[9,11]
88,[9,10]
89,[9,9]
90,[10,9]
91,[11,9]
92,[12,9]
93,[12,8]
