//Quantitative values
98	//Makespan
98	//Mission completion time hauler 1
1	//Application execution time (in millisecond)
//Path to the final points
0,[2,1]
1,[2,2]
2,[2,3]
3,[2,4]
4,[2,5]
5,[2,6]
6,[2,7]
7,[2,8]
8,[2,9]
9,[2,10]
10,[2,11]
11,[2,12]
12,[3,12]
13,[4,12]
14,[5,12]
15,[6,12]
16,[7,12]
17,[8,12]
18,[9,12]
19,[10,12]
20,[9,12]
21,[8,12]
22,[7,12]
23,[6,12]
24,[5,12]
25,[5,11]
26,[5,10]
27,[5,9]
28,[5,8]
29,[5,9]
30,[5,10]
31,[5,11]
32,[5,12]
33,[6,12]
34,[7,12]
35,[8,12]
36,[9,12]
37,[10,12]
38,[9,12]
39,[8,12]
40,[7,12]
41,[6,12]
42,[5,12]
43,[5,11]
44,[5,10]
45,[5,9]
46,[5,8]
47,[5,7]
48,[5,6]
49,[5,5]
50,[6,5]
51,[6,4]
52,[6,3]
53,[7,3]
54,[8,3]
55,[9,3]
56,[10,3]
57,[10,2]
58,[10,1]
59,[9,1]
60,[10,1]
61,[10,2]
62,[10,3]
63,[9,3]
64,[8,3]
65,[7,3]
66,[6,3]
67,[6,4]
68,[6,5]
69,[5,5]
70,[5,6]
71,[5,7]
72,[5,8]
73,[5,7]
74,[5,6]
75,[5,5]
76,[6,5]
77,[6,4]
78,[6,3]
79,[7,3]
80,[8,3]
81,[9,3]
82,[10,3]
83,[10,2]
84,[10,1]
85,[9,1]
86,[10,1]
87,[10,2]
88,[10,3]
89,[9,3]
90,[8,3]
91,[7,3]
92,[6,3]
93,[6,4]
94,[6,5]
95,[5,5]
96,[5,6]
97,[5,7]
98,[5,8]
