//Quantitative values
415	//Makespan
416	//Mission completion time hauler 1
2	//Application execution time (in millisecond)
//Path to the final points
0,[7,3]
1,[7,4]
2,[8,4]
3,[7,4]
4,[6,4]
5,[5,4]
6,[4,4]
7,[4,5]
8,[4,6]
9,[4,7]
10,[4,8]
11,[4,9]
12,[3,9]
13,[3,10]
14,[3,11]
15,[3,12]
16,[3,11]
17,[3,10]
18,[3,9]
19,[4,9]
20,[4,8]
21,[4,7]
22,[4,6]
23,[4,5]
24,[4,4]
25,[5,4]
26,[6,4]
27,[7,4]
28,[8,4]
29,[8,4]
30,[8,4]
31,[8,4]
32,[8,4]
33,[8,4]
34,[7,4]
35,[6,4]
36,[5,4]
37,[4,4]
38,[4,5]
39,[4,6]
40,[4,7]
41,[4,8]
42,[4,9]
43,[4,10]
44,[4,11]
45,[4,12]
46,[4,11]
47,[4,10]
48,[4,9]
49,[4,8]
50,[4,7]
51,[4,6]
52,[4,5]
53,[4,4]
54,[5,4]
55,[6,4]
56,[7,4]
57,[8,4]
58,[8,4]
59,[8,4]
60,[8,4]
61,[8,4]
62,[8,4]
63,[7,4]
64,[7,5]
65,[7,6]
66,[7,7]
67,[7,8]
68,[7,9]
69,[8,9]
70,[9,9]
71,[10,9]
72,[9,9]
73,[8,9]
74,[7,9]
75,[7,8]
76,[7,7]
77,[7,6]
78,[7,5]
79,[7,4]
80,[8,4]
81,[8,4]
82,[8,4]
83,[8,4]
84,[8,4]
85,[8,4]
86,[7,4]
87,[6,4]
88,[5,4]
89,[4,4]
90,[4,5]
91,[4,6]
92,[4,7]
93,[4,8]
94,[4,9]
95,[4,10]
96,[4,11]
97,[4,12]
98,[4,11]
99,[4,10]
100,[4,9]
101,[4,8]
102,[4,7]
103,[4,6]
104,[4,5]
105,[4,4]
106,[5,4]
107,[6,4]
108,[7,4]
109,[8,4]
110,[8,4]
111,[8,4]
112,[8,4]
113,[8,4]
114,[8,4]
115,[7,4]
116,[7,5]
117,[7,6]
118,[7,7]
119,[7,8]
120,[7,9]
121,[8,9]
122,[9,9]
123,[10,9]
124,[9,9]
125,[8,9]
126,[7,9]
127,[7,8]
128,[7,7]
129,[7,6]
130,[7,5]
131,[7,4]
132,[8,4]
133,[8,4]
134,[8,4]
135,[8,4]
136,[8,4]
137,[8,4]
138,[7,4]
139,[6,4]
140,[5,4]
141,[4,4]
142,[4,5]
143,[4,6]
144,[4,7]
145,[4,8]
146,[4,9]
147,[4,10]
148,[4,11]
149,[4,12]
150,[4,11]
151,[4,10]
152,[4,9]
153,[4,8]
154,[4,7]
155,[4,6]
156,[4,5]
157,[4,4]
158,[5,4]
159,[6,4]
160,[7,4]
161,[8,4]
162,[8,4]
163,[8,4]
164,[8,4]
165,[8,4]
166,[8,4]
167,[7,4]
168,[7,5]
169,[7,6]
170,[7,7]
171,[7,8]
172,[7,9]
173,[8,9]
174,[9,9]
175,[10,9]
176,[9,9]
177,[8,9]
178,[7,9]
179,[7,8]
180,[7,7]
181,[7,6]
182,[7,5]
183,[7,4]
184,[8,4]
185,[8,4]
186,[8,4]
187,[8,4]
188,[8,4]
189,[8,4]
190,[7,4]
191,[6,4]
192,[7,4]
193,[8,4]
194,[7,4]
195,[7,5]
196,[7,6]
197,[7,7]
198,[7,8]
199,[7,9]
200,[8,9]
201,[9,9]
202,[10,9]
203,[9,9]
204,[8,9]
205,[7,9]
206,[7,8]
207,[7,7]
208,[7,6]
209,[7,5]
210,[7,4]
211,[8,4]
212,[8,4]
213,[8,4]
214,[8,4]
215,[8,4]
216,[8,4]
217,[7,4]
218,[6,4]
219,[5,4]
220,[4,4]
221,[4,5]
222,[4,6]
223,[4,7]
224,[4,8]
225,[4,9]
226,[4,10]
227,[4,11]
228,[4,12]
229,[4,11]
230,[4,10]
231,[4,9]
232,[4,8]
233,[4,7]
234,[4,6]
235,[4,5]
236,[4,4]
237,[5,4]
238,[6,4]
239,[7,4]
240,[8,4]
241,[8,4]
242,[8,4]
243,[8,4]
244,[8,4]
245,[8,4]
246,[7,4]
247,[7,5]
248,[7,6]
249,[7,7]
250,[7,8]
251,[7,9]
252,[8,9]
253,[9,9]
254,[10,9]
255,[9,9]
256,[8,9]
257,[7,9]
258,[7,8]
259,[7,7]
260,[7,6]
261,[7,5]
262,[7,4]
263,[8,4]
264,[8,4]
265,[8,4]
266,[8,4]
267,[8,4]
268,[8,4]
269,[7,4]
270,[6,4]
271,[7,4]
272,[8,4]
273,[7,4]
274,[6,4]
275,[5,4]
276,[4,4]
277,[4,5]
278,[4,6]
279,[4,7]
280,[4,8]
281,[4,9]
282,[3,9]
283,[3,10]
284,[3,11]
285,[3,12]
286,[3,11]
287,[3,10]
288,[3,9]
289,[4,9]
290,[4,8]
291,[4,7]
292,[4,6]
293,[4,5]
294,[4,4]
295,[5,4]
296,[6,4]
297,[7,4]
298,[8,4]
299,[8,4]
300,[8,4]
301,[8,4]
302,[8,4]
303,[8,4]
304,[7,4]
305,[6,4]
306,[5,4]
307,[4,4]
308,[4,5]
309,[4,6]
310,[4,7]
311,[4,8]
312,[4,9]
313,[4,10]
314,[4,11]
315,[4,12]
316,[4,11]
317,[4,10]
318,[4,9]
319,[4,8]
320,[4,7]
321,[4,6]
322,[4,5]
323,[4,4]
324,[5,4]
325,[6,4]
326,[7,4]
327,[8,4]
328,[8,4]
329,[8,4]
330,[8,4]
331,[8,4]
332,[8,4]
333,[7,4]
334,[6,4]
335,[5,4]
336,[4,4]
337,[4,5]
338,[4,6]
339,[4,7]
340,[4,8]
341,[4,9]
342,[3,9]
343,[3,10]
344,[3,11]
345,[3,12]
346,[3,11]
347,[3,10]
348,[3,9]
349,[4,9]
350,[4,8]
351,[4,7]
352,[4,6]
353,[4,5]
354,[4,4]
355,[5,4]
356,[6,4]
357,[7,4]
358,[8,4]
359,[8,4]
360,[8,4]
361,[8,4]
362,[8,4]
363,[8,4]
364,[7,4]
365,[6,4]
366,[5,4]
367,[4,4]
368,[3,4]
369,[2,4]
370,[2,5]
371,[2,4]
372,[3,4]
373,[4,4]
374,[5,4]
375,[6,4]
376,[7,4]
377,[8,4]
378,[7,4]
379,[6,4]
380,[5,4]
381,[4,4]
382,[4,5]
383,[4,6]
384,[4,7]
385,[4,8]
386,[4,9]
387,[3,9]
388,[3,10]
389,[3,11]
390,[3,12]
391,[3,11]
392,[3,10]
393,[3,9]
394,[4,9]
395,[4,8]
396,[4,7]
397,[4,6]
398,[4,5]
399,[4,4]
400,[5,4]
401,[6,4]
402,[7,4]
403,[8,4]
404,[8,4]
405,[8,4]
406,[8,4]
407,[8,4]
408,[8,4]
409,[7,4]
410,[6,4]
411,[5,4]
412,[4,4]
413,[3,4]
414,[2,4]
415,[2,5]
