//Quantitative values
319	//Makespan
320	//Mission completion time hauler 1
2	//Application execution time (in millisecond)
//Path to the final points
0,[2,1]
1,[2,2]
2,[2,3]
3,[2,4]
4,[2,5]
5,[2,6]
6,[3,6]
7,[4,6]
8,[5,6]
9,[6,6]
10,[7,6]
11,[8,6]
12,[9,6]
13,[9,6]
14,[9,6]
15,[9,6]
16,[9,6]
17,[9,6]
18,[8,6]
19,[7,6]
20,[6,6]
21,[5,6]
22,[5,7]
23,[5,8]
24,[5,7]
25,[5,6]
26,[6,6]
27,[7,6]
28,[8,6]
29,[9,6]
30,[8,6]
31,[7,6]
32,[6,6]
33,[5,6]
34,[4,6]
35,[3,6]
36,[3,7]
37,[3,8]
38,[3,7]
39,[3,6]
40,[4,6]
41,[5,6]
42,[6,6]
43,[7,6]
44,[8,6]
45,[9,6]
46,[9,6]
47,[9,6]
48,[9,6]
49,[9,6]
50,[9,6]
51,[8,6]
52,[7,6]
53,[6,6]
54,[5,6]
55,[4,6]
56,[3,6]
57,[2,6]
58,[2,5]
59,[2,6]
60,[3,6]
61,[4,6]
62,[5,6]
63,[6,6]
64,[7,6]
65,[8,6]
66,[9,6]
67,[8,6]
68,[7,6]
69,[6,6]
70,[5,6]
71,[4,6]
72,[3,6]
73,[3,7]
74,[3,8]
75,[3,7]
76,[3,6]
77,[4,6]
78,[5,6]
79,[6,6]
80,[7,6]
81,[8,6]
82,[9,6]
83,[9,6]
84,[9,6]
85,[9,6]
86,[9,6]
87,[9,6]
88,[8,6]
89,[7,6]
90,[6,6]
91,[5,6]
92,[4,6]
93,[3,6]
94,[2,6]
95,[2,5]
96,[2,6]
97,[3,6]
98,[4,6]
99,[5,6]
100,[6,6]
101,[7,6]
102,[8,6]
103,[9,6]
104,[8,6]
105,[7,6]
106,[6,6]
107,[5,6]
108,[4,6]
109,[3,6]
110,[3,7]
111,[3,8]
112,[3,7]
113,[3,6]
114,[4,6]
115,[5,6]
116,[6,6]
117,[7,6]
118,[8,6]
119,[9,6]
120,[9,6]
121,[9,6]
122,[9,6]
123,[9,6]
124,[9,6]
125,[8,6]
126,[7,6]
127,[6,6]
128,[5,6]
129,[5,7]
130,[5,8]
131,[5,7]
132,[5,6]
133,[6,6]
134,[7,6]
135,[8,6]
136,[9,6]
137,[8,6]
138,[7,6]
139,[6,6]
140,[5,6]
141,[4,6]
142,[3,6]
143,[3,7]
144,[3,8]
145,[3,7]
146,[3,6]
147,[4,6]
148,[5,6]
149,[6,6]
150,[7,6]
151,[8,6]
152,[9,6]
153,[9,6]
154,[9,6]
155,[9,6]
156,[9,6]
157,[9,6]
158,[8,6]
159,[7,6]
160,[6,6]
161,[5,6]
162,[4,6]
163,[3,6]
164,[2,6]
165,[2,5]
166,[2,6]
167,[3,6]
168,[4,6]
169,[5,6]
170,[6,6]
171,[7,6]
172,[8,6]
173,[9,6]
174,[9,5]
175,[9,4]
176,[9,3]
177,[10,3]
178,[10,2]
179,[10,1]
180,[9,1]
181,[10,1]
182,[10,2]
183,[10,3]
184,[9,3]
185,[9,4]
186,[9,5]
187,[9,6]
188,[9,6]
189,[9,6]
190,[9,6]
191,[9,6]
192,[9,6]
193,[8,6]
194,[7,6]
195,[6,6]
196,[5,6]
197,[4,6]
198,[3,6]
199,[2,6]
200,[2,5]
201,[2,6]
202,[3,6]
203,[4,6]
204,[5,6]
205,[6,6]
206,[7,6]
207,[8,6]
208,[9,6]
209,[8,6]
210,[7,6]
211,[6,6]
212,[5,6]
213,[4,6]
214,[3,6]
215,[3,7]
216,[3,8]
217,[3,7]
218,[3,6]
219,[4,6]
220,[5,6]
221,[6,6]
222,[7,6]
223,[8,6]
224,[9,6]
225,[9,6]
226,[9,6]
227,[9,6]
228,[9,6]
229,[9,6]
230,[8,6]
231,[7,6]
232,[6,6]
233,[5,6]
234,[5,7]
235,[5,8]
236,[5,7]
237,[5,6]
238,[6,6]
239,[7,6]
240,[8,6]
241,[9,6]
242,[9,5]
243,[9,4]
244,[9,3]
245,[10,3]
246,[10,2]
247,[10,1]
248,[9,1]
249,[10,1]
250,[10,2]
251,[10,3]
252,[9,3]
253,[9,4]
254,[9,5]
255,[9,6]
256,[9,6]
257,[9,6]
258,[9,6]
259,[9,6]
260,[9,6]
261,[8,6]
262,[7,6]
263,[6,6]
264,[5,6]
265,[4,6]
266,[3,6]
267,[2,6]
268,[2,5]
269,[2,6]
270,[3,6]
271,[4,6]
272,[5,6]
273,[6,6]
274,[7,6]
275,[8,6]
276,[9,6]
277,[9,5]
278,[9,4]
279,[9,3]
280,[10,3]
281,[10,2]
282,[10,1]
283,[9,1]
284,[10,1]
285,[10,2]
286,[10,3]
287,[9,3]
288,[9,4]
289,[9,5]
290,[9,6]
291,[9,6]
292,[9,6]
293,[9,6]
294,[9,6]
295,[9,6]
296,[8,6]
297,[7,6]
298,[6,6]
299,[5,6]
300,[4,6]
301,[3,6]
302,[2,6]
303,[2,5]
304,[2,6]
305,[3,6]
306,[4,6]
307,[5,6]
308,[6,6]
309,[7,6]
310,[8,6]
311,[9,6]
312,[8,6]
313,[7,6]
314,[6,6]
315,[5,6]
316,[4,6]
317,[3,6]
318,[3,7]
319,[3,8]
