//Quantitative values
465	//Makespan
466	//Mission completion time hauler 1
2	//Application execution time (in millisecond)
//Path to the final points
0,[8,5]
1,[8,4]
2,[8,3]
3,[8,2]
4,[9,2]
5,[10,2]
6,[11,2]
7,[10,2]
8,[9,2]
9,[8,2]
10,[7,2]
11,[6,2]
12,[5,2]
13,[4,2]
14,[3,2]
15,[3,3]
16,[3,2]
17,[4,2]
18,[5,2]
19,[6,2]
20,[7,2]
21,[8,2]
22,[9,2]
23,[10,2]
24,[11,2]
25,[11,2]
26,[11,2]
27,[11,2]
28,[11,2]
29,[11,2]
30,[10,2]
31,[9,2]
32,[8,2]
33,[7,2]
34,[7,3]
35,[7,4]
36,[7,5]
37,[7,6]
38,[7,7]
39,[7,8]
40,[7,7]
41,[7,6]
42,[7,5]
43,[7,4]
44,[7,3]
45,[7,2]
46,[8,2]
47,[9,2]
48,[10,2]
49,[11,2]
50,[11,2]
51,[11,2]
52,[11,2]
53,[11,2]
54,[11,2]
55,[10,2]
56,[9,2]
57,[8,2]
58,[7,2]
59,[6,2]
60,[5,2]
61,[4,2]
62,[3,2]
63,[3,3]
64,[3,2]
65,[4,2]
66,[5,2]
67,[6,2]
68,[7,2]
69,[8,2]
70,[9,2]
71,[10,2]
72,[11,2]
73,[11,2]
74,[11,2]
75,[11,2]
76,[11,2]
77,[11,2]
78,[10,2]
79,[9,2]
80,[8,2]
81,[7,2]
82,[7,3]
83,[7,4]
84,[7,5]
85,[7,6]
86,[7,7]
87,[7,8]
88,[7,7]
89,[7,6]
90,[7,5]
91,[7,4]
92,[7,3]
93,[7,2]
94,[8,2]
95,[9,2]
96,[10,2]
97,[11,2]
98,[11,2]
99,[11,2]
100,[11,2]
101,[11,2]
102,[11,2]
103,[10,2]
104,[9,2]
105,[8,2]
106,[7,2]
107,[6,2]
108,[5,2]
109,[4,2]
110,[3,2]
111,[3,3]
112,[3,2]
113,[4,2]
114,[5,2]
115,[6,2]
116,[7,2]
117,[8,2]
118,[9,2]
119,[10,2]
120,[11,2]
121,[11,2]
122,[11,2]
123,[11,2]
124,[11,2]
125,[11,2]
126,[10,2]
127,[9,2]
128,[8,2]
129,[7,2]
130,[7,3]
131,[7,4]
132,[7,5]
133,[7,6]
134,[7,7]
135,[7,8]
136,[7,7]
137,[7,6]
138,[7,5]
139,[7,4]
140,[7,3]
141,[7,2]
142,[8,2]
143,[9,2]
144,[10,2]
145,[11,2]
146,[11,2]
147,[11,2]
148,[11,2]
149,[11,2]
150,[11,2]
151,[10,2]
152,[9,2]
153,[8,2]
154,[7,2]
155,[6,2]
156,[5,2]
157,[5,3]
158,[5,4]
159,[5,5]
160,[5,6]
161,[5,7]
162,[5,8]
163,[5,7]
164,[5,6]
165,[5,5]
166,[5,4]
167,[5,3]
168,[5,2]
169,[6,2]
170,[7,2]
171,[8,2]
172,[9,2]
173,[10,2]
174,[11,2]
175,[11,2]
176,[11,2]
177,[11,2]
178,[11,2]
179,[11,2]
180,[10,2]
181,[9,2]
182,[8,2]
183,[7,2]
184,[6,2]
185,[5,2]
186,[4,2]
187,[3,2]
188,[3,3]
189,[3,4]
190,[3,3]
191,[3,2]
192,[4,2]
193,[5,2]
194,[6,2]
195,[7,2]
196,[8,2]
197,[9,2]
198,[10,2]
199,[11,2]
200,[11,2]
201,[11,2]
202,[11,2]
203,[11,2]
204,[11,2]
205,[10,2]
206,[9,2]
207,[8,2]
208,[7,2]
209,[6,2]
210,[5,2]
211,[4,2]
212,[3,2]
213,[2,2]
214,[1,2]
215,[1,3]
216,[1,4]
217,[1,5]
218,[1,4]
219,[1,3]
220,[1,2]
221,[2,2]
222,[3,2]
223,[4,2]
224,[5,2]
225,[6,2]
226,[7,2]
227,[8,2]
228,[9,2]
229,[10,2]
230,[11,2]
231,[11,2]
232,[11,2]
233,[11,2]
234,[11,2]
235,[11,2]
236,[10,2]
237,[9,2]
238,[8,2]
239,[7,2]
240,[6,2]
241,[5,2]
242,[4,2]
243,[3,2]
244,[3,3]
245,[3,4]
246,[3,3]
247,[3,2]
248,[4,2]
249,[5,2]
250,[6,2]
251,[7,2]
252,[8,2]
253,[9,2]
254,[10,2]
255,[11,2]
256,[11,2]
257,[11,2]
258,[11,2]
259,[11,2]
260,[11,2]
261,[10,2]
262,[9,2]
263,[8,2]
264,[7,2]
265,[6,2]
266,[5,2]
267,[4,2]
268,[3,2]
269,[2,2]
270,[1,2]
271,[1,3]
272,[1,4]
273,[1,5]
274,[1,4]
275,[1,3]
276,[1,2]
277,[2,2]
278,[3,2]
279,[4,2]
280,[5,2]
281,[6,2]
282,[7,2]
283,[8,2]
284,[9,2]
285,[10,2]
286,[11,2]
287,[11,2]
288,[11,2]
289,[11,2]
290,[11,2]
291,[11,2]
292,[10,2]
293,[9,2]
294,[8,2]
295,[7,2]
296,[7,3]
297,[7,4]
298,[7,5]
299,[7,6]
300,[7,7]
301,[7,8]
302,[7,7]
303,[7,6]
304,[7,5]
305,[7,4]
306,[7,3]
307,[7,2]
308,[8,2]
309,[9,2]
310,[10,2]
311,[11,2]
312,[11,2]
313,[11,2]
314,[11,2]
315,[11,2]
316,[11,2]
317,[10,2]
318,[9,2]
319,[8,2]
320,[7,2]
321,[6,2]
322,[5,2]
323,[5,3]
324,[5,4]
325,[5,5]
326,[5,6]
327,[5,7]
328,[5,8]
329,[5,7]
330,[5,6]
331,[5,5]
332,[5,4]
333,[5,3]
334,[5,2]
335,[6,2]
336,[7,2]
337,[8,2]
338,[9,2]
339,[10,2]
340,[11,2]
341,[11,2]
342,[11,2]
343,[11,2]
344,[11,2]
345,[11,2]
346,[10,2]
347,[9,2]
348,[8,2]
349,[7,2]
350,[7,3]
351,[7,4]
352,[7,5]
353,[7,6]
354,[7,7]
355,[7,8]
356,[7,7]
357,[7,6]
358,[7,5]
359,[7,4]
360,[7,3]
361,[7,2]
362,[8,2]
363,[9,2]
364,[10,2]
365,[11,2]
366,[11,2]
367,[11,2]
368,[11,2]
369,[11,2]
370,[11,2]
371,[10,2]
372,[9,2]
373,[8,2]
374,[7,2]
375,[6,2]
376,[5,2]
377,[5,3]
378,[5,4]
379,[5,5]
380,[5,6]
381,[5,7]
382,[5,8]
383,[5,7]
384,[5,6]
385,[5,5]
386,[5,4]
387,[5,3]
388,[5,2]
389,[6,2]
390,[7,2]
391,[8,2]
392,[9,2]
393,[10,2]
394,[11,2]
395,[11,2]
396,[11,2]
397,[11,2]
398,[11,2]
399,[11,2]
400,[10,2]
401,[9,2]
402,[8,2]
403,[7,2]
404,[7,3]
405,[7,4]
406,[7,5]
407,[7,6]
408,[7,7]
409,[7,8]
410,[7,7]
411,[7,6]
412,[7,5]
413,[7,4]
414,[7,3]
415,[7,2]
416,[8,2]
417,[9,2]
418,[10,2]
419,[11,2]
420,[11,2]
421,[11,2]
422,[11,2]
423,[11,2]
424,[11,2]
425,[10,2]
426,[9,2]
427,[8,2]
428,[7,2]
429,[6,2]
430,[5,2]
431,[4,2]
432,[3,2]
433,[2,2]
434,[1,2]
435,[1,3]
436,[1,4]
437,[1,5]
438,[1,4]
439,[1,3]
440,[1,2]
441,[2,2]
442,[3,2]
443,[4,2]
444,[5,2]
445,[6,2]
446,[7,2]
447,[8,2]
448,[9,2]
449,[10,2]
450,[11,2]
451,[11,2]
452,[11,2]
453,[11,2]
454,[11,2]
455,[11,2]
456,[10,2]
457,[9,2]
458,[8,2]
459,[7,2]
460,[6,2]
461,[5,2]
462,[4,2]
463,[3,2]
464,[3,3]
465,[3,4]
