//Quantitative values
340	//Makespan
341	//Mission completion time hauler 1
2	//Application execution time (in millisecond)
//Path to the final points
0,[6,5]
1,[5,5]
2,[4,5]
3,[3,5]
4,[2,5]
5,[2,6]
6,[2,7]
7,[1,7]
8,[1,8]
9,[1,9]
10,[1,10]
11,[1,11]
12,[1,10]
13,[1,9]
14,[1,8]
15,[1,7]
16,[2,7]
17,[2,6]
18,[2,6]
19,[2,6]
20,[2,6]
21,[2,6]
22,[2,6]
23,[2,5]
24,[3,5]
25,[4,5]
26,[5,5]
27,[6,5]
28,[6,6]
29,[7,6]
30,[8,6]
31,[9,6]
32,[10,6]
33,[9,6]
34,[8,6]
35,[7,6]
36,[6,6]
37,[6,5]
38,[5,5]
39,[4,5]
40,[3,5]
41,[2,5]
42,[2,6]
43,[2,6]
44,[2,6]
45,[2,6]
46,[2,6]
47,[2,6]
48,[2,7]
49,[1,7]
50,[1,8]
51,[1,9]
52,[1,10]
53,[1,11]
54,[1,10]
55,[1,9]
56,[1,8]
57,[1,7]
58,[2,7]
59,[2,6]
60,[2,5]
61,[2,4]
62,[3,4]
63,[4,4]
64,[5,4]
65,[6,4]
66,[7,4]
67,[6,4]
68,[5,4]
69,[4,4]
70,[3,4]
71,[2,4]
72,[2,5]
73,[2,6]
74,[2,6]
75,[2,6]
76,[2,6]
77,[2,6]
78,[2,6]
79,[2,7]
80,[1,7]
81,[1,8]
82,[1,9]
83,[1,10]
84,[1,11]
85,[1,10]
86,[1,9]
87,[1,8]
88,[1,7]
89,[2,7]
90,[2,6]
91,[2,5]
92,[2,4]
93,[3,4]
94,[4,4]
95,[5,4]
96,[6,4]
97,[7,4]
98,[6,4]
99,[5,4]
100,[4,4]
101,[3,4]
102,[2,4]
103,[2,5]
104,[2,6]
105,[2,6]
106,[2,6]
107,[2,6]
108,[2,6]
109,[2,6]
110,[2,7]
111,[1,7]
112,[1,8]
113,[1,9]
114,[1,10]
115,[1,11]
116,[1,10]
117,[1,9]
118,[1,8]
119,[1,7]
120,[2,7]
121,[2,6]
122,[2,5]
123,[3,5]
124,[4,5]
125,[5,5]
126,[6,5]
127,[6,6]
128,[7,6]
129,[8,6]
130,[9,6]
131,[10,6]
132,[9,6]
133,[8,6]
134,[7,6]
135,[6,6]
136,[6,5]
137,[5,5]
138,[4,5]
139,[3,5]
140,[2,5]
141,[2,6]
142,[2,6]
143,[2,6]
144,[2,6]
145,[2,6]
146,[2,6]
147,[2,7]
148,[2,8]
149,[3,8]
150,[4,8]
151,[5,8]
152,[6,8]
153,[7,8]
154,[8,8]
155,[9,8]
156,[10,8]
157,[10,9]
158,[10,8]
159,[9,8]
160,[8,8]
161,[7,8]
162,[6,8]
163,[5,8]
164,[4,8]
165,[3,8]
166,[2,8]
167,[2,7]
168,[2,6]
169,[2,6]
170,[2,6]
171,[2,6]
172,[2,6]
173,[2,6]
174,[2,5]
175,[2,4]
176,[3,4]
177,[4,4]
178,[5,4]
179,[6,4]
180,[7,4]
181,[6,4]
182,[5,4]
183,[4,4]
184,[3,4]
185,[2,4]
186,[2,5]
187,[2,6]
188,[2,6]
189,[2,6]
190,[2,6]
191,[2,6]
192,[2,6]
193,[2,7]
194,[2,8]
195,[3,8]
196,[4,8]
197,[5,8]
198,[6,8]
199,[7,8]
200,[8,8]
201,[9,8]
202,[10,8]
203,[10,9]
204,[10,8]
205,[9,8]
206,[8,8]
207,[7,8]
208,[6,8]
209,[5,8]
210,[4,8]
211,[3,8]
212,[2,8]
213,[2,7]
214,[2,6]
215,[2,6]
216,[2,6]
217,[2,6]
218,[2,6]
219,[2,6]
220,[2,5]
221,[3,5]
222,[4,5]
223,[5,5]
224,[6,5]
225,[6,6]
226,[7,6]
227,[8,6]
228,[9,6]
229,[10,6]
230,[9,6]
231,[8,6]
232,[7,6]
233,[6,6]
234,[6,5]
235,[5,5]
236,[4,5]
237,[3,5]
238,[2,5]
239,[2,6]
240,[2,6]
241,[2,6]
242,[2,6]
243,[2,6]
244,[2,6]
245,[2,7]
246,[1,7]
247,[1,8]
248,[1,9]
249,[1,10]
250,[1,11]
251,[1,10]
252,[1,9]
253,[1,8]
254,[1,7]
255,[2,7]
256,[2,6]
257,[2,5]
258,[2,4]
259,[3,4]
260,[4,4]
261,[5,4]
262,[6,4]
263,[7,4]
264,[6,4]
265,[5,4]
266,[4,4]
267,[3,4]
268,[2,4]
269,[2,5]
270,[2,6]
271,[2,6]
272,[2,6]
273,[2,6]
274,[2,6]
275,[2,6]
276,[2,7]
277,[1,7]
278,[1,8]
279,[1,9]
280,[1,10]
281,[1,11]
282,[1,10]
283,[1,9]
284,[1,8]
285,[1,7]
286,[2,7]
287,[2,6]
288,[2,5]
289,[2,4]
290,[3,4]
291,[4,4]
292,[5,4]
293,[6,4]
294,[7,4]
295,[6,4]
296,[5,4]
297,[4,4]
298,[3,4]
299,[2,4]
300,[2,5]
301,[2,6]
302,[2,6]
303,[2,6]
304,[2,6]
305,[2,6]
306,[2,6]
307,[2,7]
308,[2,8]
309,[3,8]
310,[4,8]
311,[5,8]
312,[6,8]
313,[7,8]
314,[8,8]
315,[9,8]
316,[10,8]
317,[10,9]
318,[10,8]
319,[9,8]
320,[8,8]
321,[7,8]
322,[6,8]
323,[5,8]
324,[4,8]
325,[3,8]
326,[2,8]
327,[2,7]
328,[2,6]
329,[2,6]
330,[2,6]
331,[2,6]
332,[2,6]
333,[2,6]
334,[2,5]
335,[2,4]
336,[3,4]
337,[4,4]
338,[5,4]
339,[6,4]
340,[7,4]
