//Quantitative values
342	//Makespan
343	//Mission completion time hauler 1
2	//Application execution time (in millisecond)
//Path to the final points
0,[10,12]
1,[9,12]
2,[8,12]
3,[7,12]
4,[6,12]
5,[5,12]
6,[4,12]
7,[4,11]
8,[4,10]
9,[4,9]
10,[4,8]
11,[4,7]
12,[4,6]
13,[4,5]
14,[4,4]
15,[4,3]
16,[4,3]
17,[4,3]
18,[4,3]
19,[4,3]
20,[4,3]
21,[5,3]
22,[6,3]
23,[7,3]
24,[8,3]
25,[9,3]
26,[10,3]
27,[11,3]
28,[12,3]
29,[11,3]
30,[10,3]
31,[9,3]
32,[8,3]
33,[7,3]
34,[6,3]
35,[5,3]
36,[4,3]
37,[3,3]
38,[2,3]
39,[2,4]
40,[2,5]
41,[1,5]
42,[1,6]
43,[1,7]
44,[1,6]
45,[1,5]
46,[2,5]
47,[2,4]
48,[2,3]
49,[3,3]
50,[4,3]
51,[4,3]
52,[4,3]
53,[4,3]
54,[4,3]
55,[4,3]
56,[5,3]
57,[6,3]
58,[7,3]
59,[8,3]
60,[9,3]
61,[10,3]
62,[11,3]
63,[12,3]
64,[11,3]
65,[10,3]
66,[9,3]
67,[8,3]
68,[7,3]
69,[6,3]
70,[5,3]
71,[4,3]
72,[4,4]
73,[4,5]
74,[4,6]
75,[4,7]
76,[4,8]
77,[4,9]
78,[5,9]
79,[6,9]
80,[7,9]
81,[8,9]
82,[9,9]
83,[10,9]
84,[9,9]
85,[8,9]
86,[7,9]
87,[6,9]
88,[5,9]
89,[4,9]
90,[4,8]
91,[4,7]
92,[4,6]
93,[4,5]
94,[4,4]
95,[4,3]
96,[4,3]
97,[4,3]
98,[4,3]
99,[4,3]
100,[4,3]
101,[5,3]
102,[6,3]
103,[7,3]
104,[8,3]
105,[9,3]
106,[10,3]
107,[11,3]
108,[12,3]
109,[11,3]
110,[10,3]
111,[9,3]
112,[8,3]
113,[7,3]
114,[6,3]
115,[5,3]
116,[4,3]
117,[4,4]
118,[4,5]
119,[4,6]
120,[4,7]
121,[4,8]
122,[4,9]
123,[5,9]
124,[6,9]
125,[7,9]
126,[8,9]
127,[9,9]
128,[10,9]
129,[9,9]
130,[8,9]
131,[7,9]
132,[6,9]
133,[5,9]
134,[4,9]
135,[4,8]
136,[4,7]
137,[4,6]
138,[4,5]
139,[4,4]
140,[4,3]
141,[4,3]
142,[4,3]
143,[4,3]
144,[4,3]
145,[4,3]
146,[5,3]
147,[6,3]
148,[7,3]
149,[8,3]
150,[9,3]
151,[10,3]
152,[11,3]
153,[12,3]
154,[11,3]
155,[10,3]
156,[9,3]
157,[8,3]
158,[7,3]
159,[6,3]
160,[5,3]
161,[4,3]
162,[4,2]
163,[4,1]
164,[4,2]
165,[4,3]
166,[5,3]
167,[6,3]
168,[7,3]
169,[8,3]
170,[9,3]
171,[10,3]
172,[11,3]
173,[12,3]
174,[11,3]
175,[10,3]
176,[9,3]
177,[8,3]
178,[7,3]
179,[6,3]
180,[5,3]
181,[4,3]
182,[4,3]
183,[4,3]
184,[4,3]
185,[4,3]
186,[4,3]
187,[4,4]
188,[4,5]
189,[4,6]
190,[4,7]
191,[4,8]
192,[4,9]
193,[5,9]
194,[6,9]
195,[7,9]
196,[8,9]
197,[9,9]
198,[10,9]
199,[9,9]
200,[8,9]
201,[7,9]
202,[6,9]
203,[5,9]
204,[4,9]
205,[4,8]
206,[4,7]
207,[4,6]
208,[4,5]
209,[4,4]
210,[4,3]
211,[4,3]
212,[4,3]
213,[4,3]
214,[4,3]
215,[4,3]
216,[5,3]
217,[6,3]
218,[7,3]
219,[8,3]
220,[9,3]
221,[10,3]
222,[11,3]
223,[12,3]
224,[11,3]
225,[10,3]
226,[9,3]
227,[8,3]
228,[7,3]
229,[6,3]
230,[5,3]
231,[4,3]
232,[4,2]
233,[4,1]
234,[4,2]
235,[4,3]
236,[3,3]
237,[3,4]
238,[3,5]
239,[3,6]
240,[3,7]
241,[3,8]
242,[3,9]
243,[3,10]
244,[2,10]
245,[3,10]
246,[3,9]
247,[3,8]
248,[3,7]
249,[3,6]
250,[3,5]
251,[3,4]
252,[3,3]
253,[4,3]
254,[4,3]
255,[4,3]
256,[4,3]
257,[4,3]
258,[4,3]
259,[3,3]
260,[2,3]
261,[2,4]
262,[2,5]
263,[1,5]
264,[1,6]
265,[1,7]
266,[1,6]
267,[1,5]
268,[2,5]
269,[2,4]
270,[2,3]
271,[3,3]
272,[4,3]
273,[3,3]
274,[3,4]
275,[3,5]
276,[3,6]
277,[3,7]
278,[3,8]
279,[3,9]
280,[3,10]
281,[2,10]
282,[3,10]
283,[3,9]
284,[3,8]
285,[3,7]
286,[3,6]
287,[3,5]
288,[3,4]
289,[3,3]
290,[4,3]
291,[4,3]
292,[4,3]
293,[4,3]
294,[4,3]
295,[4,3]
296,[3,3]
297,[2,3]
298,[2,4]
299,[2,5]
300,[1,5]
301,[1,6]
302,[1,7]
303,[1,6]
304,[1,5]
305,[2,5]
306,[2,4]
307,[2,3]
308,[3,3]
309,[4,3]
310,[5,3]
311,[6,3]
312,[7,3]
313,[8,3]
314,[9,3]
315,[10,3]
316,[11,3]
317,[12,3]
318,[11,3]
319,[10,3]
320,[9,3]
321,[8,3]
322,[7,3]
323,[6,3]
324,[5,3]
325,[4,3]
326,[4,3]
327,[4,3]
328,[4,3]
329,[4,3]
330,[4,3]
331,[4,4]
332,[4,5]
333,[4,6]
334,[4,7]
335,[4,8]
336,[4,9]
337,[5,9]
338,[6,9]
339,[7,9]
340,[8,9]
341,[9,9]
342,[10,9]
