//Quantitative values
64	//Makespan
41	//Mission completion time hauler 1
65	//Mission completion time hauler 2
1	//Application execution time (in millisecond)
//Path to the final points
0,[1 ,2],[3,4]
1,[2 ,2],[4,4]
2,[3 ,2],[5,4]
3,[4 ,2],[6,4]
4,[5 ,2],[7,4]
5,[6 ,2],[8,4]
6,[7 ,2],[8,5]
7,[8 ,2],[8,6]
8,[7 ,2],[8,7]
9,[7 ,3],[8,8]
10,[7 ,4],[8,9]
11,[6 ,4],[8,10]
12,[6 ,5],[8,11]
13,[6 ,4],[8,12]
14,[7 ,4],[9,12]
15,[7 ,3],[10,12]
16,[7 ,2],[9,12]
17,[8 ,2],[8,12]
18,[8 ,3],[7,12]
19,[8 ,4],[6,12]
20,[8 ,5],[5,12]
21,[8 ,6],[4,12]
22,[8 ,7],[3,12]
23,[8 ,8],[3,11]
24,[8 ,9],[3,10]
25,[8 ,10],[3,9]
26,[8 ,11],[3,8]
27,[8 ,12],[3,7]
28,[9 ,12],[3,8]
29,[10 ,12],[3,9]
30,[9 ,12],[3,10]
31,[8 ,12],[3,11]
32,[7 ,12],[3,12]
33,[6 ,12],[4,12]
34,[6 ,11],[5,12]
35,[6 ,10],[6,12]
36,[6 ,9],[7,12]
37,[6 ,8],[8,12]
38,[6 ,7],[9,12]
39,[6 ,6],[10,12]
40,[6 ,5],[9,12]
41,[6 ,5],[8,12]
42,[6 ,5],[7,12]
43,[6 ,5],[6,12]
44,[6 ,5],[5,12]
45,[6 ,5],[4,12]
46,[6 ,5],[3,12]
47,[6 ,5],[3,11]
48,[6 ,5],[3,10]
49,[6 ,5],[3,9]
50,[6 ,5],[3,8]
51,[6 ,5],[3,7]
52,[6 ,5],[3,8]
53,[6 ,5],[3,9]
54,[6 ,5],[3,10]
55,[6 ,5],[3,11]
56,[6 ,5],[3,12]
57,[6 ,5],[4,12]
58,[6 ,5],[5,12]
59,[6 ,5],[6,12]
60,[6 ,5],[7,12]
61,[6 ,5],[8,12]
62,[6 ,5],[9,12]
63,[6 ,5],[10,12]
64,[6 ,5],[10,12]
