//Quantitative values
57	//Makespan
32	//Mission completion time hauler 1
58	//Mission completion time hauler 2
2	//Application execution time (in millisecond)
//Path to the final points
0,[9 ,7],[9,10]
1,[8 ,7],[9,9]
2,[7 ,7],[9,8]
3,[7 ,8],[9,7]
4,[7 ,9],[9,6]
5,[6 ,9],[9,5]
6,[5 ,9],[9,4]
7,[4 ,9],[9,3]
8,[3 ,9],[10,3]
9,[2 ,9],[9,3]
10,[2 ,8],[9,4]
11,[2 ,7],[9,5]
12,[2 ,6],[8,5]
13,[2 ,5],[7,5]
14,[2 ,4],[7,6]
15,[2 ,3],[7,7]
16,[3 ,3],[7,8]
17,[3 ,4],[7,9]
18,[3 ,5],[7,8]
19,[4 ,5],[7,7]
20,[4 ,6],[7,6]
21,[4 ,7],[7,5]
22,[4 ,8],[8,5]
23,[4 ,9],[9,5]
24,[5 ,9],[9,4]
25,[6 ,9],[9,3]
26,[7 ,9],[10,3]
27,[6 ,9],[9,3]
28,[5 ,9],[8,3]
29,[4 ,9],[8,2]
30,[4 ,8],[7,2]
31,[4 ,7],[7,1]
32,[4 ,7],[6,1]
33,[4 ,7],[5,1]
34,[4 ,7],[4,1]
35,[4 ,7],[3,1]
36,[4 ,7],[3,2]
37,[4 ,7],[3,3]
38,[4 ,7],[2,3]
39,[4 ,7],[2,4]
40,[4 ,7],[2,5]
41,[4 ,7],[2,6]
42,[4 ,7],[2,7]
43,[4 ,7],[2,8]
44,[4 ,7],[2,9]
45,[4 ,7],[2,10]
46,[4 ,7],[2,11]
47,[4 ,7],[3,11]
48,[4 ,7],[4,11]
49,[4 ,7],[5,11]
50,[4 ,7],[6,11]
51,[4 ,7],[7,11]
52,[4 ,7],[8,11]
53,[4 ,7],[9,11]
54,[4 ,7],[10,11]
55,[4 ,7],[11,11]
56,[4 ,7],[12,11]
57,[4 ,7],[12,11]
