//Quantitative values
40	//Makespan
41	//Mission completion time hauler 1
0	//Application execution time (in millisecond)
//Path to the final points
0,[1,6]
1,[1,5]
2,[1,4]
3,[2,4]
4,[2,3]
5,[2,2]
6,[3,2]
7,[4,2]
8,[5,2]
9,[6,2]
10,[7,2]
11,[7,3]
12,[7,4]
13,[7,5]
14,[7,6]
15,[7,7]
16,[7,8]
17,[7,9]
18,[7,10]
19,[7,11]
20,[8,11]
21,[9,11]
22,[10,11]
23,[11,11]
24,[10,11]
25,[9,11]
26,[8,11]
27,[7,11]
28,[7,10]
29,[7,9]
30,[7,8]
31,[7,7]
32,[7,6]
33,[7,5]
34,[7,4]
35,[7,3]
36,[7,2]
37,[7,3]
38,[7,4]
39,[8,4]
40,[9,4]
