//Quantitative values
90	//Makespan
69	//Mission completion time hauler 1
90	//Mission completion time hauler 2
2	//Application execution time (in millisecond)
//Path to the final points
0,[4,6],[5,9]
1,[3,6],[4,9]
2,[3,7],[3,9]
3,[3,8],[2,9]
4,[3,9],[2,8]
5,[3,10],[1,8]
6,[2,10],[2,8]
7,[2,9],[2,8]
8,[2,8],[2,9]
9,[1,8],[2,10]
10,[2,8],[3,10]
11,[2,9],[4,10]
12,[2,10],[5,10]
13,[3,10],[6,10]
14,[4,10],[7,10]
15,[5,10],[8,10]
16,[6,10],[9,10]
17,[7,10],[10,10]
18,[8,10],[11,10]
19,[9,10],[12,10]
20,[10,10],[11,10]
21,[11,10],[10,10]
22,[12,10],[9,10]
23,[11,10],[8,10]
24,[10,10],[7,10]
25,[9,10],[6,10]
26,[8,10],[5,10]
27,[7,10],[4,10]
28,[6,10],[3,10]
29,[5,10],[3,9]
30,[4,10],[4,9]
31,[3,10],[4,8]
32,[2,10],[4,7]
33,[2,9],[4,6]
34,[2,8],[4,5]
35,[1,8],[4,4]
36,[2,8],[5,4]
37,[2,9],[5,5]
38,[2,10],[5,6]
39,[3,10],[5,7]
40,[3,9],[5,8]
41,[4,9],[5,9]
42,[3,9],[5,10]
43,[3,10],[6,10]
44,[2,10],[7,10]
45,[2,9],[8,10]
46,[2,8],[9,10]
47,[1,8],[10,10]
48,[2,8],[11,10]
49,[2,9],[12,10]
50,[2,10],[11,10]
51,[3,10],[10,10]
52,[2,10],[9,10]
53,[2,9],[8,10]
54,[2,8],[7,10]
55,[1,8],[6,10]
56,[1,7],[5,10]
57,[1,6],[4,10]
58,[1,5],[3,10]
59,[1,4],[3,9]
60,[2,4],[4,9]
61,[3,4],[3,9]
62,[4,4],[3,10]
63,[5,4],[2,10]
64,[4,4],[2,9]
65,[4,5],[2,8]
66,[4,6],[1,8]
67,[4,7],[1,7]
68,[4,8],[1,6]
69,[4,9],[1,5]
70,[4,9],[1,4]
71,[4,9],[2,4]
72,[4,9],[3,4]
73,[4,9],[4,4]
74,[4,9],[5,4]
75,[4,9],[4,4]
76,[4,9],[3,4]
77,[4,9],[2,4]
78,[4,9],[1,4]
79,[4,9],[1,5]
80,[4,9],[1,6]
81,[4,9],[1,7]
82,[4,9],[1,8]
83,[4,9],[1,7]
84,[4,9],[1,6]
85,[4,9],[1,5]
86,[4,9],[1,4]
87,[4,9],[2,4]
88,[4,9],[3,4]
89,[4,9],[4,4]
90,[4,9],[5,4]
