//Quantitative values
67	//Makespan
67	//Mission completion time hauler 1
1	//Application execution time (in millisecond)
//Path to the final points
0,[4,12]
1,[3,12]
2,[2,12]
3,[1,12]
4,[1,11]
5,[1,10]
6,[1,9]
7,[1,8]
8,[1,9]
9,[1,10]
10,[1,11]
11,[1,12]
12,[2,12]
13,[3,12]
14,[4,12]
15,[5,12]
16,[6,12]
17,[7,12]
18,[8,12]
19,[9,12]
20,[10,12]
21,[10,11]
22,[10,10]
23,[10,9]
24,[11,9]
25,[12,9]
26,[12,8]
27,[12,7]
28,[12,6]
29,[12,5]
30,[12,4]
31,[12,3]
32,[12,4]
33,[12,5]
34,[12,6]
35,[12,7]
36,[12,8]
37,[12,9]
38,[11,9]
39,[10,9]
40,[10,10]
41,[10,11]
42,[10,12]
43,[9,12]
44,[9,11]
45,[9,10]
46,[8,10]
47,[8,9]
48,[8,10]
49,[9,10]
50,[9,11]
51,[9,12]
52,[10,12]
53,[9,12]
54,[8,12]
55,[7,12]
56,[6,12]
57,[5,12]
58,[6,12]
59,[7,12]
60,[8,12]
61,[9,12]
62,[10,12]
63,[9,12]
64,[8,12]
65,[7,12]
66,[6,12]
67,[5,12]
