//Quantitative values
75	//Makespan
75	//Mission completion time hauler 1
2	//Application execution time (in millisecond)
//Path to the final points
0,[10,12]
1,[10,11]
2,[10,10]
3,[10,9]
4,[10,8]
5,[10,7]
6,[10,6]
7,[11,6]
8,[12,6]
9,[12,5]
10,[12,4]
11,[12,3]
12,[11,3]
13,[10,3]
14,[9,3]
15,[8,3]
16,[7,3]
17,[6,3]
18,[5,3]
19,[4,3]
20,[4,2]
21,[4,1]
22,[4,2]
23,[4,3]
24,[5,3]
25,[6,3]
26,[7,3]
27,[8,3]
28,[9,3]
29,[10,3]
30,[11,3]
31,[12,3]
32,[12,4]
33,[12,5]
34,[12,6]
35,[11,6]
36,[10,6]
37,[10,7]
38,[10,8]
39,[10,9]
40,[9,9]
41,[8,9]
42,[7,9]
43,[6,9]
44,[5,9]
45,[4,9]
46,[3,9]
47,[3,10]
48,[2,10]
49,[3,10]
50,[3,9]
51,[4,9]
52,[5,9]
53,[6,9]
54,[7,9]
55,[8,9]
56,[9,9]
57,[10,9]
58,[9,9]
59,[8,9]
60,[7,9]
61,[6,9]
62,[5,9]
63,[4,9]
64,[3,9]
65,[3,10]
66,[2,10]
67,[3,10]
68,[3,9]
69,[4,9]
70,[5,9]
71,[6,9]
72,[7,9]
73,[8,9]
74,[9,9]
75,[10,9]
