//Quantitative values
146	//Makespan
146	//Mission completion time hauler 1
2	//Application execution time (in millisecond)
//Path to the final points
0,[2,1]
1,[2,2]
2,[2,3]
3,[2,4]
4,[2,5]
5,[2,6]
6,[2,7]
7,[2,8]
8,[2,9]
9,[2,10]
10,[2,11]
11,[2,12]
12,[3,12]
13,[4,12]
14,[5,12]
15,[6,12]
16,[7,12]
17,[8,12]
18,[9,12]
19,[10,12]
20,[9,12]
21,[8,12]
22,[7,12]
23,[6,12]
24,[5,12]
25,[4,12]
26,[3,12]
27,[2,12]
28,[2,11]
29,[2,10]
30,[2,9]
31,[2,8]
32,[2,7]
33,[2,6]
34,[2,5]
35,[2,6]
36,[2,7]
37,[2,8]
38,[3,8]
39,[2,8]
40,[2,7]
41,[2,6]
42,[2,5]
43,[2,6]
44,[2,7]
45,[2,8]
46,[2,9]
47,[2,10]
48,[2,11]
49,[2,12]
50,[3,12]
51,[4,12]
52,[5,12]
53,[6,12]
54,[7,12]
55,[8,12]
56,[9,12]
57,[10,12]
58,[9,12]
59,[8,12]
60,[7,12]
61,[6,12]
62,[5,12]
63,[5,11]
64,[5,10]
65,[5,9]
66,[5,8]
67,[5,9]
68,[5,10]
69,[5,11]
70,[5,12]
71,[6,12]
72,[7,12]
73,[8,12]
74,[9,12]
75,[10,12]
76,[9,12]
77,[8,12]
78,[7,12]
79,[6,12]
80,[5,12]
81,[5,11]
82,[5,10]
83,[5,9]
84,[5,8]
85,[5,7]
86,[5,6]
87,[5,5]
88,[6,5]
89,[6,4]
90,[6,3]
91,[7,3]
92,[8,3]
93,[9,3]
94,[10,3]
95,[10,2]
96,[10,1]
97,[9,1]
98,[10,1]
99,[10,2]
100,[10,3]
101,[9,3]
102,[8,3]
103,[7,3]
104,[6,3]
105,[5,3]
106,[4,3]
107,[3,3]
108,[2,3]
109,[2,4]
110,[2,5]
111,[2,6]
112,[2,7]
113,[2,8]
114,[3,8]
115,[2,8]
116,[2,7]
117,[2,6]
118,[2,5]
119,[2,6]
120,[2,7]
121,[2,8]
122,[2,9]
123,[2,10]
124,[2,11]
125,[2,12]
126,[3,12]
127,[4,12]
128,[5,12]
129,[6,12]
130,[7,12]
131,[8,12]
132,[9,12]
133,[10,12]
134,[9,12]
135,[8,12]
136,[7,12]
137,[6,12]
138,[5,12]
139,[5,11]
140,[5,10]
141,[5,9]
142,[5,8]
143,[4,8]
144,[3,8]
145,[4,8]
146,[5,8]
