//Quantitative values
93	//Makespan
93	//Mission completion time hauler 1
1	//Application execution time (in millisecond)
//Path to the final points
0,[8,5]
1,[7,5]
2,[7,6]
3,[7,7]
4,[7,8]
5,[6,8]
6,[5,8]
7,[4,8]
8,[3,8]
9,[2,8]
10,[1,8]
11,[1,7]
12,[1,6]
13,[1,5]
14,[1,6]
15,[1,7]
16,[1,8]
17,[2,8]
18,[3,8]
19,[4,8]
20,[5,8]
21,[6,8]
22,[7,8]
23,[6,8]
24,[5,8]
25,[4,8]
26,[3,8]
27,[3,7]
28,[3,6]
29,[3,5]
30,[3,4]
31,[3,3]
32,[3,4]
33,[3,5]
34,[3,6]
35,[3,7]
36,[3,8]
37,[4,8]
38,[5,8]
39,[4,8]
40,[3,8]
41,[3,7]
42,[3,6]
43,[3,5]
44,[3,4]
45,[2,4]
46,[1,4]
47,[1,5]
48,[1,4]
49,[2,4]
50,[3,4]
51,[2,4]
52,[1,4]
53,[1,5]
54,[1,6]
55,[1,7]
56,[1,8]
57,[2,8]
58,[3,8]
59,[4,8]
60,[5,8]
61,[6,8]
62,[7,8]
63,[6,8]
64,[5,8]
65,[4,8]
66,[3,8]
67,[2,8]
68,[1,8]
69,[1,7]
70,[1,6]
71,[1,5]
72,[1,4]
73,[2,4]
74,[3,4]
75,[3,3]
76,[3,4]
77,[3,5]
78,[3,6]
79,[3,7]
80,[3,8]
81,[4,8]
82,[5,8]
83,[6,8]
84,[7,8]
85,[6,8]
86,[5,8]
87,[4,8]
88,[3,8]
89,[3,7]
90,[3,6]
91,[3,5]
92,[3,4]
93,[3,3]
