//Quantitative values
130	//Makespan
130	//Mission completion time hauler 1
1	//Application execution time (in millisecond)
//Path to the final points
0,[6,5]
1,[6,4]
2,[7,4]
3,[8,4]
4,[8,3]
5,[9,3]
6,[10,3]
7,[11,3]
8,[10,3]
9,[9,3]
10,[8,3]
11,[8,4]
12,[7,4]
13,[6,4]
14,[5,4]
15,[4,4]
16,[3,4]
17,[2,4]
18,[2,5]
19,[2,6]
20,[2,7]
21,[1,7]
22,[1,8]
23,[1,9]
24,[1,10]
25,[1,11]
26,[1,10]
27,[1,9]
28,[1,8]
29,[2,8]
30,[3,8]
31,[4,8]
32,[5,8]
33,[5,7]
34,[6,7]
35,[6,6]
36,[7,6]
37,[8,6]
38,[9,6]
39,[10,6]
40,[10,5]
41,[10,4]
42,[10,3]
43,[11,3]
44,[10,3]
45,[9,3]
46,[8,3]
47,[8,4]
48,[7,4]
49,[6,4]
50,[5,4]
51,[4,4]
52,[3,4]
53,[2,4]
54,[2,5]
55,[2,6]
56,[2,7]
57,[1,7]
58,[1,8]
59,[1,9]
60,[1,10]
61,[1,11]
62,[1,10]
63,[1,9]
64,[1,8]
65,[2,8]
66,[3,8]
67,[4,8]
68,[5,8]
69,[5,7]
70,[6,7]
71,[6,6]
72,[7,6]
73,[8,6]
74,[9,6]
75,[10,6]
76,[10,5]
77,[10,4]
78,[10,3]
79,[11,3]
80,[10,3]
81,[9,3]
82,[8,3]
83,[8,4]
84,[7,4]
85,[8,4]
86,[8,3]
87,[9,3]
88,[10,3]
89,[11,3]
90,[10,3]
91,[9,3]
92,[8,3]
93,[8,4]
94,[7,4]
95,[8,4]
96,[8,3]
97,[9,3]
98,[10,3]
99,[11,3]
100,[10,3]
101,[10,4]
102,[10,5]
103,[10,6]
104,[9,6]
105,[8,6]
106,[7,6]
107,[6,6]
108,[6,7]
109,[5,7]
110,[5,8]
111,[4,8]
112,[3,8]
113,[2,8]
114,[1,8]
115,[1,9]
116,[1,10]
117,[1,11]
118,[1,10]
119,[1,9]
120,[1,8]
121,[1,7]
122,[2,7]
123,[2,6]
124,[2,5]
125,[2,4]
126,[3,4]
127,[4,4]
128,[5,4]
129,[6,4]
130,[7,4]
