//Quantitative values
50	//Makespan
39	//Mission completion time hauler 1
50	//Mission completion time hauler 2
28	//Mission completion time hauler 3
1	//Application execution time (in millisecond)
//Path to the final points
0,[6,3],[7,6],[3,7]
1,[5,3],[6,6],[3,8]
2,[5,4],[5,6],[4,8]
3,[5,5],[5,7],[5,8]
4,[5,6],[4,7],[5,7]
5,[5,7],[3,7],[5,6]
6,[5,8],[2,7],[6,6]
7,[5,7],[1,7],[7,6]
8,[5,6],[1,8],[8,6]
9,[6,6],[1,9],[8,5]
10,[7,6],[1,10],[9,5]
11,[8,6],[2,10],[10,5]
12,[8,5],[1,10],[11,5]
13,[9,5],[1,9],[12,5]
14,[10,5],[1,8],[12,4]
15,[11,5],[1,7],[12,5]
16,[12,5],[1,6],[11,5]
17,[12,4],[1,5],[10,5]
18,[12,5],[2,5],[9,5]
19,[11,5],[2,4],[8,5]
20,[10,5],[3,4],[8,6]
21,[9,5],[3,3],[7,6]
22,[8,5],[3,2],[6,6]
23,[8,6],[2,2],[5,6]
24,[7,6],[2,1],[5,7]
25,[6,6],[2,2],[5,8]
26,[5,6],[3,2],[5,7]
27,[5,7],[3,3],[6,7]
28,[5,8],[3,4],[7,7]
29,[5,7],[2,4],[7,7]
30,[5,6],[2,5],[7,7]
31,[6,6],[1,5],[7,7]
32,[7,6],[1,6],[7,7]
33,[8,6],[1,7],[7,7]
34,[8,5],[1,8],[7,7]
35,[9,5],[1,9],[7,7]
36,[10,5],[1,10],[7,7]
37,[11,5],[2,10],[7,7]
38,[12,5],[1,10],[7,7]
39,[12,4],[1,9],[7,7]
40,[12,4],[1,8],[7,7]
41,[12,4],[1,7],[7,7]
42,[12,4],[1,6],[7,7]
43,[12,4],[1,5],[7,7]
44,[12,4],[2,5],[7,7]
45,[12,4],[2,4],[7,7]
46,[12,4],[3,4],[7,7]
47,[12,4],[3,3],[7,7]
48,[12,4],[3,2],[7,7]
49,[12,4],[2,2],[7,7]
50,[12,4],[2,1],[7,7]
