//Quantitative values
91	//Makespan
92	//Mission completion time hauler 1
1	//Application execution time (in millisecond)
//Path to the final points
0,[5,9]
1,[5,8]
2,[5,7]
3,[5,6]
4,[5,5]
5,[5,4]
6,[5,3]
7,[5,4]
8,[6,4]
9,[7,4]
10,[7,5]
11,[7,6]
12,[7,7]
13,[7,8]
14,[7,9]
15,[7,10]
16,[8,10]
17,[9,10]
18,[9,11]
19,[10,11]
20,[11,11]
21,[12,11]
22,[11,11]
23,[10,11]
24,[9,11]
25,[9,12]
26,[8,12]
27,[7,12]
28,[6,12]
29,[5,12]
30,[4,12]
31,[3,12]
32,[4,12]
33,[5,12]
34,[6,12]
35,[7,12]
36,[8,12]
37,[9,12]
38,[9,11]
39,[10,11]
40,[11,11]
41,[12,11]
42,[11,11]
43,[10,11]
44,[9,11]
45,[9,12]
46,[8,12]
47,[7,12]
48,[6,12]
49,[5,12]
50,[4,12]
51,[3,12]
52,[2,12]
53,[2,11]
54,[2,10]
55,[2,9]
56,[2,8]
57,[2,7]
58,[3,7]
59,[4,7]
60,[5,7]
61,[5,6]
62,[5,5]
63,[5,4]
64,[5,3]
65,[6,3]
66,[6,4]
67,[7,4]
68,[7,5]
69,[7,6]
70,[7,7]
71,[7,8]
72,[7,9]
73,[7,10]
74,[8,10]
75,[9,10]
76,[9,11]
77,[10,11]
78,[11,11]
79,[12,11]
80,[11,11]
81,[10,11]
82,[9,11]
83,[9,10]
84,[9,11]
85,[10,11]
86,[11,11]
87,[12,11]
88,[11,11]
89,[10,11]
90,[9,11]
91,[9,10]
