//Quantitative values
63	//Makespan
63	//Mission completion time hauler 1
1	//Application execution time (in millisecond)
//Path to the final points
0,[7,10]
1,[7,9]
2,[7,8]
3,[7,7]
4,[7,6]
5,[7,5]
6,[7,4]
7,[7,3]
8,[7,2]
9,[8,2]
10,[9,2]
11,[10,2]
12,[9,2]
13,[8,2]
14,[7,2]
15,[7,3]
16,[7,4]
17,[7,5]
18,[7,6]
19,[7,5]
20,[7,4]
21,[8,4]
22,[7,4]
23,[6,4]
24,[5,4]
25,[5,3]
26,[5,2]
27,[5,1]
28,[4,1]
29,[3,1]
30,[2,1]
31,[1,1]
32,[1,2]
33,[1,3]
34,[1,4]
35,[1,5]
36,[1,6]
37,[1,7]
38,[1,8]
39,[1,9]
40,[1,8]
41,[1,7]
42,[1,6]
43,[1,5]
44,[1,4]
45,[1,3]
46,[1,2]
47,[1,1]
48,[2,1]
49,[3,1]
50,[4,1]
51,[5,1]
52,[5,2]
53,[6,2]
54,[7,2]
55,[8,2]
56,[9,2]
57,[10,2]
58,[9,2]
59,[8,2]
60,[7,2]
61,[7,3]
62,[7,4]
63,[7,5]
