//Quantitative values
52	//Makespan
52	//Mission completion time hauler 1
1	//Application execution time (in millisecond)
//Path to the final points
0,[8,9]
1,[8,10]
2,[9,10]
3,[9,11]
4,[9,12]
5,[8,12]
6,[7,12]
7,[6,12]
8,[5,12]
9,[4,12]
10,[3,12]
11,[2,12]
12,[2,11]
13,[2,10]
14,[2,9]
15,[2,8]
16,[2,7]
17,[3,7]
18,[4,7]
19,[5,7]
20,[5,6]
21,[5,5]
22,[5,4]
23,[5,3]
24,[6,3]
25,[7,3]
26,[7,4]
27,[7,5]
28,[7,6]
29,[7,7]
30,[8,7]
31,[8,8]
32,[8,9]
33,[9,9]
34,[10,9]
35,[11,9]
36,[12,9]
37,[12,8]
38,[12,9]
39,[11,9]
40,[10,9]
41,[9,9]
42,[9,10]
43,[9,11]
44,[9,12]
45,[8,12]
46,[7,12]
47,[6,12]
48,[5,12]
49,[4,12]
50,[3,12]
51,[3,11]
52,[3,10]
