//Quantitative values
125	//Makespan
125	//Mission completion time hauler 1
2	//Application execution time (in millisecond)
//Path to the final points
0,[10,8]
1,[9,8]
2,[8,8]
3,[7,8]
4,[6,8]
5,[5,8]
6,[4,8]
7,[3,8]
8,[3,9]
9,[3,10]
10,[3,11]
11,[3,12]
12,[3,11]
13,[3,10]
14,[3,9]
15,[3,8]
16,[3,7]
17,[4,7]
18,[4,6]
19,[4,7]
20,[3,7]
21,[3,8]
22,[3,9]
23,[3,10]
24,[3,11]
25,[3,12]
26,[3,11]
27,[3,10]
28,[3,9]
29,[3,8]
30,[3,7]
31,[4,7]
32,[4,6]
33,[4,5]
34,[4,4]
35,[4,3]
36,[4,2]
37,[5,2]
38,[6,2]
39,[7,2]
40,[8,2]
41,[9,2]
42,[10,2]
43,[11,2]
44,[10,2]
45,[9,2]
46,[8,2]
47,[7,2]
48,[6,2]
49,[5,2]
50,[4,2]
51,[3,2]
52,[2,2]
53,[1,2]
54,[1,3]
55,[1,4]
56,[1,5]
57,[1,6]
58,[1,7]
59,[1,8]
60,[1,9]
61,[1,10]
62,[1,11]
63,[1,12]
64,[2,12]
65,[3,12]
66,[4,12]
67,[5,12]
68,[6,12]
69,[7,12]
70,[6,12]
71,[5,12]
72,[5,11]
73,[5,10]
74,[5,9]
75,[5,8]
76,[5,7]
77,[4,7]
78,[4,6]
79,[4,7]
80,[3,7]
81,[3,8]
82,[3,9]
83,[3,10]
84,[3,11]
85,[3,12]
86,[3,11]
87,[3,10]
88,[3,9]
89,[3,8]
90,[3,7]
91,[4,7]
92,[4,6]
93,[4,7]
94,[5,7]
95,[5,6]
96,[6,6]
97,[6,5]
98,[6,4]
99,[6,3]
100,[6,2]
101,[7,2]
102,[8,2]
103,[9,2]
104,[10,2]
105,[11,2]
106,[10,2]
107,[9,2]
108,[8,2]
109,[7,2]
110,[6,2]
111,[5,2]
112,[4,2]
113,[4,3]
114,[4,4]
115,[4,5]
116,[4,6]
117,[4,7]
118,[4,8]
119,[4,9]
120,[4,10]
121,[4,11]
122,[4,12]
123,[5,12]
124,[6,12]
125,[7,12]
