//Quantitative values
140	//Makespan
140	//Mission completion time hauler 1
1	//Application execution time (in millisecond)
//Path to the final points
0,[10,7]
1,[9,7]
2,[8,7]
3,[7,7]
4,[6,7]
5,[5,7]
6,[4,7]
7,[3,7]
8,[3,8]
9,[3,9]
10,[3,10]
11,[3,11]
12,[3,12]
13,[4,12]
14,[5,12]
15,[6,12]
16,[7,12]
17,[8,12]
18,[9,12]
19,[8,12]
20,[7,12]
21,[6,12]
22,[5,12]
23,[4,12]
24,[3,12]
25,[3,11]
26,[3,10]
27,[3,9]
28,[3,8]
29,[3,7]
30,[3,6]
31,[3,5]
32,[4,5]
33,[5,5]
34,[6,5]
35,[7,5]
36,[8,5]
37,[9,5]
38,[10,5]
39,[9,5]
40,[8,5]
41,[7,5]
42,[6,5]
43,[5,5]
44,[4,5]
45,[3,5]
46,[3,6]
47,[3,7]
48,[3,8]
49,[3,7]
50,[4,7]
51,[5,7]
52,[6,7]
53,[7,7]
54,[7,6]
55,[8,6]
56,[9,6]
57,[10,6]
58,[9,6]
59,[8,6]
60,[7,6]
61,[7,7]
62,[6,7]
63,[5,7]
64,[4,7]
65,[3,7]
66,[3,8]
67,[3,9]
68,[3,10]
69,[3,11]
70,[3,12]
71,[4,12]
72,[5,12]
73,[6,12]
74,[7,12]
75,[8,12]
76,[9,12]
77,[8,12]
78,[7,12]
79,[6,12]
80,[5,12]
81,[4,12]
82,[3,12]
83,[3,11]
84,[3,10]
85,[3,9]
86,[3,8]
87,[3,7]
88,[3,6]
89,[3,5]
90,[4,5]
91,[5,5]
92,[6,5]
93,[7,5]
94,[8,5]
95,[9,5]
96,[10,5]
97,[9,5]
98,[8,5]
99,[7,5]
100,[6,5]
101,[5,5]
102,[4,5]
103,[3,5]
104,[3,6]
105,[3,7]
106,[3,8]
107,[3,9]
108,[3,10]
109,[3,9]
110,[3,8]
111,[3,7]
112,[3,6]
113,[3,5]
114,[4,5]
115,[5,5]
116,[6,5]
117,[7,5]
118,[8,5]
119,[9,5]
120,[10,5]
121,[9,5]
122,[8,5]
123,[7,5]
124,[6,5]
125,[5,5]
126,[4,5]
127,[3,5]
128,[3,6]
129,[3,7]
130,[3,8]
131,[3,9]
132,[3,10]
133,[3,11]
134,[3,12]
135,[4,12]
136,[5,12]
137,[6,12]
138,[7,12]
139,[8,12]
140,[9,12]
