//Quantitative values
119	//Makespan
55	//Mission completion time hauler 1
119	//Mission completion time hauler 2
2	//Application execution time (in millisecond)
//Path to the final points
0,[12,2],[6,8]
1,[12,3],[5,8]
2,[12,4],[4,8]
3,[11,4],[3,8]
4,[10,4],[3,7]
5,[9,4],[3,6]
6,[9,3],[3,5]
7,[8,3],[3,4]
8,[7,3],[3,3]
9,[6,3],[3,2]
10,[5,3],[3,3]
11,[5,2],[3,4]
12,[5,1],[3,5]
13,[5,2],[3,6]
14,[5,3],[3,7]
15,[5,4],[3,8]
16,[5,5],[3,9]
17,[5,6],[3,10]
18,[5,7],[4,10]
19,[5,8],[5,10]
20,[5,9],[6,10]
21,[5,10],[7,10]
22,[6,10],[8,10]
23,[7,10],[9,10]
24,[8,10],[10,10]
25,[9,10],[11,10]
26,[10,10],[12,10]
27,[11,10],[12,10]
28,[12,10],[11,10]
29,[11,10],[10,10]
30,[10,10],[9,10]
31,[9,10],[8,10]
32,[8,10],[7,10]
33,[7,10],[6,10]
34,[6,10],[5,10]
35,[5,10],[4,10]
36,[5,9],[3,10]
37,[5,8],[3,9]
38,[5,7],[3,8]
39,[5,6],[3,7]
40,[5,5],[3,6]
41,[5,4],[3,5]
42,[5,3],[3,4]
43,[5,2],[3,3]
44,[5,1],[3,4]
45,[4,1],[3,5]
46,[4,2],[3,6]
47,[3,2],[3,7]
48,[3,3],[3,8]
49,[3,2],[3,9]
50,[4,2],[3,10]
51,[4,1],[4,10]
52,[5,1],[5,10]
53,[4,1],[6,10]
54,[4,2],[7,10]
55,[3,2],[8,10]
56,[3,2],[9,10]
57,[3,2],[10,10]
58,[3,2],[11,10]
59,[3,2],[12,10]
60,[3,2],[11,10]
61,[3,2],[10,10]
62,[3,2],[9,10]
63,[3,2],[8,10]
64,[3,2],[7,10]
65,[3,2],[6,10]
66,[3,2],[5,10]
67,[3,2],[4,10]
68,[3,2],[3,10]
69,[3,2],[3,9]
70,[3,2],[3,8]
71,[3,2],[3,7]
72,[3,2],[3,6]
73,[3,2],[3,5]
74,[3,2],[3,4]
75,[3,2],[3,3]
76,[3,2],[3,2]
77,[3,2],[3,3]
78,[3,2],[3,4]
79,[3,2],[3,5]
80,[3,2],[3,6]
81,[3,2],[3,7]
82,[3,2],[3,8]
83,[3,2],[3,9]
84,[3,2],[3,10]
85,[3,2],[4,10]
86,[3,2],[5,10]
87,[3,2],[6,10]
88,[3,2],[7,10]
89,[3,2],[8,10]
90,[3,2],[9,10]
91,[3,2],[10,10]
92,[3,2],[11,10]
93,[3,2],[12,10]
94,[3,2],[11,10]
95,[3,2],[10,10]
96,[3,2],[9,10]
97,[3,2],[8,10]
98,[3,2],[7,10]
99,[3,2],[6,10]
100,[3,2],[5,10]
101,[3,2],[5,9]
102,[3,2],[5,8]
103,[3,2],[5,7]
104,[3,2],[5,6]
105,[3,2],[5,5]
106,[3,2],[5,4]
107,[3,2],[5,5]
108,[3,2],[5,6]
109,[3,2],[5,7]
110,[3,2],[5,8]
111,[3,2],[5,9]
112,[3,2],[5,10]
113,[3,2],[6,10]
114,[3,2],[7,10]
115,[3,2],[8,10]
116,[3,2],[9,10]
117,[3,2],[10,10]
118,[3,2],[11,10]
119,[3,2],[12,10]
