//Quantitative values
88	//Makespan
88	//Mission completion time hauler 1
79	//Mission completion time hauler 2
2	//Application execution time (in millisecond)
//Path to the final points
0,[10,5],[10,10]
1,[9,5],[9,10]
2,[8,5],[8,10]
3,[7,5],[7,10]
4,[6,5],[7,11]
5,[5,5],[6,11]
6,[4,5],[5,11]
7,[3,5],[4,11]
8,[2,5],[3,11]
9,[1,5],[2,11]
10,[1,6],[2,10]
11,[1,5],[2,9]
12,[1,4],[2,8]
13,[1,3],[2,7]
14,[2,3],[1,7]
15,[3,3],[1,6]
16,[4,3],[1,5]
17,[5,3],[1,4]
18,[6,3],[1,3]
19,[7,3],[2,3]
20,[8,3],[3,3]
21,[9,3],[4,3]
22,[10,3],[5,3]
23,[11,3],[6,3]
24,[12,3],[7,3]
25,[11,3],[8,3]
26,[10,3],[9,3]
27,[9,3],[10,3]
28,[8,3],[11,3]
29,[7,3],[12,3]
30,[6,3],[11,3]
31,[5,3],[10,3]
32,[4,3],[9,3]
33,[3,3],[8,3]
34,[2,3],[7,3]
35,[1,3],[6,3]
36,[1,4],[5,3]
37,[1,5],[4,3]
38,[1,6],[4,4]
39,[1,5],[4,5]
40,[1,4],[4,6]
41,[1,3],[4,7]
42,[2,3],[4,8]
43,[3,3],[4,9]
44,[4,3],[4,10]
45,[5,3],[4,11]
46,[6,3],[5,11]
47,[7,3],[6,11]
48,[8,3],[7,11]
49,[9,3],[6,11]
50,[10,3],[5,11]
51,[11,3],[4,11]
52,[12,3],[3,11]
53,[11,3],[2,11]
54,[10,3],[2,10]
55,[9,3],[2,9]
56,[8,3],[2,8]
57,[7,3],[2,7]
58,[6,3],[1,7]
59,[5,3],[1,6]
60,[4,3],[1,7]
61,[4,4],[2,7]
62,[4,5],[2,8]
63,[4,6],[2,9]
64,[4,7],[2,10]
65,[4,8],[2,11]
66,[4,9],[3,11]
67,[4,10],[4,11]
68,[3,10],[5,11]
69,[2,10],[6,11]
70,[2,9],[7,11]
71,[2,8],[6,11]
72,[2,7],[5,11]
73,[1,7],[4,11]
74,[1,6],[4,10]
75,[1,5],[4,9]
76,[1,4],[4,8]
77,[1,3],[4,7]
78,[2,3],[4,6]
79,[3,3],[4,5]
80,[4,3],[4,5]
81,[5,3],[4,5]
82,[6,3],[4,5]
83,[7,3],[4,5]
84,[8,3],[4,5]
85,[9,3],[4,5]
86,[10,3],[4,5]
87,[11,3],[4,5]
88,[12,3],[4,5]
