//Quantitative values
143	//Makespan
111	//Mission completion time hauler 1
132	//Mission completion time hauler 2
143	//Mission completion time hauler 3
2	//Application execution time (in millisecond)
//Path to the final points
0,[11,7],[7,1],[3,12]
1,[10,7],[7,2],[3,11]
2,[9,7],[7,3],[3,10]
3,[9,8],[7,4],[4,10]
4,[8,8],[7,5],[4,9]
5,[7,8],[7,6],[5,9]
6,[6,8],[7,7],[6,9]
7,[5,8],[7,8],[7,9]
8,[5,7],[7,9],[8,9]
9,[5,6],[7,10],[9,9]
10,[5,5],[7,11],[10,9]
11,[5,4],[7,12],[11,9]
12,[5,5],[8,12],[12,9]
13,[5,6],[9,12],[11,9]
14,[6,6],[9,11],[10,9]
15,[7,6],[9,10],[9,9]
16,[6,6],[9,9],[8,9]
17,[5,6],[10,9],[7,9]
18,[4,6],[11,9],[6,9]
19,[4,7],[12,9],[5,9]
20,[4,8],[11,9],[4,9]
21,[4,9],[10,9],[4,10]
22,[4,10],[9,9],[4,11]
23,[4,11],[8,9],[4,12]
24,[4,12],[7,9],[4,11]
25,[4,11],[6,9],[4,10]
26,[4,10],[5,9],[4,9]
27,[4,9],[5,8],[5,9]
28,[4,8],[5,7],[6,9]
29,[4,7],[5,6],[7,9]
30,[4,6],[5,5],[8,9]
31,[5,6],[5,4],[9,9]
32,[6,6],[5,5],[10,9]
33,[7,6],[5,6],[11,9]
34,[7,7],[5,7],[12,9]
35,[7,8],[5,8],[11,9]
36,[7,9],[5,9],[10,9]
37,[7,10],[6,9],[9,9]
38,[7,11],[7,9],[8,9]
39,[7,12],[8,9],[7,9]
40,[8,12],[9,9],[6,9]
41,[9,12],[10,9],[5,9]
42,[8,12],[11,9],[4,9]
43,[7,12],[12,9],[4,10]
44,[7,11],[11,9],[4,11]
45,[7,10],[10,9],[4,12]
46,[7,9],[9,9],[4,11]
47,[7,8],[8,9],[4,10]
48,[7,7],[7,9],[4,9]
49,[7,6],[6,9],[4,8]
50,[6,6],[5,9],[4,7]
51,[5,6],[4,9],[4,6]
52,[4,6],[4,10],[5,6]
53,[4,7],[4,11],[6,6]
54,[4,8],[4,12],[7,6]
55,[4,9],[4,11],[6,6]
56,[4,10],[4,11],[5,6]
57,[4,11],[4,10],[5,5]
58,[4,12],[4,9],[5,4]
59,[4,11],[5,9],[5,5]
60,[4,10],[6,9],[5,6]
61,[4,9],[7,9],[5,7]
62,[5,9],[8,9],[5,8]
63,[6,9],[9,9],[5,9]
64,[7,9],[10,9],[6,9]
65,[8,9],[11,9],[7,9]
66,[9,9],[12,9],[8,9]
67,[10,9],[11,9],[9,9]
68,[11,9],[10,9],[9,9]
69,[12,9],[9,9],[10,9]
70,[11,9],[8,9],[10,9]
71,[10,9],[7,9],[11,9]
72,[9,9],[6,9],[12,9]
73,[9,10],[5,9],[11,9]
74,[9,11],[4,9],[10,9]
75,[9,12],[4,10],[9,9]
76,[9,11],[4,11],[8,9]
77,[9,10],[4,12],[7,9]
78,[9,9],[4,11],[6,9]
79,[10,9],[4,10],[5,9]
80,[11,9],[4,9],[5,8]
81,[12,9],[4,8],[5,7]
82,[11,9],[4,7],[5,6]
83,[10,9],[4,6],[5,5]
84,[9,9],[5,6],[5,4]
85,[9,10],[6,6],[5,5]
86,[9,11],[7,6],[5,6]
87,[9,12],[6,6],[5,7]
88,[8,12],[5,6],[5,8]
89,[7,12],[4,6],[5,9]
90,[7,11],[4,7],[6,9]
91,[7,10],[4,8],[7,9]
92,[7,9],[4,9],[8,9]
93,[7,8],[4,10],[9,9]
94,[7,7],[4,11],[10,9]
95,[7,6],[4,12],[11,9]
96,[7,7],[4,11],[12,9]
97,[7,8],[4,10],[11,9]
98,[7,9],[4,9],[10,9]
99,[7,10],[4,8],[9,9]
100,[7,11],[4,7],[8,9]
101,[7,12],[4,6],[7,9]
102,[8,12],[5,6],[6,9]
103,[9,12],[6,6],[5,9]
104,[8,12],[7,6],[4,9]
105,[7,12],[6,6],[4,10]
106,[7,11],[5,6],[4,11]
107,[7,10],[5,5],[4,12]
108,[7,9],[5,4],[4,11]
109,[7,8],[5,5],[4,10]
110,[7,7],[5,6],[4,9]
111,[7,6],[6,6],[4,8]
112,[7,6],[7,6],[4,7]
113,[7,6],[6,6],[4,6]
114,[7,6],[5,6],[4,6]
115,[7,6],[4,6],[5,6]
116,[7,6],[4,7],[6,6]
117,[7,6],[4,8],[7,6]
118,[7,6],[4,9],[6,6]
119,[7,6],[4,10],[5,6]
120,[7,6],[4,11],[4,6]
121,[7,6],[4,12],[4,7]
122,[7,6],[4,11],[4,8]
123,[7,6],[4,10],[4,9]
124,[7,6],[4,9],[4,10]
125,[7,6],[5,9],[4,11]
126,[7,6],[6,9],[4,12]
127,[7,6],[7,9],[4,11]
128,[7,6],[8,9],[4,10]
129,[7,6],[9,9],[4,9]
130,[7,6],[10,9],[5,9]
131,[7,6],[11,9],[6,9]
132,[7,6],[12,9],[7,9]
133,[7,6],[12,9],[8,9]
134,[7,6],[12,9],[9,9]
135,[7,6],[12,9],[10,9]
136,[7,6],[12,9],[11,9]
137,[7,6],[12,9],[12,9]
138,[7,6],[12,9],[11,9]
139,[7,6],[12,9],[10,9]
140,[7,6],[12,9],[9,9]
141,[7,6],[12,9],[9,10]
142,[7,6],[12,9],[9,11]
143,[7,6],[12,9],[9,12]
