//Quantitative values
72	//Makespan
62	//Mission completion time hauler 1
72	//Mission completion time hauler 2
2	//Application execution time (in millisecond)
//Path to the final points
0,[4,6],[5,9]
1,[3,6],[5,8]
2,[3,7],[5,7]
3,[3,8],[5,6]
4,[3,9],[5,5]
5,[3,10],[5,4]
6,[2,10],[4,4]
7,[2,9],[4,5]
8,[2,8],[4,6]
9,[1,8],[4,7]
10,[2,8],[4,8]
11,[2,9],[4,9]
12,[2,10],[3,9]
13,[3,10],[3,9]
14,[3,9],[3,10]
15,[4,9],[4,10]
16,[4,8],[5,10]
17,[4,7],[6,10]
18,[4,6],[7,10]
19,[4,5],[8,10]
20,[4,4],[9,10]
21,[5,4],[10,10]
22,[4,4],[11,10]
23,[3,4],[12,10]
24,[2,4],[11,10]
25,[1,4],[10,10]
26,[1,5],[9,10]
27,[1,6],[8,10]
28,[1,7],[7,10]
29,[1,8],[6,10]
30,[2,8],[5,10]
31,[2,9],[4,10]
32,[2,10],[3,10]
33,[3,10],[4,10]
34,[2,10],[5,10]
35,[2,9],[6,10]
36,[2,8],[7,10]
37,[1,8],[8,10]
38,[1,7],[9,10]
39,[1,6],[10,10]
40,[1,5],[11,10]
41,[1,4],[12,10]
42,[2,4],[11,10]
43,[3,4],[10,10]
44,[4,4],[9,10]
45,[5,4],[8,10]
46,[4,4],[7,10]
47,[4,5],[6,10]
48,[4,6],[5,10]
49,[4,7],[5,9]
50,[4,8],[5,8]
51,[4,9],[5,7]
52,[3,9],[5,6]
53,[3,10],[5,5]
54,[4,10],[5,4]
55,[5,10],[4,4]
56,[6,10],[3,4]
57,[7,10],[2,4]
58,[8,10],[1,4]
59,[9,10],[1,5]
60,[10,10],[1,6]
61,[11,10],[1,7]
62,[12,10],[1,8]
63,[12,10],[2,8]
64,[12,10],[2,9]
65,[12,10],[2,10]
66,[12,10],[3,10]
67,[12,10],[3,9]
68,[12,10],[4,9]
69,[12,10],[3,9]
70,[12,10],[3,10]
71,[12,10],[3,9]
72,[12,10],[4,9]
