//Quantitative values
107	//Makespan
92	//Mission completion time hauler 1
107	//Mission completion time hauler 2
2	//Application execution time (in millisecond)
//Path to the final points
0,[12,7],[4,5]
1,[11,7],[4,6]
2,[10,7],[4,7]
3,[9,7],[5,7]
4,[8,7],[6,7]
5,[7,7],[6,7]
6,[6,7],[7,7]
7,[5,7],[8,7]
8,[4,7],[9,7]
9,[3,7],[10,7]
10,[2,7],[10,8]
11,[1,7],[11,8]
12,[2,7],[10,8]
13,[3,7],[10,7]
14,[4,7],[9,7]
15,[5,7],[8,7]
16,[6,7],[7,7]
17,[7,7],[6,7]
18,[8,7],[5,7]
19,[9,7],[5,6]
20,[10,7],[5,5]
21,[10,8],[5,4]
22,[11,8],[4,4]
23,[10,8],[3,4]
24,[10,7],[3,5]
25,[9,7],[3,6]
26,[8,7],[3,7]
27,[7,7],[3,8]
28,[6,7],[3,7]
29,[5,7],[3,6]
30,[5,6],[3,5]
31,[5,5],[3,4]
32,[5,4],[4,4]
33,[4,4],[5,4]
34,[3,4],[5,5]
35,[3,5],[5,6]
36,[3,6],[5,7]
37,[3,7],[6,7]
38,[3,8],[7,7]
39,[2,8],[8,7]
40,[1,8],[9,7]
41,[1,7],[10,7]
42,[1,8],[10,8]
43,[2,8],[11,8]
44,[3,8],[10,8]
45,[3,7],[10,7]
46,[3,6],[9,7]
47,[3,5],[8,7]
48,[3,4],[7,7]
49,[4,4],[6,7]
50,[5,4],[5,7]
51,[5,5],[5,6]
52,[5,6],[5,5]
53,[5,7],[5,4]
54,[6,7],[4,4]
55,[7,7],[3,4]
56,[8,7],[3,5]
57,[9,7],[3,6]
58,[10,7],[3,7]
59,[10,8],[3,8]
60,[11,8],[3,7]
61,[10,8],[3,6]
62,[10,7],[3,5]
63,[9,7],[3,4]
64,[8,7],[4,4]
65,[7,7],[5,4]
66,[6,7],[5,5]
67,[5,7],[5,6]
68,[4,7],[5,7]
69,[3,7],[6,7]
70,[2,7],[7,7]
71,[1,7],[8,7]
72,[1,8],[9,7]
73,[2,8],[10,7]
74,[3,8],[10,8]
75,[3,7],[11,8]
76,[4,7],[10,8]
77,[5,7],[10,7]
78,[6,7],[9,7]
79,[7,7],[8,7]
80,[8,7],[7,7]
81,[9,7],[6,7]
82,[10,7],[5,7]
83,[11,7],[4,7]
84,[10,7],[3,7]
85,[9,7],[2,7]
86,[8,7],[1,7]
87,[7,7],[2,7]
88,[6,7],[3,7]
89,[5,7],[4,7]
90,[4,7],[5,7]
91,[3,7],[6,7]
92,[3,8],[7,7]
93,[3,8],[8,7]
94,[3,8],[9,7]
95,[3,8],[10,7]
96,[3,8],[10,8]
97,[3,8],[11,8]
98,[3,8],[10,8]
99,[3,8],[10,7]
100,[3,8],[9,7]
101,[3,8],[8,7]
102,[3,8],[7,7]
103,[3,8],[6,7]
104,[3,8],[5,7]
105,[3,8],[5,6]
106,[3,8],[5,5]
107,[3,8],[5,4]
