//Quantitative values
84	//Makespan
85	//Mission completion time hauler 1
61	//Mission completion time hauler 2
1	//Application execution time (in millisecond)
//Path to the final points
0,[12 ,2],[6,8]
1,[12 ,3],[6,9]
2,[12 ,4],[6,10]
3,[11 ,4],[7,10]
4,[10 ,4],[8,10]
5,[9 ,4],[9,10]
6,[9 ,3],[10,10]
7,[8 ,3],[11,10]
8,[7 ,3],[12,10]
9,[6 ,3],[11,10]
10,[5 ,3],[10,10]
11,[5 ,4],[9,10]
12,[5 ,5],[8,10]
13,[5 ,6],[7,10]
14,[5 ,7],[6,10]
15,[5 ,8],[5,10]
16,[5 ,9],[5,9]
17,[5 ,10],[5,8]
18,[6 ,10],[5,7]
19,[7 ,10],[5,6]
20,[8 ,10],[5,5]
21,[9 ,10],[5,4]
22,[10 ,10],[5,3]
23,[11 ,10],[5,2]
24,[12 ,10],[5,1]
25,[11 ,10],[4,1]
26,[10 ,10],[4,2]
27,[9 ,10],[3,2]
28,[8 ,10],[3,3]
29,[7 ,10],[3,4]
30,[6 ,10],[3,5]
31,[5 ,10],[3,6]
32,[4 ,10],[3,7]
33,[3 ,10],[3,8]
34,[3 ,9],[3,9]
35,[3 ,8],[3,10]
36,[3 ,7],[4,10]
37,[3 ,6],[5,10]
38,[3 ,5],[6,10]
39,[3 ,4],[7,10]
40,[3 ,3],[8,10]
41,[3 ,2],[9,10]
42,[3 ,3],[10,10]
43,[3 ,4],[11,10]
44,[3 ,5],[12,10]
45,[3 ,6],[11,10]
46,[3 ,7],[10,10]
47,[3 ,8],[9,10]
48,[3 ,9],[8,10]
49,[3 ,10],[7,10]
50,[4 ,10],[6,10]
51,[5 ,10],[5,10]
52,[6 ,10],[4,10]
53,[7 ,10],[3,10]
54,[8 ,10],[3,9]
55,[9 ,10],[3,8]
56,[10 ,10],[3,7]
57,[11 ,10],[3,6]
58,[12 ,10],[3,5]
59,[11 ,10],[3,4]
60,[10 ,10],[3,3]
61,[9 ,10],[3,3]
62,[8 ,10],[3,3]
63,[7 ,10],[3,3]
64,[6 ,10],[3,3]
65,[5 ,10],[3,3]
66,[5 ,9],[3,3]
67,[5 ,8],[3,3]
68,[5 ,7],[3,3]
69,[5 ,6],[3,3]
70,[5 ,5],[3,3]
71,[5 ,4],[3,3]
72,[5 ,5],[3,3]
73,[5 ,6],[3,3]
74,[5 ,7],[3,3]
75,[5 ,8],[3,3]
76,[5 ,9],[3,3]
77,[5 ,10],[3,3]
78,[6 ,10],[3,3]
79,[7 ,10],[3,3]
80,[8 ,10],[3,3]
81,[9 ,10],[3,3]
82,[10 ,10],[3,3]
83,[11 ,10],[3,3]
84,[12 ,10],[3,3]
