//Quantitative values
49	//Makespan
50	//Mission completion time hauler 1
44	//Mission completion time hauler 2
1	//Application execution time (in millisecond)
//Path to the final points
0,[4 ,6],[5,9]
1,[4 ,7],[4,9]
2,[4 ,8],[3,9]
3,[4 ,9],[2,9]
4,[4 ,10],[2,8]
5,[5 ,10],[1,8]
6,[6 ,10],[1,7]
7,[7 ,10],[1,6]
8,[8 ,10],[1,5]
9,[9 ,10],[1,4]
10,[10 ,10],[2,4]
11,[11 ,10],[3,4]
12,[12 ,10],[4,4]
13,[11 ,10],[5,4]
14,[10 ,10],[5,5]
15,[9 ,10],[5,6]
16,[8 ,10],[5,7]
17,[7 ,10],[5,8]
18,[6 ,10],[5,9]
19,[5 ,10],[5,10]
20,[5 ,9],[6,10]
21,[5 ,8],[7,10]
22,[5 ,7],[8,10]
23,[5 ,6],[9,10]
24,[5 ,5],[10,10]
25,[5 ,4],[11,10]
26,[4 ,4],[12,10]
27,[3 ,4],[11,10]
28,[2 ,4],[10,10]
29,[1 ,4],[9,10]
30,[1 ,5],[8,10]
31,[1 ,6],[7,10]
32,[1 ,7],[6,10]
33,[1 ,8],[5,10]
34,[2 ,8],[4,10]
35,[2 ,9],[3,10]
36,[2 ,10],[2,10]
37,[3 ,10],[2,9]
38,[2 ,10],[2,8]
39,[2 ,9],[1,8]
40,[2 ,8],[2,8]
41,[1 ,8],[2,9]
42,[1 ,7],[2,10]
43,[1 ,6],[3,10]
44,[1 ,5],[3,10]
45,[1 ,4],[3,10]
46,[2 ,4],[3,10]
47,[3 ,4],[3,10]
48,[4 ,4],[3,10]
49,[5 ,4],[3,10]
