//Quantitative values
48	//Makespan
24	//Mission completion time hauler 1
48	//Mission completion time hauler 2
2	//Application execution time (in millisecond)
//Path to the final points
0,[12 ,7],[4,5]
1,[11 ,7],[3,5]
2,[11 ,8],[3,6]
3,[11 ,7],[3,7]
4,[10 ,7],[3,8]
5,[9 ,7],[3,7]
6,[8 ,7],[4,7]
7,[7 ,7],[5,7]
8,[6 ,7],[6,7]
9,[5 ,7],[7,7]
10,[4 ,7],[8,7]
11,[3 ,7],[9,7]
12,[3 ,8],[10,7]
13,[3 ,7],[11,7]
14,[3 ,6],[10,7]
15,[3 ,5],[9,7]
16,[3 ,4],[8,7]
17,[4 ,4],[7,7]
18,[5 ,4],[6,7]
19,[4 ,4],[5,7]
20,[3 ,4],[4,7]
21,[3 ,5],[3,7]
22,[3 ,6],[3,8]
23,[3 ,7],[2,8]
24,[3 ,8],[1,8]
25,[3 ,8],[1,7]
26,[3 ,8],[2,7]
27,[3 ,8],[3,7]
28,[3 ,8],[4,7]
29,[3 ,8],[5,7]
30,[3 ,8],[6,7]
31,[3 ,8],[7,7]
32,[3 ,8],[8,7]
33,[3 ,8],[9,7]
34,[3 ,8],[10,7]
35,[3 ,8],[10,8]
36,[3 ,8],[11,8]
37,[3 ,8],[10,8]
38,[3 ,8],[10,7]
39,[3 ,8],[9,7]
40,[3 ,8],[8,7]
41,[3 ,8],[7,7]
42,[3 ,8],[6,7]
43,[3 ,8],[5,7]
44,[3 ,8],[4,7]
45,[3 ,8],[3,7]
46,[3 ,8],[2,7]
47,[3 ,8],[1,7]
48,[3 ,8],[1,7]
