//Quantitative values
64	//Makespan
65	//Mission completion time hauler 1
1	//Application execution time (in millisecond)
//Path to the final points
0,[10,7]
1,[9,7]
2,[8,7]
3,[7,7]
4,[6,7]
5,[5,7]
6,[4,7]
7,[3,7]
8,[4,7]
9,[5,7]
10,[6,7]
11,[7,7]
12,[7,6]
13,[8,6]
14,[9,6]
15,[10,6]
16,[9,6]
17,[8,6]
18,[7,6]
19,[7,7]
20,[6,7]
21,[5,7]
22,[4,7]
23,[3,7]
24,[3,6]
25,[3,5]
26,[4,5]
27,[5,5]
28,[6,5]
29,[7,5]
30,[8,5]
31,[9,5]
32,[10,5]
33,[9,5]
34,[8,5]
35,[7,5]
36,[6,5]
37,[5,5]
38,[4,5]
39,[3,5]
40,[3,6]
41,[3,7]
42,[3,8]
43,[3,7]
44,[4,7]
45,[5,7]
46,[6,7]
47,[7,7]
48,[7,6]
49,[8,6]
50,[9,6]
51,[10,6]
52,[9,6]
53,[8,6]
54,[7,6]
55,[7,5]
56,[7,4]
57,[7,3]
58,[7,2]
59,[7,3]
60,[7,4]
61,[7,5]
62,[8,5]
63,[9,5]
64,[10,5]
