//Quantitative values
139	//Makespan
139	//Mission completion time hauler 1
1	//Application execution time (in millisecond)
//Path to the final points
0,[10,12]
1,[9,12]
2,[8,12]
3,[7,12]
4,[6,12]
5,[5,12]
6,[4,12]
7,[3,12]
8,[2,12]
9,[2,11]
10,[2,10]
11,[3,10]
12,[3,9]
13,[3,8]
14,[3,7]
15,[3,6]
16,[3,5]
17,[3,4]
18,[3,3]
19,[3,2]
20,[3,1]
21,[4,1]
22,[3,1]
23,[3,2]
24,[3,3]
25,[3,4]
26,[3,5]
27,[3,6]
28,[3,7]
29,[3,8]
30,[3,9]
31,[3,10]
32,[2,10]
33,[3,10]
34,[3,9]
35,[3,8]
36,[3,7]
37,[3,6]
38,[3,5]
39,[3,4]
40,[3,3]
41,[3,2]
42,[3,1]
43,[4,1]
44,[3,1]
45,[3,2]
46,[3,3]
47,[3,4]
48,[3,5]
49,[3,6]
50,[3,7]
51,[3,8]
52,[3,9]
53,[3,10]
54,[2,10]
55,[3,10]
56,[3,9]
57,[3,8]
58,[3,7]
59,[3,6]
60,[3,5]
61,[3,4]
62,[3,3]
63,[3,2]
64,[3,1]
65,[4,1]
66,[3,1]
67,[3,2]
68,[3,3]
69,[3,4]
70,[3,5]
71,[3,6]
72,[3,7]
73,[3,8]
74,[3,9]
75,[3,10]
76,[2,10]
77,[1,10]
78,[1,9]
79,[1,8]
80,[1,7]
81,[1,6]
82,[1,5]
83,[2,5]
84,[2,4]
85,[2,3]
86,[3,3]
87,[4,3]
88,[5,3]
89,[6,3]
90,[7,3]
91,[8,3]
92,[9,3]
93,[10,3]
94,[11,3]
95,[12,3]
96,[11,3]
97,[10,3]
98,[9,3]
99,[8,3]
100,[7,3]
101,[6,3]
102,[5,3]
103,[4,3]
104,[3,3]
105,[2,3]
106,[2,4]
107,[2,5]
108,[1,5]
109,[1,6]
110,[1,7]
111,[1,8]
112,[1,9]
113,[1,10]
114,[2,10]
115,[3,10]
116,[3,9]
117,[4,9]
118,[5,9]
119,[6,9]
120,[7,9]
121,[8,9]
122,[9,9]
123,[10,9]
124,[10,8]
125,[10,7]
126,[10,6]
127,[11,6]
128,[12,6]
129,[12,5]
130,[12,4]
131,[12,3]
132,[12,4]
133,[12,5]
134,[12,6]
135,[11,6]
136,[10,6]
137,[10,7]
138,[10,8]
139,[10,9]
