//Quantitative values
189	//Makespan
136	//Mission completion time hauler 1
189	//Mission completion time hauler 2
2	//Application execution time (in millisecond)
//Path to the final points
0,[12,2],[6,8]
1,[12,3],[6,9]
2,[12,4],[6,10]
3,[11,4],[7,10]
4,[10,4],[8,10]
5,[9,4],[9,10]
6,[9,3],[10,10]
7,[8,3],[11,10]
8,[7,3],[12,10]
9,[6,3],[11,10]
10,[5,3],[10,10]
11,[4,3],[9,10]
12,[3,3],[8,10]
13,[3,2],[7,10]
14,[4,2],[6,10]
15,[4,1],[5,10]
16,[5,1],[4,10]
17,[5,2],[3,10]
18,[5,3],[3,9]
19,[5,4],[3,8]
20,[5,3],[3,7]
21,[5,2],[3,6]
22,[5,1],[3,5]
23,[4,1],[3,4]
24,[4,2],[3,3]
25,[3,2],[3,4]
26,[3,3],[3,5]
27,[3,4],[3,6]
28,[3,5],[3,7]
29,[3,6],[3,8]
30,[3,7],[3,9]
31,[3,8],[3,10]
32,[3,9],[4,10]
33,[3,10],[5,10]
34,[4,10],[6,10]
35,[5,10],[7,10]
36,[6,10],[8,10]
37,[7,10],[9,10]
38,[8,10],[10,10]
39,[9,10],[11,10]
40,[10,10],[12,10]
41,[11,10],[12,10]
42,[12,10],[11,10]
43,[11,10],[10,10]
44,[10,10],[9,10]
45,[9,10],[8,10]
46,[8,10],[7,10]
47,[7,10],[6,10]
48,[6,10],[5,10]
49,[5,10],[5,9]
50,[5,9],[5,8]
51,[5,8],[5,7]
52,[5,7],[5,6]
53,[5,6],[5,5]
54,[5,5],[5,4]
55,[5,4],[5,5]
56,[5,5],[5,6]
57,[5,6],[5,7]
58,[5,7],[5,8]
59,[5,8],[5,9]
60,[5,9],[5,10]
61,[5,10],[6,10]
62,[6,10],[7,10]
63,[7,10],[8,10]
64,[8,10],[9,10]
65,[9,10],[10,10]
66,[10,10],[11,10]
67,[11,10],[12,10]
68,[12,10],[11,10]
69,[11,10],[10,10]
70,[10,10],[9,10]
71,[9,10],[8,10]
72,[8,10],[7,10]
73,[7,10],[6,10]
74,[6,10],[5,10]
75,[5,10],[4,10]
76,[4,10],[3,10]
77,[3,10],[3,9]
78,[3,9],[3,8]
79,[3,8],[3,7]
80,[3,7],[3,6]
81,[3,6],[3,5]
82,[3,5],[3,4]
83,[3,4],[3,3]
84,[3,3],[3,2]
85,[3,2],[3,3]
86,[4,2],[3,4]
87,[4,1],[3,5]
88,[5,1],[3,6]
89,[5,2],[3,7]
90,[5,3],[3,8]
91,[5,4],[3,9]
92,[5,5],[3,10]
93,[5,6],[4,10]
94,[5,7],[5,10]
95,[5,8],[6,10]
96,[5,9],[7,10]
97,[5,10],[8,10]
98,[6,10],[9,10]
99,[7,10],[10,10]
100,[8,10],[11,10]
101,[9,10],[12,10]
102,[10,10],[11,10]
103,[11,10],[10,10]
104,[12,10],[9,10]
105,[11,10],[8,10]
106,[10,10],[7,10]
107,[9,10],[6,10]
108,[8,10],[5,10]
109,[7,10],[4,10]
110,[6,10],[3,10]
111,[5,10],[3,9]
112,[4,10],[3,8]
113,[3,10],[3,7]
114,[3,9],[3,6]
115,[3,8],[3,5]
116,[3,7],[3,4]
117,[3,6],[3,3]
118,[3,5],[3,2]
119,[3,4],[4,2]
120,[3,3],[4,1]
121,[3,4],[5,1]
122,[3,5],[4,1]
123,[3,6],[4,2]
124,[3,7],[3,2]
125,[3,8],[3,3]
126,[3,9],[3,4]
127,[3,10],[3,5]
128,[4,10],[3,6]
129,[5,10],[3,7]
130,[6,10],[3,8]
131,[7,10],[3,9]
132,[8,10],[3,10]
133,[9,10],[4,10]
134,[10,10],[5,10]
135,[11,10],[6,10]
136,[12,10],[7,10]
137,[12,10],[8,10]
138,[12,10],[9,10]
139,[12,10],[10,10]
140,[12,10],[11,10]
141,[12,10],[12,10]
142,[12,10],[11,10]
143,[12,10],[10,10]
144,[12,10],[9,10]
145,[12,10],[8,10]
146,[12,10],[7,10]
147,[12,10],[6,10]
148,[12,10],[5,10]
149,[12,10],[4,10]
150,[12,10],[3,10]
151,[12,10],[3,9]
152,[12,10],[3,8]
153,[12,10],[3,7]
154,[12,10],[3,6]
155,[12,10],[3,5]
156,[12,10],[3,4]
157,[12,10],[3,3]
158,[12,10],[3,4]
159,[12,10],[3,5]
160,[12,10],[3,6]
161,[12,10],[3,7]
162,[12,10],[3,8]
163,[12,10],[3,9]
164,[12,10],[3,10]
165,[12,10],[4,10]
166,[12,10],[5,10]
167,[12,10],[6,10]
168,[12,10],[7,10]
169,[12,10],[8,10]
170,[12,10],[9,10]
171,[12,10],[10,10]
172,[12,10],[11,10]
173,[12,10],[12,10]
174,[12,10],[11,10]
175,[12,10],[10,10]
176,[12,10],[9,10]
177,[12,10],[8,10]
178,[12,10],[7,10]
179,[12,10],[6,10]
180,[12,10],[5,10]
181,[12,10],[4,10]
182,[12,10],[3,10]
183,[12,10],[3,9]
184,[12,10],[3,8]
185,[12,10],[3,7]
186,[12,10],[3,6]
187,[12,10],[3,5]
188,[12,10],[3,4]
189,[12,10],[3,3]
