//Quantitative values
136	//Makespan
136	//Mission completion time hauler 1
116	//Mission completion time hauler 2
4	//Application execution time (in millisecond)
//Path to the final points
0,[12 ,7],[4,5]
1,[11 ,7],[4,6]
2,[10 ,7],[4,7]
3,[9 ,7],[5,7]
4,[8 ,7],[6,7]
5,[7 ,7],[7,7]
6,[6 ,7],[8,7]
7,[5 ,7],[9,7]
8,[5 ,6],[10,7]
9,[5 ,5],[11,7]
10,[5 ,4],[10,7]
11,[5 ,5],[9,7]
12,[5 ,6],[8,7]
13,[5 ,7],[7,7]
14,[6 ,7],[6,7]
15,[7 ,7],[5,7]
16,[8 ,7],[4,7]
17,[9 ,7],[3,7]
18,[10 ,7],[3,8]
19,[10 ,8],[3,7]
20,[11 ,8],[3,6]
21,[10 ,8],[3,5]
22,[10 ,7],[3,4]
23,[9 ,7],[4,4]
24,[8 ,7],[5,4]
25,[7 ,7],[5,5]
26,[6 ,7],[5,6]
27,[5 ,7],[5,7]
28,[4 ,7],[6,7]
29,[3 ,7],[7,7]
30,[2 ,7],[8,7]
31,[1 ,7],[9,7]
32,[2 ,7],[10,7]
33,[3 ,7],[10,8]
34,[4 ,7],[11,8]
35,[5 ,7],[10,8]
36,[6 ,7],[10,7]
37,[7 ,7],[9,7]
38,[8 ,7],[8,7]
39,[9 ,7],[7,7]
40,[10 ,7],[6,7]
41,[10 ,8],[5,7]
42,[11 ,8],[5,6]
43,[10 ,8],[5,5]
44,[10 ,7],[5,4]
45,[9 ,7],[5,5]
46,[8 ,7],[5,6]
47,[7 ,7],[5,7]
48,[6 ,7],[6,7]
49,[5 ,7],[7,7]
50,[4 ,7],[8,7]
51,[3 ,7],[9,7]
52,[2 ,7],[10,7]
53,[1 ,7],[10,8]
54,[2 ,7],[11,8]
55,[3 ,7],[10,8]
56,[4 ,7],[10,7]
57,[5 ,7],[9,7]
58,[6 ,7],[8,7]
59,[7 ,7],[7,7]
60,[8 ,7],[6,7]
61,[9 ,7],[5,7]
62,[10 ,7],[5,6]
63,[10 ,8],[5,5]
64,[11 ,8],[5,4]
65,[10 ,8],[4,4]
66,[10 ,7],[3,4]
67,[9 ,7],[3,5]
68,[8 ,7],[3,6]
69,[7 ,7],[3,7]
70,[6 ,7],[3,8]
71,[5 ,7],[3,7]
72,[5 ,6],[3,6]
73,[5 ,5],[3,5]
74,[5 ,4],[3,4]
75,[5 ,5],[4,4]
76,[5 ,6],[5,4]
77,[5 ,7],[5,5]
78,[6 ,7],[5,6]
79,[7 ,7],[5,7]
80,[8 ,7],[6,7]
81,[9 ,7],[7,7]
82,[10 ,7],[8,7]
83,[10 ,8],[9,7]
84,[11 ,8],[10,7]
85,[10 ,8],[10,8]
86,[10 ,7],[11,8]
87,[9 ,7],[10,8]
88,[8 ,7],[10,7]
89,[7 ,7],[9,7]
90,[6 ,7],[8,7]
91,[5 ,7],[7,7]
92,[4 ,7],[6,7]
93,[3 ,7],[5,7]
94,[2 ,7],[5,6]
95,[1 ,7],[5,5]
96,[2 ,7],[5,4]
97,[3 ,7],[5,5]
98,[4 ,7],[5,6]
99,[5 ,7],[5,7]
100,[6 ,7],[6,7]
101,[7 ,7],[7,7]
102,[8 ,7],[8,7]
103,[9 ,7],[9,7]
104,[10 ,7],[10,7]
105,[10 ,8],[10,8]
106,[11 ,8],[11,8]
107,[10 ,8],[11,7]
108,[10 ,7],[10,7]
109,[9 ,7],[9,7]
110,[8 ,7],[8,7]
111,[7 ,7],[7,7]
112,[6 ,7],[6,7]
113,[5 ,7],[5,7]
114,[5 ,6],[4,7]
115,[5 ,5],[3,7]
116,[5 ,4],[3,8]
117,[4 ,4],[3,8]
118,[3 ,4],[3,8]
119,[3 ,5],[3,8]
120,[3 ,6],[3,8]
121,[3 ,7],[3,8]
122,[3 ,8],[3,8]
123,[2 ,8],[3,8]
124,[1 ,8],[3,8]
125,[1 ,7],[3,8]
126,[2 ,7],[3,8]
127,[3 ,7],[3,8]
128,[4 ,7],[3,8]
129,[5 ,7],[3,8]
130,[6 ,7],[3,8]
131,[7 ,7],[3,8]
132,[8 ,7],[3,8]
133,[9 ,7],[3,8]
134,[10 ,7],[3,8]
135,[10 ,8],[3,8]
136,[11 ,8],[3,8]
