//Quantitative values
109	//Makespan
109	//Mission completion time hauler 1
99	//Mission completion time hauler 2
3	//Application execution time (in millisecond)
//Path to the final points
0,[6 ,11],[10,10]
1,[5 ,11],[9,10]
2,[5 ,10],[8,10]
3,[4 ,10],[7,10]
4,[3 ,10],[7,9]
5,[2 ,10],[7,8]
6,[2 ,9],[6,8]
7,[2 ,8],[6,7]
8,[2 ,7],[6,6]
9,[2 ,8],[7,6]
10,[2 ,9],[7,5]
11,[2 ,10],[7,4]
12,[3 ,10],[6,4]
13,[4 ,10],[5,4]
14,[5 ,10],[5,3]
15,[5 ,11],[5,2]
16,[6 ,11],[5,1]
17,[7 ,11],[5,2]
18,[8 ,11],[5,3]
19,[9 ,11],[5,4]
20,[10 ,11],[5,5]
21,[11 ,11],[5,6]
22,[10 ,11],[5,7]
23,[9 ,11],[5,8]
24,[8 ,11],[6,8]
25,[8 ,10],[7,8]
26,[8 ,9],[8,8]
27,[8 ,8],[9,8]
28,[8 ,7],[10,8]
29,[8 ,6],[11,8]
30,[7 ,6],[10,8]
31,[7 ,5],[9,8]
32,[7 ,6],[9,7]
33,[8 ,6],[9,6]
34,[8 ,7],[9,5]
35,[8 ,8],[9,4]
36,[8 ,9],[9,3]
37,[8 ,10],[9,4]
38,[8 ,11],[9,5]
39,[9 ,11],[9,6]
40,[10 ,11],[9,7]
41,[11 ,11],[9,8]
42,[10 ,11],[10,8]
43,[9 ,11],[11,8]
44,[8 ,11],[11,9]
45,[7 ,11],[11,10]
46,[6 ,11],[11,11]
47,[5 ,11],[10,11]
48,[5 ,10],[9,11]
49,[4 ,10],[8,11]
50,[3 ,10],[8,10]
51,[2 ,10],[8,9]
52,[2 ,9],[8,8]
53,[2 ,8],[8,7]
54,[2 ,7],[8,6]
55,[2 ,8],[7,6]
56,[2 ,9],[7,5]
57,[2 ,10],[7,6]
58,[3 ,10],[8,6]
59,[4 ,10],[8,7]
60,[5 ,10],[8,8]
61,[5 ,11],[8,9]
62,[6 ,11],[8,10]
63,[7 ,11],[8,11]
64,[8 ,11],[9,11]
65,[9 ,11],[10,11]
66,[10 ,11],[11,11]
67,[11 ,11],[10,11]
68,[11 ,10],[9,11]
69,[11 ,9],[8,11]
70,[11 ,8],[8,10]
71,[10 ,8],[8,9]
72,[9 ,8],[8,8]
73,[8 ,8],[8,7]
74,[7 ,8],[8,6]
75,[6 ,8],[7,6]
76,[6 ,7],[7,5]
77,[6 ,8],[7,6]
78,[7 ,8],[8,6]
79,[8 ,8],[8,7]
80,[9 ,8],[8,8]
81,[10 ,8],[8,9]
82,[11 ,8],[8,10]
83,[11 ,9],[8,11]
84,[11 ,10],[9,11]
85,[11 ,11],[10,11]
86,[10 ,11],[11,11]
87,[9 ,11],[10,11]
88,[8 ,11],[9,11]
89,[7 ,11],[8,11]
90,[6 ,11],[7,11]
91,[5 ,11],[6,11]
92,[5 ,10],[5,11]
93,[4 ,10],[5,10]
94,[3 ,10],[4,10]
95,[2 ,10],[3,10]
96,[2 ,9],[2,10]
97,[2 ,8],[2,9]
98,[2 ,7],[2,8]
99,[2 ,6],[2,7]
100,[2 ,5],[2,7]
101,[2 ,4],[2,7]
102,[2 ,3],[2,7]
103,[3 ,3],[2,7]
104,[4 ,3],[2,7]
105,[5 ,3],[2,7]
106,[6 ,3],[2,7]
107,[7 ,3],[2,7]
108,[8 ,3],[2,7]
109,[9 ,3],[2,7]
