//Quantitative values
104	//Makespan
104	//Mission completion time hauler 1
2	//Application execution time (in millisecond)
//Path to the final points
0,[10,7]
1,[10,8]
2,[11,8]
3,[11,9]
4,[11,10]
5,[11,11]
6,[10,11]
7,[9,11]
8,[9,12]
9,[8,12]
10,[7,12]
11,[6,12]
12,[5,12]
13,[4,12]
14,[3,12]
15,[3,11]
16,[3,10]
17,[3,9]
18,[3,8]
19,[3,7]
20,[4,7]
21,[5,7]
22,[6,7]
23,[7,7]
24,[7,6]
25,[8,6]
26,[9,6]
27,[10,6]
28,[9,6]
29,[8,6]
30,[7,6]
31,[7,5]
32,[7,4]
33,[7,3]
34,[7,2]
35,[7,3]
36,[7,4]
37,[7,5]
38,[8,5]
39,[9,5]
40,[10,5]
41,[9,5]
42,[8,5]
43,[7,5]
44,[6,5]
45,[5,5]
46,[4,5]
47,[3,5]
48,[3,6]
49,[3,7]
50,[3,8]
51,[3,9]
52,[3,10]
53,[3,9]
54,[3,8]
55,[3,7]
56,[3,6]
57,[3,5]
58,[4,5]
59,[5,5]
60,[6,5]
61,[7,5]
62,[8,5]
63,[9,5]
64,[10,5]
65,[9,5]
66,[8,5]
67,[7,5]
68,[6,5]
69,[5,5]
70,[4,5]
71,[3,5]
72,[3,6]
73,[3,7]
74,[4,7]
75,[5,7]
76,[6,7]
77,[7,7]
78,[7,6]
79,[8,6]
80,[9,6]
81,[10,6]
82,[9,6]
83,[8,6]
84,[7,6]
85,[7,5]
86,[7,4]
87,[7,3]
88,[7,2]
89,[7,3]
90,[7,4]
91,[7,5]
92,[8,5]
93,[9,5]
94,[10,5]
95,[9,5]
96,[8,5]
97,[7,5]
98,[6,5]
99,[5,5]
100,[4,5]
101,[3,5]
102,[3,6]
103,[3,7]
104,[3,8]
