//Quantitative values
76	//Makespan
77	//Mission completion time hauler 1
1	//Application execution time (in millisecond)
//Path to the final points
0,[12,7]
1,[12,8]
2,[11,8]
3,[10,8]
4,[9,8]
5,[8,8]
6,[7,8]
7,[7,9]
8,[6,9]
9,[5,9]
10,[4,9]
11,[3,9]
12,[3,8]
13,[4,8]
14,[4,7]
15,[4,6]
16,[4,5]
17,[4,4]
18,[4,3]
19,[4,2]
20,[4,1]
21,[3,1]
22,[3,2]
23,[3,3]
24,[3,4]
25,[3,5]
26,[3,4]
27,[3,3]
28,[3,2]
29,[3,1]
30,[4,1]
31,[3,1]
32,[3,2]
33,[3,3]
34,[3,4]
35,[3,5]
36,[2,5]
37,[2,6]
38,[2,7]
39,[2,8]
40,[2,9]
41,[2,8]
42,[2,7]
43,[2,6]
44,[2,5]
45,[3,5]
46,[3,4]
47,[3,3]
48,[3,2]
49,[4,2]
50,[3,2]
51,[3,3]
52,[3,4]
53,[3,5]
54,[2,5]
55,[2,6]
56,[2,7]
57,[2,8]
58,[2,9]
59,[2,8]
60,[2,7]
61,[2,6]
62,[2,5]
63,[3,5]
64,[3,4]
65,[3,3]
66,[3,2]
67,[4,2]
68,[3,2]
69,[3,3]
70,[3,4]
71,[3,5]
72,[2,5]
73,[2,6]
74,[2,7]
75,[2,8]
76,[2,9]
