//Quantitative values
75	//Makespan
75	//Mission completion time hauler 1
1	//Application execution time (in millisecond)
//Path to the final points
0,[12,4]
1,[11,4]
2,[11,5]
3,[10,5]
4,[9,5]
5,[8,5]
6,[7,5]
7,[6,5]
8,[5,5]
9,[4,5]
10,[3,5]
11,[3,6]
12,[3,7]
13,[3,8]
14,[3,9]
15,[3,10]
16,[3,9]
17,[4,9]
18,[5,9]
19,[6,9]
20,[6,8]
21,[7,8]
22,[7,9]
23,[7,10]
24,[7,11]
25,[8,11]
26,[9,11]
27,[10,11]
28,[9,11]
29,[8,11]
30,[7,11]
31,[6,11]
32,[6,10]
33,[6,9]
34,[5,9]
35,[4,9]
36,[3,9]
37,[3,8]
38,[3,7]
39,[3,6]
40,[3,5]
41,[3,6]
42,[3,7]
43,[3,8]
44,[3,9]
45,[4,9]
46,[5,9]
47,[6,9]
48,[6,10]
49,[6,11]
50,[7,11]
51,[8,11]
52,[9,11]
53,[10,11]
54,[9,11]
55,[8,11]
56,[7,11]
57,[6,11]
58,[6,10]
59,[6,9]
60,[5,9]
61,[4,9]
62,[3,9]
63,[2,9]
64,[2,8]
65,[2,9]
66,[3,9]
67,[4,9]
68,[5,9]
69,[6,9]
70,[6,10]
71,[6,11]
72,[7,11]
73,[8,11]
74,[9,11]
75,[10,11]
