//Quantitative values
105	//Makespan
105	//Mission completion time hauler 1
2	//Application execution time (in millisecond)
//Path to the final points
0,[1,12]
1,[1,11]
2,[1,10]
3,[2,10]
4,[2,9]
5,[2,8]
6,[2,7]
7,[3,7]
8,[4,7]
9,[5,7]
10,[6,7]
11,[7,7]
12,[8,7]
13,[9,7]
14,[10,7]
15,[9,7]
16,[8,7]
17,[7,7]
18,[6,7]
19,[5,7]
20,[4,7]
21,[3,7]
22,[2,7]
23,[1,7]
24,[1,6]
25,[2,6]
26,[3,6]
27,[4,6]
28,[4,7]
29,[4,8]
30,[4,9]
31,[5,9]
32,[6,9]
33,[6,8]
34,[6,7]
35,[7,7]
36,[8,7]
37,[9,7]
38,[10,7]
39,[9,7]
40,[8,7]
41,[7,7]
42,[6,7]
43,[6,8]
44,[6,9]
45,[5,9]
46,[6,9]
47,[6,8]
48,[6,7]
49,[7,7]
50,[8,7]
51,[9,7]
52,[10,7]
53,[9,7]
54,[8,7]
55,[7,7]
56,[6,7]
57,[5,7]
58,[4,7]
59,[3,7]
60,[2,7]
61,[1,7]
62,[1,6]
63,[2,6]
64,[3,6]
65,[4,6]
66,[5,6]
67,[4,6]
68,[4,7]
69,[4,8]
70,[4,9]
71,[5,9]
72,[4,9]
73,[4,8]
74,[4,7]
75,[4,6]
76,[4,7]
77,[4,8]
78,[4,9]
79,[5,9]
80,[4,9]
81,[4,8]
82,[4,7]
83,[4,6]
84,[5,6]
85,[4,6]
86,[3,6]
87,[2,6]
88,[1,6]
89,[1,7]
90,[2,7]
91,[3,7]
92,[4,7]
93,[5,7]
94,[6,7]
95,[7,7]
96,[8,7]
97,[9,7]
98,[10,7]
99,[9,7]
100,[8,7]
101,[7,7]
102,[6,7]
103,[6,8]
104,[6,9]
105,[5,9]
