//Quantitative values
134	//Makespan
135	//Mission completion time hauler 1
1	//Application execution time (in millisecond)
//Path to the final points
0,[9,8]
1,[9,9]
2,[9,10]
3,[9,11]
4,[10,11]
5,[11,11]
6,[12,11]
7,[11,11]
8,[10,11]
9,[9,11]
10,[9,10]
11,[8,10]
12,[7,10]
13,[6,10]
14,[6,9]
15,[5,9]
16,[4,9]
17,[3,9]
18,[2,9]
19,[2,8]
20,[2,7]
21,[2,6]
22,[2,5]
23,[2,4]
24,[2,5]
25,[2,6]
26,[2,7]
27,[2,8]
28,[2,9]
29,[3,9]
30,[4,9]
31,[5,9]
32,[6,9]
33,[6,10]
34,[7,10]
35,[8,10]
36,[9,10]
37,[9,11]
38,[10,11]
39,[11,11]
40,[12,11]
41,[11,11]
42,[10,11]
43,[9,11]
44,[9,10]
45,[8,10]
46,[7,10]
47,[6,10]
48,[6,9]
49,[5,9]
50,[4,9]
51,[3,9]
52,[2,9]
53,[2,8]
54,[2,7]
55,[2,6]
56,[2,5]
57,[2,4]
58,[2,3]
59,[2,2]
60,[3,2]
61,[4,2]
62,[5,2]
63,[4,2]
64,[3,2]
65,[2,2]
66,[2,3]
67,[2,4]
68,[2,3]
69,[2,2]
70,[3,2]
71,[4,2]
72,[5,2]
73,[4,2]
74,[3,2]
75,[2,2]
76,[2,3]
77,[2,4]
78,[2,3]
79,[2,2]
80,[3,2]
81,[4,2]
82,[5,2]
83,[6,2]
84,[7,2]
85,[8,2]
86,[9,2]
87,[10,2]
88,[11,2]
89,[10,2]
90,[9,2]
91,[8,2]
92,[7,2]
93,[6,2]
94,[5,2]
95,[4,2]
96,[3,2]
97,[2,2]
98,[2,3]
99,[2,4]
100,[2,3]
101,[2,2]
102,[3,2]
103,[4,2]
104,[5,2]
105,[6,2]
106,[7,2]
107,[8,2]
108,[9,2]
109,[10,2]
110,[11,2]
111,[10,2]
112,[10,3]
113,[10,4]
114,[10,5]
115,[10,6]
116,[10,7]
117,[10,8]
118,[10,9]
119,[10,10]
120,[10,11]
121,[11,11]
122,[12,11]
123,[11,11]
124,[10,11]
125,[10,10]
126,[10,9]
127,[10,8]
128,[10,7]
129,[10,6]
130,[10,5]
131,[10,4]
132,[10,3]
133,[10,2]
134,[11,2]
