//Quantitative values
80	//Makespan
65	//Mission completion time hauler 1
62	//Mission completion time hauler 2
80	//Mission completion time hauler 3
2	//Application execution time (in millisecond)
//Path to the final points
0,[3,1],[6,11],[5,9]
1,[3,2],[5,11],[5,10]
2,[3,3],[4,11],[5,11]
3,[4,3],[3,11],[6,11]
4,[5,3],[3,10],[7,11]
5,[6,3],[3,9],[8,11]
6,[7,3],[3,8],[9,11]
7,[8,3],[3,7],[10,11]
8,[8,4],[4,7],[9,11]
9,[8,5],[4,6],[8,11]
10,[9,5],[5,6],[7,11]
11,[8,5],[6,6],[6,11]
12,[8,6],[7,6],[6,10]
13,[7,6],[8,6],[6,9]
14,[6,6],[8,5],[6,8]
15,[5,6],[9,5],[6,7]
16,[4,6],[8,5],[6,6]
17,[4,7],[8,4],[5,6]
18,[3,7],[8,3],[5,5]
19,[4,7],[7,3],[5,4]
20,[4,6],[6,3],[5,3]
21,[4,5],[5,3],[5,4]
22,[5,5],[5,4],[6,4]
23,[5,4],[5,5],[6,4]
24,[5,3],[5,6],[5,4]
25,[6,3],[6,6],[5,5]
26,[5,3],[6,7],[5,6]
27,[5,4],[6,8],[6,6]
28,[5,5],[6,9],[6,7]
29,[4,5],[6,10],[6,8]
30,[4,6],[6,11],[6,9]
31,[4,7],[7,11],[6,10]
32,[3,7],[8,11],[6,11]
33,[4,7],[9,11],[7,11]
34,[4,6],[10,11],[8,11]
35,[4,5],[9,11],[8,11]
36,[5,5],[8,11],[9,11]
37,[5,4],[7,11],[10,11]
38,[5,3],[6,11],[9,11]
39,[6,3],[6,10],[8,11]
40,[5,3],[6,9],[7,11]
41,[6,3],[6,8],[6,11]
42,[7,3],[6,7],[6,10]
43,[8,3],[6,6],[6,9]
44,[8,4],[5,6],[6,8]
45,[8,5],[5,5],[6,7]
46,[9,5],[5,4],[6,6]
47,[8,5],[5,3],[5,6]
48,[8,6],[6,3],[5,5]
49,[7,6],[5,3],[5,4]
50,[6,6],[6,3],[5,3]
51,[5,6],[7,3],[6,3]
52,[4,6],[8,3],[5,3]
53,[4,7],[8,4],[6,3]
54,[3,7],[8,5],[5,3]
55,[3,8],[9,5],[5,4]
56,[3,9],[8,5],[5,5]
57,[3,10],[8,4],[5,6]
58,[3,11],[8,3],[6,6]
59,[4,11],[7,3],[6,7]
60,[5,11],[6,3],[6,8]
61,[6,11],[5,3],[6,9]
62,[7,11],[6,3],[6,10]
63,[8,11],[6,3],[6,11]
64,[9,11],[6,3],[7,11]
65,[10,11],[6,3],[8,11]
66,[10,11],[6,3],[9,11]
67,[10,11],[6,3],[10,11]
68,[10,11],[6,3],[9,11]
69,[10,11],[6,3],[8,11]
70,[10,11],[6,3],[7,11]
71,[10,11],[6,3],[6,11]
72,[10,11],[6,3],[6,10]
73,[10,11],[6,3],[6,9]
74,[10,11],[6,3],[6,8]
75,[10,11],[6,3],[6,7]
76,[10,11],[6,3],[6,6]
77,[10,11],[6,3],[5,6]
78,[10,11],[6,3],[5,5]
79,[10,11],[6,3],[5,4]
80,[10,11],[6,3],[5,3]
