//Quantitative values
223	//Makespan
224	//Mission completion time hauler 1
1	//Application execution time (in millisecond)
//Path to the final points
0,[2,8]
1,[2,9]
2,[2,10]
3,[2,11]
4,[2,12]
5,[3,12]
6,[4,12]
7,[5,12]
8,[6,12]
9,[7,12]
10,[8,12]
11,[9,12]
12,[9,11]
13,[10,11]
14,[10,10]
15,[10,9]
16,[11,9]
17,[12,9]
18,[12,8]
19,[12,7]
20,[12,6]
21,[12,5]
22,[12,4]
23,[12,3]
24,[12,2]
25,[11,2]
26,[10,2]
27,[9,2]
28,[8,2]
29,[7,2]
30,[6,2]
31,[5,2]
32,[5,1]
33,[4,1]
34,[3,1]
35,[2,1]
36,[1,1]
37,[1,2]
38,[1,3]
39,[2,3]
40,[3,3]
41,[2,3]
42,[1,3]
43,[1,2]
44,[1,1]
45,[2,1]
46,[3,1]
47,[4,1]
48,[5,1]
49,[5,2]
50,[6,2]
51,[7,2]
52,[8,2]
53,[9,2]
54,[10,2]
55,[11,2]
56,[12,2]
57,[12,3]
58,[12,4]
59,[12,5]
60,[12,6]
61,[12,5]
62,[12,4]
63,[12,3]
64,[12,2]
65,[11,2]
66,[10,2]
67,[9,2]
68,[8,2]
69,[7,2]
70,[6,2]
71,[5,2]
72,[5,1]
73,[4,1]
74,[3,1]
75,[2,1]
76,[1,1]
77,[1,2]
78,[1,3]
79,[2,3]
80,[3,3]
81,[2,3]
82,[1,3]
83,[1,2]
84,[1,1]
85,[2,1]
86,[3,1]
87,[4,1]
88,[3,1]
89,[2,1]
90,[1,1]
91,[1,2]
92,[1,3]
93,[1,4]
94,[1,5]
95,[1,6]
96,[1,7]
97,[1,8]
98,[1,9]
99,[1,10]
100,[1,11]
101,[1,12]
102,[2,12]
103,[3,12]
104,[4,12]
105,[5,12]
106,[6,12]
107,[7,12]
108,[8,12]
109,[9,12]
110,[9,11]
111,[10,11]
112,[10,10]
113,[10,9]
114,[11,9]
115,[12,9]
116,[12,8]
117,[12,7]
118,[12,6]
119,[12,7]
120,[12,8]
121,[12,9]
122,[11,9]
123,[10,9]
124,[10,10]
125,[10,11]
126,[9,11]
127,[9,12]
128,[8,12]
129,[7,12]
130,[6,12]
131,[5,12]
132,[4,12]
133,[3,12]
134,[2,12]
135,[1,12]
136,[1,11]
137,[1,10]
138,[1,9]
139,[1,8]
140,[1,7]
141,[1,6]
142,[1,5]
143,[1,4]
144,[1,3]
145,[1,2]
146,[1,1]
147,[2,1]
148,[3,1]
149,[4,1]
150,[3,1]
151,[2,1]
152,[1,1]
153,[1,2]
154,[1,3]
155,[2,3]
156,[3,3]
157,[2,3]
158,[1,3]
159,[1,2]
160,[1,1]
161,[2,1]
162,[3,1]
163,[4,1]
164,[5,1]
165,[5,2]
166,[6,2]
167,[7,2]
168,[8,2]
169,[9,2]
170,[10,2]
171,[11,2]
172,[12,2]
173,[12,3]
174,[12,4]
175,[11,4]
176,[12,4]
177,[12,3]
178,[12,2]
179,[11,2]
180,[10,2]
181,[9,2]
182,[8,2]
183,[7,2]
184,[6,2]
185,[5,2]
186,[5,1]
187,[4,1]
188,[3,1]
189,[2,1]
190,[1,1]
191,[1,2]
192,[1,3]
193,[2,3]
194,[3,3]
195,[2,3]
196,[1,3]
197,[1,2]
198,[1,1]
199,[2,1]
200,[3,1]
201,[4,1]
202,[5,1]
203,[5,2]
204,[6,2]
205,[7,2]
206,[8,2]
207,[9,2]
208,[10,2]
209,[11,2]
210,[12,2]
211,[12,3]
212,[12,4]
213,[12,5]
214,[12,6]
215,[11,6]
216,[11,5]
217,[11,4]
218,[11,5]
219,[11,6]
220,[12,6]
221,[11,6]
222,[11,5]
223,[11,4]
