//Quantitative values
136	//Makespan
136	//Mission completion time hauler 1
2	//Application execution time (in millisecond)
//Path to the final points
0,[3,12]
1,[2,12]
2,[1,12]
3,[1,11]
4,[1,10]
5,[1,9]
6,[1,10]
7,[1,11]
8,[1,12]
9,[2,12]
10,[3,12]
11,[4,12]
12,[5,12]
13,[6,12]
14,[7,12]
15,[6,12]
16,[5,12]
17,[4,12]
18,[3,12]
19,[2,12]
20,[1,12]
21,[1,11]
22,[1,10]
23,[1,9]
24,[1,10]
25,[1,11]
26,[1,12]
27,[2,12]
28,[3,12]
29,[4,12]
30,[5,12]
31,[6,12]
32,[7,12]
33,[6,12]
34,[5,12]
35,[4,12]
36,[3,12]
37,[2,12]
38,[1,12]
39,[1,11]
40,[1,10]
41,[1,9]
42,[2,9]
43,[3,9]
44,[2,9]
45,[1,9]
46,[1,10]
47,[1,11]
48,[1,12]
49,[2,12]
50,[3,12]
51,[4,12]
52,[5,12]
53,[6,12]
54,[7,12]
55,[6,12]
56,[5,12]
57,[4,12]
58,[3,12]
59,[2,12]
60,[1,12]
61,[1,11]
62,[1,10]
63,[1,9]
64,[2,9]
65,[3,9]
66,[3,8]
67,[3,7]
68,[3,6]
69,[3,5]
70,[3,6]
71,[3,7]
72,[3,8]
73,[3,9]
74,[2,9]
75,[1,9]
76,[1,10]
77,[1,11]
78,[1,12]
79,[2,12]
80,[3,12]
81,[4,12]
82,[5,12]
83,[6,12]
84,[7,12]
85,[6,12]
86,[5,12]
87,[4,12]
88,[3,12]
89,[2,12]
90,[1,12]
91,[1,11]
92,[1,10]
93,[1,9]
94,[2,9]
95,[3,9]
96,[3,8]
97,[3,7]
98,[3,6]
99,[3,5]
100,[3,6]
101,[3,7]
102,[3,8]
103,[3,9]
104,[2,9]
105,[1,9]
106,[1,10]
107,[1,11]
108,[1,12]
109,[2,12]
110,[3,12]
111,[4,12]
112,[5,12]
113,[6,12]
114,[7,12]
115,[6,12]
116,[5,12]
117,[4,12]
118,[3,12]
119,[2,12]
120,[1,12]
121,[1,11]
122,[1,10]
123,[1,9]
124,[2,9]
125,[3,9]
126,[2,9]
127,[1,9]
128,[1,10]
129,[1,11]
130,[1,12]
131,[2,12]
132,[3,12]
133,[4,12]
134,[5,12]
135,[6,12]
136,[7,12]
