//Quantitative values
265	//Makespan
266	//Mission completion time hauler 1
1	//Application execution time (in millisecond)
//Path to the final points
0,[5,9]
1,[5,8]
2,[5,7]
3,[5,6]
4,[5,5]
5,[5,4]
6,[5,3]
7,[5,2]
8,[5,1]
9,[4,1]
10,[5,1]
11,[5,2]
12,[5,3]
13,[5,4]
14,[6,4]
15,[7,4]
16,[7,5]
17,[7,6]
18,[7,7]
19,[7,8]
20,[7,9]
21,[7,10]
22,[8,10]
23,[9,10]
24,[9,11]
25,[10,11]
26,[11,11]
27,[12,11]
28,[11,11]
29,[10,11]
30,[9,11]
31,[9,10]
32,[8,10]
33,[7,10]
34,[7,9]
35,[7,8]
36,[7,7]
37,[7,6]
38,[7,5]
39,[7,4]
40,[6,4]
41,[5,4]
42,[5,3]
43,[5,2]
44,[5,1]
45,[4,1]
46,[4,1]
47,[4,1]
48,[4,1]
49,[4,1]
50,[4,1]
51,[3,1]
52,[2,1]
53,[1,1]
54,[1,2]
55,[1,3]
56,[1,4]
57,[1,5]
58,[1,6]
59,[1,7]
60,[1,8]
61,[1,9]
62,[1,10]
63,[1,11]
64,[1,12]
65,[2,12]
66,[3,12]
67,[2,12]
68,[1,12]
69,[1,11]
70,[1,10]
71,[1,9]
72,[1,8]
73,[1,7]
74,[1,6]
75,[1,5]
76,[1,4]
77,[1,3]
78,[1,2]
79,[1,1]
80,[2,1]
81,[3,1]
82,[4,1]
83,[4,1]
84,[4,1]
85,[4,1]
86,[4,1]
87,[4,1]
88,[5,1]
89,[5,2]
90,[5,3]
91,[5,2]
92,[5,1]
93,[4,1]
94,[3,1]
95,[2,1]
96,[1,1]
97,[1,2]
98,[1,3]
99,[1,4]
100,[1,5]
101,[1,6]
102,[1,7]
103,[1,8]
104,[1,9]
105,[1,10]
106,[1,11]
107,[1,12]
108,[2,12]
109,[3,12]
110,[2,12]
111,[1,12]
112,[1,11]
113,[1,10]
114,[1,9]
115,[1,8]
116,[1,7]
117,[1,6]
118,[1,5]
119,[1,4]
120,[1,3]
121,[1,2]
122,[1,1]
123,[2,1]
124,[3,1]
125,[4,1]
126,[4,1]
127,[4,1]
128,[4,1]
129,[4,1]
130,[4,1]
131,[5,1]
132,[5,2]
133,[5,3]
134,[5,4]
135,[6,4]
136,[7,4]
137,[7,5]
138,[7,6]
139,[7,7]
140,[7,8]
141,[7,9]
142,[7,10]
143,[8,10]
144,[9,10]
145,[9,11]
146,[10,11]
147,[11,11]
148,[12,11]
149,[11,11]
150,[10,11]
151,[9,11]
152,[9,10]
153,[8,10]
154,[7,10]
155,[7,9]
156,[7,8]
157,[7,7]
158,[7,6]
159,[7,5]
160,[7,4]
161,[6,4]
162,[5,4]
163,[5,3]
164,[5,2]
165,[5,1]
166,[4,1]
167,[4,1]
168,[4,1]
169,[4,1]
170,[4,1]
171,[4,1]
172,[3,1]
173,[2,1]
174,[1,1]
175,[1,2]
176,[1,3]
177,[1,4]
178,[1,5]
179,[1,6]
180,[1,7]
181,[1,8]
182,[1,9]
183,[1,10]
184,[1,11]
185,[1,12]
186,[2,12]
187,[3,12]
188,[2,12]
189,[1,12]
190,[1,11]
191,[1,10]
192,[1,9]
193,[1,8]
194,[1,7]
195,[1,6]
196,[1,5]
197,[1,4]
198,[1,3]
199,[1,2]
200,[1,1]
201,[2,1]
202,[3,1]
203,[4,1]
204,[4,1]
205,[4,1]
206,[4,1]
207,[4,1]
208,[4,1]
209,[5,1]
210,[5,2]
211,[5,3]
212,[5,4]
213,[6,4]
214,[7,4]
215,[7,5]
216,[7,6]
217,[7,7]
218,[7,8]
219,[7,9]
220,[7,10]
221,[8,10]
222,[9,10]
223,[9,11]
224,[10,11]
225,[11,11]
226,[12,11]
227,[11,11]
228,[10,11]
229,[9,11]
230,[9,10]
231,[8,10]
232,[7,10]
233,[7,9]
234,[7,8]
235,[7,7]
236,[7,6]
237,[7,5]
238,[7,4]
239,[6,4]
240,[5,4]
241,[5,3]
242,[5,2]
243,[5,1]
244,[4,1]
245,[4,1]
246,[4,1]
247,[4,1]
248,[4,1]
249,[4,1]
250,[3,1]
251,[2,1]
252,[1,1]
253,[1,2]
254,[1,3]
255,[1,4]
256,[1,5]
257,[1,6]
258,[1,7]
259,[1,8]
260,[1,9]
261,[1,10]
262,[1,11]
263,[1,12]
264,[2,12]
265,[3,12]
