//Quantitative values
210	//Makespan
211	//Mission completion time hauler 1
1	//Application execution time (in millisecond)
//Path to the final points
0,[2,8]
1,[2,9]
2,[2,10]
3,[2,11]
4,[2,12]
5,[3,12]
6,[4,12]
7,[5,12]
8,[6,12]
9,[7,12]
10,[8,12]
11,[9,12]
12,[9,11]
13,[10,11]
14,[10,10]
15,[10,9]
16,[11,9]
17,[12,9]
18,[12,9]
19,[12,9]
20,[12,9]
21,[12,9]
22,[12,9]
23,[11,9]
24,[10,9]
25,[9,9]
26,[8,9]
27,[7,9]
28,[7,8]
29,[7,7]
30,[7,6]
31,[7,5]
32,[7,4]
33,[6,4]
34,[6,3]
35,[5,3]
36,[5,2]
37,[5,1]
38,[4,1]
39,[3,1]
40,[2,1]
41,[1,1]
42,[1,2]
43,[1,3]
44,[2,3]
45,[3,3]
46,[2,3]
47,[1,3]
48,[1,2]
49,[1,1]
50,[2,1]
51,[3,1]
52,[4,1]
53,[5,1]
54,[5,2]
55,[5,3]
56,[6,3]
57,[6,4]
58,[7,4]
59,[7,5]
60,[7,6]
61,[7,7]
62,[7,8]
63,[7,9]
64,[8,9]
65,[9,9]
66,[10,9]
67,[11,9]
68,[12,9]
69,[12,9]
70,[12,9]
71,[12,9]
72,[12,9]
73,[12,9]
74,[11,9]
75,[10,9]
76,[9,9]
77,[8,9]
78,[7,9]
79,[7,8]
80,[7,7]
81,[7,6]
82,[7,5]
83,[7,4]
84,[6,4]
85,[6,3]
86,[5,3]
87,[5,2]
88,[5,1]
89,[4,1]
90,[5,1]
91,[5,2]
92,[5,3]
93,[6,3]
94,[6,4]
95,[7,4]
96,[7,5]
97,[7,6]
98,[7,7]
99,[7,8]
100,[7,9]
101,[8,9]
102,[9,9]
103,[10,9]
104,[11,9]
105,[12,9]
106,[12,9]
107,[12,9]
108,[12,9]
109,[12,9]
110,[12,9]
111,[12,8]
112,[12,7]
113,[11,7]
114,[11,6]
115,[11,5]
116,[11,4]
117,[11,5]
118,[11,6]
119,[11,7]
120,[12,7]
121,[12,8]
122,[12,9]
123,[11,9]
124,[10,9]
125,[9,9]
126,[8,9]
127,[7,9]
128,[7,8]
129,[7,7]
130,[7,6]
131,[7,5]
132,[7,4]
133,[6,4]
134,[6,3]
135,[5,3]
136,[5,2]
137,[5,1]
138,[4,1]
139,[5,1]
140,[5,2]
141,[5,3]
142,[6,3]
143,[6,4]
144,[7,4]
145,[7,5]
146,[7,6]
147,[7,7]
148,[7,8]
149,[7,9]
150,[8,9]
151,[9,9]
152,[10,9]
153,[11,9]
154,[12,9]
155,[12,9]
156,[12,9]
157,[12,9]
158,[12,9]
159,[12,9]
160,[12,8]
161,[12,7]
162,[11,7]
163,[11,6]
164,[11,5]
165,[11,4]
166,[11,5]
167,[11,6]
168,[11,7]
169,[12,7]
170,[12,8]
171,[12,9]
172,[12,8]
173,[12,7]
174,[12,6]
175,[12,7]
176,[12,8]
177,[12,9]
178,[12,9]
179,[12,9]
180,[12,9]
181,[12,9]
182,[12,9]
183,[12,8]
184,[12,7]
185,[11,7]
186,[11,6]
187,[11,5]
188,[11,4]
189,[11,5]
190,[11,6]
191,[11,7]
192,[12,7]
193,[12,8]
194,[12,9]
195,[11,9]
196,[10,9]
197,[9,9]
198,[8,9]
199,[7,9]
200,[7,8]
201,[7,7]
202,[7,6]
203,[7,5]
204,[7,4]
205,[6,4]
206,[6,3]
207,[5,3]
208,[5,2]
209,[5,1]
210,[4,1]
