//Quantitative values
255	//Makespan
256	//Mission completion time hauler 1
1	//Application execution time (in millisecond)
//Path to the final points
0,[1,5]
1,[1,4]
2,[1,3]
3,[1,2]
4,[1,1]
5,[2,1]
6,[3,1]
7,[4,1]
8,[5,1]
9,[5,2]
10,[6,2]
11,[7,2]
12,[8,2]
13,[9,2]
14,[10,2]
15,[11,2]
16,[12,2]
17,[12,3]
18,[12,4]
19,[11,4]
20,[11,5]
21,[11,6]
22,[11,6]
23,[11,6]
24,[11,6]
25,[11,6]
26,[11,6]
27,[11,5]
28,[11,4]
29,[12,4]
30,[12,3]
31,[12,2]
32,[11,2]
33,[10,2]
34,[9,2]
35,[8,2]
36,[7,2]
37,[6,2]
38,[5,2]
39,[5,1]
40,[4,1]
41,[3,1]
42,[2,1]
43,[1,1]
44,[1,2]
45,[1,3]
46,[1,4]
47,[1,3]
48,[1,2]
49,[1,1]
50,[2,1]
51,[3,1]
52,[4,1]
53,[5,1]
54,[5,2]
55,[6,2]
56,[7,2]
57,[8,2]
58,[9,2]
59,[10,2]
60,[11,2]
61,[12,2]
62,[12,3]
63,[12,4]
64,[11,4]
65,[11,5]
66,[11,6]
67,[11,6]
68,[11,6]
69,[11,6]
70,[11,6]
71,[11,6]
72,[11,5]
73,[11,4]
74,[12,4]
75,[12,3]
76,[12,2]
77,[11,2]
78,[10,2]
79,[11,2]
80,[12,2]
81,[12,3]
82,[12,4]
83,[11,4]
84,[11,5]
85,[11,6]
86,[11,5]
87,[11,4]
88,[12,4]
89,[12,3]
90,[12,2]
91,[11,2]
92,[10,2]
93,[9,2]
94,[8,2]
95,[7,2]
96,[6,2]
97,[5,2]
98,[5,1]
99,[4,1]
100,[3,1]
101,[2,1]
102,[1,1]
103,[1,2]
104,[1,3]
105,[1,4]
106,[1,3]
107,[1,2]
108,[1,1]
109,[2,1]
110,[3,1]
111,[4,1]
112,[5,1]
113,[5,2]
114,[6,2]
115,[7,2]
116,[8,2]
117,[9,2]
118,[10,2]
119,[11,2]
120,[12,2]
121,[12,3]
122,[12,4]
123,[11,4]
124,[11,5]
125,[11,6]
126,[11,6]
127,[11,6]
128,[11,6]
129,[11,6]
130,[11,6]
131,[11,5]
132,[11,4]
133,[12,4]
134,[12,3]
135,[12,2]
136,[11,2]
137,[10,2]
138,[11,2]
139,[12,2]
140,[12,3]
141,[12,4]
142,[11,4]
143,[11,5]
144,[11,6]
145,[11,5]
146,[11,4]
147,[12,4]
148,[12,3]
149,[12,2]
150,[11,2]
151,[10,2]
152,[9,2]
153,[8,2]
154,[7,2]
155,[6,2]
156,[5,2]
157,[5,1]
158,[4,1]
159,[3,1]
160,[2,1]
161,[1,1]
162,[1,2]
163,[1,3]
164,[1,4]
165,[1,3]
166,[1,2]
167,[1,1]
168,[2,1]
169,[3,1]
170,[4,1]
171,[5,1]
172,[5,2]
173,[6,2]
174,[7,2]
175,[8,2]
176,[9,2]
177,[10,2]
178,[11,2]
179,[12,2]
180,[12,3]
181,[12,4]
182,[11,4]
183,[11,5]
184,[11,6]
185,[11,6]
186,[11,6]
187,[11,6]
188,[11,6]
189,[11,6]
190,[11,5]
191,[11,4]
192,[12,4]
193,[12,3]
194,[12,2]
195,[11,2]
196,[10,2]
197,[11,2]
198,[12,2]
199,[12,3]
200,[12,4]
201,[11,4]
202,[11,5]
203,[11,6]
204,[11,5]
205,[11,4]
206,[12,4]
207,[12,3]
208,[12,2]
209,[11,2]
210,[10,2]
211,[9,2]
212,[8,2]
213,[7,2]
214,[6,2]
215,[5,2]
216,[5,1]
217,[4,1]
218,[3,1]
219,[2,1]
220,[1,1]
221,[1,2]
222,[1,3]
223,[1,4]
224,[1,3]
225,[1,2]
226,[1,1]
227,[2,1]
228,[3,1]
229,[4,1]
230,[5,1]
231,[5,2]
232,[6,2]
233,[7,2]
234,[8,2]
235,[9,2]
236,[10,2]
237,[11,2]
238,[12,2]
239,[12,3]
240,[12,4]
241,[11,4]
242,[11,5]
243,[11,6]
244,[11,6]
245,[11,6]
246,[11,6]
247,[11,6]
248,[11,6]
249,[11,7]
250,[12,7]
251,[12,8]
252,[12,9]
253,[12,10]
254,[12,11]
255,[12,12]
