//Quantitative values
217	//Makespan
218	//Mission completion time hauler 1
1	//Application execution time (in millisecond)
//Path to the final points
0,[2,7]
1,[2,8]
2,[2,9]
3,[2,10]
4,[2,11]
5,[2,12]
6,[3,12]
7,[4,12]
8,[5,12]
9,[6,12]
10,[7,12]
11,[8,12]
12,[9,12]
13,[10,12]
14,[11,12]
15,[11,12]
16,[11,12]
17,[11,12]
18,[11,12]
19,[11,12]
20,[10,12]
21,[9,12]
22,[9,11]
23,[9,10]
24,[8,10]
25,[7,10]
26,[7,9]
27,[7,8]
28,[7,7]
29,[7,6]
30,[7,5]
31,[7,4]
32,[7,3]
33,[7,2]
34,[7,3]
35,[7,4]
36,[7,5]
37,[7,6]
38,[7,7]
39,[7,8]
40,[7,9]
41,[7,10]
42,[8,10]
43,[9,10]
44,[9,11]
45,[9,12]
46,[10,12]
47,[11,12]
48,[11,12]
49,[11,12]
50,[11,12]
51,[11,12]
52,[11,12]
53,[10,12]
54,[9,12]
55,[9,11]
56,[9,10]
57,[8,10]
58,[7,10]
59,[7,9]
60,[7,8]
61,[7,9]
62,[7,10]
63,[8,10]
64,[9,10]
65,[9,11]
66,[9,12]
67,[10,12]
68,[11,12]
69,[10,12]
70,[9,12]
71,[9,11]
72,[9,10]
73,[8,10]
74,[7,10]
75,[7,9]
76,[7,8]
77,[7,7]
78,[7,6]
79,[7,5]
80,[7,4]
81,[7,3]
82,[7,2]
83,[7,3]
84,[7,4]
85,[7,5]
86,[7,6]
87,[7,7]
88,[7,8]
89,[7,9]
90,[7,10]
91,[8,10]
92,[9,10]
93,[9,11]
94,[9,12]
95,[10,12]
96,[11,12]
97,[11,12]
98,[11,12]
99,[11,12]
100,[11,12]
101,[11,12]
102,[10,12]
103,[9,12]
104,[8,12]
105,[7,12]
106,[6,12]
107,[5,12]
108,[4,12]
109,[3,12]
110,[2,12]
111,[1,12]
112,[2,12]
113,[3,12]
114,[4,12]
115,[5,12]
116,[6,12]
117,[7,12]
118,[8,12]
119,[9,12]
120,[10,12]
121,[11,12]
122,[10,12]
123,[9,12]
124,[8,12]
125,[7,12]
126,[6,12]
127,[5,12]
128,[4,12]
129,[3,12]
130,[3,11]
131,[3,10]
132,[3,9]
133,[3,8]
134,[4,8]
135,[5,8]
136,[4,8]
137,[3,8]
138,[3,9]
139,[3,10]
140,[3,11]
141,[3,12]
142,[4,12]
143,[5,12]
144,[6,12]
145,[7,12]
146,[8,12]
147,[9,12]
148,[10,12]
149,[11,12]
150,[11,12]
151,[11,12]
152,[11,12]
153,[11,12]
154,[11,12]
155,[10,12]
156,[9,12]
157,[8,12]
158,[7,12]
159,[6,12]
160,[5,12]
161,[4,12]
162,[3,12]
163,[2,12]
164,[1,12]
165,[2,12]
166,[3,12]
167,[4,12]
168,[5,12]
169,[6,12]
170,[7,12]
171,[8,12]
172,[9,12]
173,[10,12]
174,[11,12]
175,[10,12]
176,[9,12]
177,[9,11]
178,[9,10]
179,[8,10]
180,[7,10]
181,[7,9]
182,[7,8]
183,[7,7]
184,[7,6]
185,[7,5]
186,[7,4]
187,[7,3]
188,[7,2]
189,[7,3]
190,[7,4]
191,[7,5]
192,[7,6]
193,[7,7]
194,[7,8]
195,[7,9]
196,[7,10]
197,[8,10]
198,[9,10]
199,[9,11]
200,[9,12]
201,[10,12]
202,[11,12]
203,[11,12]
204,[11,12]
205,[11,12]
206,[11,12]
207,[11,12]
208,[10,12]
209,[9,12]
210,[8,12]
211,[7,12]
212,[6,12]
213,[5,12]
214,[4,12]
215,[3,12]
216,[2,12]
217,[1,12]
