//Quantitative values
137	//Makespan
138	//Mission completion time hauler 1
2	//Application execution time (in millisecond)
//Path to the final points
0,[3,12]
1,[2,12]
2,[1,12]
3,[1,11]
4,[1,10]
5,[1,9]
6,[2,9]
7,[3,9]
8,[4,9]
9,[4,10]
10,[5,10]
11,[5,10]
12,[5,10]
13,[5,10]
14,[5,10]
15,[5,10]
16,[4,10]
17,[4,9]
18,[3,9]
19,[2,9]
20,[1,9]
21,[2,9]
22,[3,9]
23,[4,9]
24,[4,10]
25,[5,10]
26,[4,10]
27,[4,9]
28,[3,9]
29,[2,9]
30,[1,9]
31,[1,10]
32,[1,11]
33,[1,12]
34,[2,12]
35,[3,12]
36,[4,12]
37,[3,12]
38,[2,12]
39,[1,12]
40,[1,11]
41,[1,10]
42,[1,9]
43,[2,9]
44,[3,9]
45,[4,9]
46,[4,10]
47,[5,10]
48,[5,10]
49,[5,10]
50,[5,10]
51,[5,10]
52,[5,10]
53,[4,10]
54,[4,9]
55,[3,9]
56,[4,9]
57,[4,10]
58,[5,10]
59,[4,10]
60,[4,9]
61,[3,9]
62,[2,9]
63,[1,9]
64,[1,10]
65,[1,11]
66,[1,12]
67,[2,12]
68,[3,12]
69,[4,12]
70,[5,12]
71,[6,12]
72,[7,12]
73,[6,12]
74,[5,12]
75,[4,12]
76,[3,12]
77,[2,12]
78,[1,12]
79,[1,11]
80,[1,10]
81,[1,9]
82,[2,9]
83,[3,9]
84,[4,9]
85,[4,10]
86,[5,10]
87,[5,10]
88,[5,10]
89,[5,10]
90,[5,10]
91,[5,10]
92,[4,10]
93,[4,9]
94,[3,9]
95,[2,9]
96,[1,9]
97,[2,9]
98,[3,9]
99,[4,9]
100,[4,10]
101,[5,10]
102,[4,10]
103,[4,9]
104,[3,9]
105,[3,8]
106,[3,7]
107,[3,6]
108,[3,5]
109,[3,6]
110,[3,7]
111,[3,8]
112,[3,9]
113,[4,9]
114,[4,10]
115,[5,10]
116,[5,10]
117,[5,10]
118,[5,10]
119,[5,10]
120,[5,10]
121,[4,10]
122,[4,9]
123,[3,9]
124,[2,9]
125,[1,9]
126,[2,9]
127,[3,9]
128,[4,9]
129,[4,10]
130,[5,10]
131,[4,10]
132,[4,9]
133,[3,9]
134,[3,8]
135,[3,7]
136,[3,6]
137,[3,5]
