//Quantitative values
107	//Makespan
107	//Mission completion time hauler 1
1	//Application execution time (in millisecond)
//Path to the final points
0,[7,3]
1,[6,3]
2,[5,3]
3,[4,3]
4,[4,4]
5,[4,5]
6,[4,6]
7,[4,7]
8,[4,8]
9,[4,9]
10,[3,9]
11,[3,10]
12,[3,11]
13,[3,12]
14,[3,11]
15,[3,10]
16,[3,9]
17,[4,9]
18,[4,8]
19,[4,7]
20,[4,6]
21,[4,5]
22,[4,4]
23,[5,4]
24,[6,4]
25,[5,4]
26,[4,4]
27,[4,5]
28,[4,6]
29,[4,7]
30,[4,8]
31,[4,9]
32,[3,9]
33,[3,10]
34,[3,11]
35,[3,12]
36,[4,12]
37,[3,12]
38,[4,12]
39,[4,11]
40,[4,10]
41,[4,9]
42,[5,9]
43,[6,9]
44,[7,9]
45,[8,9]
46,[9,9]
47,[10,9]
48,[9,9]
49,[8,9]
50,[7,9]
51,[6,9]
52,[5,9]
53,[4,9]
54,[3,9]
55,[2,9]
56,[2,8]
57,[2,7]
58,[2,6]
59,[2,5]
60,[2,6]
61,[2,7]
62,[2,8]
63,[2,9]
64,[3,9]
65,[4,9]
66,[5,9]
67,[6,9]
68,[7,9]
69,[8,9]
70,[9,9]
71,[10,9]
72,[9,9]
73,[8,9]
74,[7,9]
75,[7,8]
76,[7,7]
77,[6,7]
78,[6,6]
79,[6,5]
80,[6,4]
81,[6,5]
82,[6,6]
83,[6,7]
84,[7,7]
85,[7,8]
86,[7,9]
87,[8,9]
88,[9,9]
89,[10,9]
90,[9,9]
91,[8,9]
92,[7,9]
93,[6,9]
94,[5,9]
95,[4,9]
96,[4,10]
97,[4,11]
98,[4,12]
99,[3,12]
100,[2,12]
101,[2,11]
102,[2,10]
103,[2,9]
104,[2,8]
105,[2,7]
106,[2,6]
107,[2,5]
