//Quantitative values
162	//Makespan
162	//Mission completion time hauler 1
2	//Application execution time (in millisecond)
//Path to the final points
0,[2,1]
1,[2,2]
2,[2,3]
3,[2,4]
4,[2,5]
5,[2,6]
6,[2,7]
7,[2,8]
8,[2,9]
9,[2,10]
10,[2,11]
11,[2,12]
12,[3,12]
13,[4,12]
14,[5,12]
15,[6,12]
16,[7,12]
17,[8,12]
18,[9,12]
19,[10,12]
20,[9,12]
21,[8,12]
22,[7,12]
23,[6,12]
24,[5,12]
25,[5,11]
26,[5,10]
27,[5,9]
28,[5,8]
29,[5,7]
30,[5,6]
31,[5,5]
32,[6,5]
33,[6,4]
34,[6,3]
35,[7,3]
36,[8,3]
37,[9,3]
38,[10,3]
39,[10,2]
40,[10,1]
41,[9,1]
42,[10,1]
43,[10,2]
44,[10,3]
45,[9,3]
46,[8,3]
47,[7,3]
48,[6,3]
49,[5,3]
50,[4,3]
51,[3,3]
52,[2,3]
53,[2,4]
54,[2,5]
55,[2,6]
56,[2,7]
57,[2,8]
58,[2,9]
59,[2,10]
60,[2,11]
61,[2,12]
62,[3,12]
63,[4,12]
64,[5,12]
65,[6,12]
66,[7,12]
67,[8,12]
68,[9,12]
69,[10,12]
70,[9,12]
71,[8,12]
72,[7,12]
73,[6,12]
74,[5,12]
75,[5,11]
76,[5,10]
77,[5,9]
78,[5,8]
79,[5,7]
80,[5,6]
81,[5,5]
82,[6,5]
83,[6,4]
84,[6,3]
85,[7,3]
86,[8,3]
87,[9,3]
88,[10,3]
89,[10,2]
90,[10,1]
91,[9,1]
92,[10,1]
93,[10,2]
94,[10,3]
95,[9,3]
96,[8,3]
97,[7,3]
98,[6,3]
99,[5,3]
100,[4,3]
101,[3,3]
102,[2,3]
103,[2,4]
104,[2,5]
105,[2,4]
106,[2,3]
107,[3,3]
108,[4,3]
109,[5,3]
110,[6,3]
111,[7,3]
112,[8,3]
113,[9,3]
114,[10,3]
115,[10,2]
116,[10,1]
117,[9,1]
118,[10,1]
119,[10,2]
120,[10,3]
121,[9,3]
122,[8,3]
123,[7,3]
124,[6,3]
125,[6,4]
126,[6,5]
127,[5,5]
128,[5,6]
129,[5,7]
130,[5,8]
131,[5,7]
132,[5,6]
133,[5,5]
134,[6,5]
135,[6,4]
136,[6,3]
137,[7,3]
138,[8,3]
139,[9,3]
140,[10,3]
141,[10,2]
142,[10,1]
143,[9,1]
144,[10,1]
145,[10,2]
146,[10,3]
147,[9,3]
148,[8,3]
149,[7,3]
150,[6,3]
151,[6,4]
152,[6,5]
153,[5,5]
154,[5,6]
155,[5,7]
156,[5,8]
157,[4,8]
158,[3,8]
159,[2,8]
160,[2,7]
161,[2,6]
162,[2,5]
