//Quantitative values
67	//Makespan
67	//Mission completion time hauler 1
2	//Application execution time (in millisecond)
//Path to the final points
0,[8,5]
1,[7,5]
2,[7,6]
3,[7,7]
4,[7,8]
5,[6,8]
6,[5,8]
7,[4,8]
8,[3,8]
9,[3,7]
10,[3,6]
11,[3,5]
12,[3,4]
13,[2,4]
14,[1,4]
15,[1,5]
16,[1,6]
17,[1,7]
18,[1,8]
19,[2,8]
20,[3,8]
21,[4,8]
22,[5,8]
23,[6,8]
24,[7,8]
25,[6,8]
26,[5,8]
27,[4,8]
28,[3,8]
29,[3,7]
30,[3,6]
31,[3,5]
32,[3,4]
33,[3,5]
34,[3,6]
35,[3,7]
36,[3,8]
37,[4,8]
38,[5,8]
39,[6,8]
40,[7,8]
41,[6,8]
42,[5,8]
43,[4,8]
44,[3,8]
45,[2,8]
46,[1,8]
47,[1,7]
48,[1,6]
49,[1,5]
50,[1,6]
51,[1,7]
52,[1,8]
53,[2,8]
54,[3,8]
55,[4,8]
56,[5,8]
57,[6,8]
58,[7,8]
59,[6,8]
60,[5,8]
61,[4,8]
62,[3,8]
63,[3,7]
64,[3,6]
65,[3,5]
66,[3,4]
67,[3,3]
