//Quantitative values
144	//Makespan
143	//Mission completion time hauler 1
144	//Mission completion time hauler 2
2	//Application execution time (in millisecond)
//Path to the final points
0,[1,2],[3,4]
1,[2,2],[3,5]
2,[3,2],[4,5]
3,[4,2],[5,5]
4,[5,2],[6,5]
5,[6,2],[6,6]
6,[7,2],[6,7]
7,[8,2],[6,8]
8,[7,2],[6,9]
9,[6,2],[6,10]
10,[5,2],[6,11]
11,[4,2],[6,12]
12,[3,2],[7,12]
13,[3,3],[8,12]
14,[3,4],[9,12]
15,[3,5],[10,12]
16,[3,6],[9,12]
17,[3,7],[8,12]
18,[3,6],[7,12]
19,[3,5],[6,12]
20,[3,4],[5,12]
21,[3,3],[4,12]
22,[3,2],[3,12]
23,[4,2],[3,11]
24,[5,2],[3,10]
25,[6,2],[3,9]
26,[7,2],[3,8]
27,[8,2],[3,7]
28,[7,2],[3,6]
29,[6,2],[3,5]
30,[5,2],[3,4]
31,[4,2],[3,3]
32,[3,2],[3,3]
33,[3,3],[3,2]
34,[3,4],[3,3]
35,[3,5],[3,4]
36,[3,6],[3,5]
37,[3,7],[3,6]
38,[3,8],[3,7]
39,[3,9],[3,8]
40,[3,10],[3,9]
41,[3,11],[3,10]
42,[3,12],[3,11]
43,[4,12],[3,12]
44,[5,12],[4,12]
45,[6,12],[5,12]
46,[7,12],[6,12]
47,[8,12],[7,12]
48,[9,12],[8,12]
49,[10,12],[9,12]
50,[9,12],[10,12]
51,[8,12],[9,12]
52,[7,12],[8,12]
53,[6,12],[7,12]
54,[6,11],[6,12]
55,[6,10],[5,12]
56,[6,9],[4,12]
57,[6,8],[3,12]
58,[6,7],[3,11]
59,[6,6],[3,10]
60,[6,5],[3,9]
61,[6,4],[3,8]
62,[7,4],[3,7]
63,[7,3],[3,8]
64,[7,2],[3,9]
65,[8,2],[3,10]
66,[7,2],[3,11]
67,[6,2],[3,12]
68,[5,2],[4,12]
69,[4,2],[5,12]
70,[3,2],[6,12]
71,[3,3],[7,12]
72,[3,4],[8,12]
73,[3,5],[9,12]
74,[3,6],[10,12]
75,[3,7],[9,12]
76,[3,8],[8,12]
77,[3,9],[8,11]
78,[3,10],[8,10]
79,[3,11],[8,9]
80,[3,12],[8,8]
81,[4,12],[8,7]
82,[5,12],[8,6]
83,[6,12],[8,5]
84,[7,12],[8,4]
85,[8,12],[7,4]
86,[9,12],[6,4]
87,[10,12],[5,4]
88,[9,12],[4,4]
89,[8,12],[3,4]
90,[7,12],[3,5]
91,[6,12],[3,6]
92,[5,12],[3,7]
93,[4,12],[3,8]
94,[3,12],[3,7]
95,[3,11],[3,6]
96,[3,10],[3,5]
97,[3,9],[3,4]
98,[3,8],[4,4]
99,[3,7],[5,4]
100,[3,8],[6,4]
101,[3,9],[7,4]
102,[3,10],[8,4]
103,[3,11],[8,5]
104,[3,12],[8,6]
105,[4,12],[8,7]
106,[5,12],[8,8]
107,[6,12],[8,9]
108,[7,12],[8,10]
109,[8,12],[8,11]
110,[9,12],[8,12]
111,[10,12],[9,12]
112,[9,12],[10,12]
113,[8,12],[9,12]
114,[8,11],[8,12]
115,[8,10],[8,11]
116,[8,9],[8,10]
117,[8,8],[8,9]
118,[8,7],[8,8]
119,[8,6],[8,7]
120,[8,5],[8,6]
121,[8,4],[8,5]
122,[8,5],[8,4]
123,[8,6],[7,4]
124,[8,7],[6,4]
125,[8,8],[5,4]
126,[8,9],[4,4]
127,[8,10],[3,4]
128,[8,11],[3,5]
129,[8,12],[3,6]
130,[9,12],[3,7]
131,[10,12],[3,8]
132,[9,12],[3,7]
133,[8,12],[3,6]
134,[7,12],[3,5]
135,[6,12],[3,4]
136,[5,12],[3,3]
137,[4,12],[3,2]
138,[3,12],[3,3]
139,[3,11],[3,4]
140,[3,10],[3,5]
141,[3,9],[3,6]
142,[3,8],[3,7]
143,[3,7],[3,8]
144,[3,7],[3,8]
