//Quantitative values
144	//Makespan
144	//Mission completion time hauler 1
120	//Mission completion time hauler 2
2	//Application execution time (in millisecond)
//Path to the final points
0,[9,7],[9,10]
1,[8,7],[8,10]
2,[7,7],[7,10]
3,[6,7],[6,10]
4,[5,7],[5,10]
5,[4,7],[4,10]
6,[3,7],[4,9]
7,[2,7],[4,8]
8,[2,6],[4,7]
9,[2,7],[4,6]
10,[2,8],[4,5]
11,[2,9],[3,5]
12,[2,10],[3,4]
13,[2,11],[3,3]
14,[3,11],[3,4]
15,[4,11],[3,5]
16,[5,11],[4,5]
17,[6,11],[4,6]
18,[7,11],[4,7]
19,[8,11],[4,6]
20,[9,11],[4,5]
21,[10,11],[3,5]
22,[11,11],[3,4]
23,[12,11],[3,3]
24,[11,11],[3,2]
25,[10,11],[3,1]
26,[9,11],[4,1]
27,[8,11],[5,1]
28,[7,11],[6,1]
29,[6,11],[7,1]
30,[5,11],[7,2]
31,[4,11],[8,2]
32,[4,10],[8,3]
33,[4,9],[9,3]
34,[4,8],[10,3]
35,[4,7],[10,4]
36,[4,6],[10,5]
37,[4,5],[10,6]
38,[3,5],[10,7]
39,[3,4],[10,8]
40,[3,3],[10,9]
41,[2,3],[10,10]
42,[2,4],[10,11]
43,[2,5],[11,11]
44,[2,6],[12,11]
45,[2,5],[11,11]
46,[2,4],[10,11]
47,[2,3],[9,11]
48,[3,3],[8,11]
49,[2,3],[7,11]
50,[2,4],[6,11]
51,[2,5],[5,11]
52,[2,6],[4,11]
53,[2,7],[4,10]
54,[2,8],[4,9]
55,[2,9],[4,8]
56,[2,10],[4,7]
57,[2,11],[4,6]
58,[3,11],[4,5]
59,[4,11],[3,5]
60,[5,11],[3,4]
61,[6,11],[3,3]
62,[7,11],[3,4]
63,[8,11],[3,5]
64,[9,11],[4,5]
65,[10,11],[4,6]
66,[11,11],[4,7]
67,[12,11],[4,8]
68,[11,11],[4,9]
69,[10,11],[4,10]
70,[9,11],[4,11]
71,[8,11],[5,11]
72,[7,11],[6,11]
73,[6,11],[7,11]
74,[5,11],[8,11]
75,[4,11],[9,11]
76,[3,11],[10,11]
77,[2,11],[11,11]
78,[2,10],[12,11]
79,[2,9],[11,11]
80,[2,8],[10,11]
81,[2,7],[9,11]
82,[2,6],[8,11]
83,[2,7],[7,11]
84,[2,8],[6,11]
85,[2,9],[5,11]
86,[2,10],[5,12]
87,[2,11],[5,11]
88,[3,11],[6,11]
89,[4,11],[7,11]
90,[5,11],[8,11]
91,[6,11],[9,11]
92,[7,11],[10,11]
93,[8,11],[11,11]
94,[9,11],[12,11]
95,[10,11],[11,11]
96,[11,11],[10,11]
97,[12,11],[10,10]
98,[11,11],[10,9]
99,[10,11],[10,8]
100,[9,11],[10,7]
101,[8,11],[10,6]
102,[7,11],[10,5]
103,[6,11],[10,4]
104,[5,11],[10,3]
105,[4,11],[9,3]
106,[3,11],[8,3]
107,[2,11],[8,2]
108,[2,10],[7,2]
109,[2,9],[7,1]
110,[2,8],[6,1]
111,[2,7],[5,1]
112,[2,6],[4,1]
113,[2,7],[3,1]
114,[2,8],[3,2]
115,[2,9],[3,3]
116,[2,10],[3,4]
117,[2,11],[3,5]
118,[3,11],[4,5]
119,[4,11],[4,6]
120,[5,11],[4,7]
121,[6,11],[4,7]
122,[7,11],[4,7]
123,[8,11],[4,7]
124,[9,11],[4,7]
125,[10,11],[4,7]
126,[11,11],[4,7]
127,[12,11],[4,7]
128,[11,11],[4,7]
129,[10,11],[4,7]
130,[9,11],[4,7]
131,[8,11],[4,7]
132,[7,11],[4,7]
133,[6,11],[4,7]
134,[5,11],[4,7]
135,[4,11],[4,7]
136,[4,10],[4,7]
137,[4,9],[4,7]
138,[4,8],[4,7]
139,[4,7],[4,7]
140,[4,6],[4,7]
141,[4,5],[4,7]
142,[3,5],[4,7]
143,[3,4],[4,7]
144,[3,3],[4,7]
