//Quantitative values
27	//Makespan
28	//Mission completion time hauler 1
22	//Mission completion time hauler 2
1	//Application execution time (in millisecond)
//Path to the final points
0,[4 ,6],[5,9]
1,[3 ,6],[4,9]
2,[3 ,7],[3,9]
3,[3 ,8],[3,10]
4,[3 ,9],[4,10]
5,[3 ,10],[5,10]
6,[4 ,10],[6,10]
7,[5 ,10],[7,10]
8,[6 ,10],[8,10]
9,[7 ,10],[9,10]
10,[8 ,10],[10,10]
11,[9 ,10],[11,10]
12,[10 ,10],[12,10]
13,[11 ,10],[11,10]
14,[12 ,10],[10,10]
15,[11 ,10],[9,10]
16,[10 ,10],[8,10]
17,[9 ,10],[7,10]
18,[8 ,10],[6,10]
19,[7 ,10],[5,10]
20,[6 ,10],[4,10]
21,[5 ,10],[3,10]
22,[4 ,10],[3,10]
23,[3 ,10],[3,10]
24,[2 ,10],[3,10]
25,[2 ,9],[3,10]
26,[2 ,8],[3,10]
27,[1 ,8],[3,10]
