//Quantitative values
228	//Makespan
229	//Mission completion time hauler 1
1	//Application execution time (in millisecond)
//Path to the final points
0,[10,10]
1,[9,10]
2,[9,11]
3,[9,12]
4,[8,12]
5,[8,11]
6,[8,10]
7,[8,9]
8,[8,8]
9,[8,7]
10,[8,6]
11,[8,5]
12,[8,6]
13,[8,7]
14,[8,8]
15,[8,9]
16,[8,10]
17,[8,11]
18,[8,12]
19,[9,12]
20,[9,12]
21,[9,12]
22,[9,12]
23,[9,12]
24,[9,12]
25,[8,12]
26,[7,12]
27,[6,12]
28,[6,11]
29,[5,11]
30,[4,11]
31,[3,11]
32,[4,11]
33,[5,11]
34,[6,11]
35,[6,12]
36,[7,12]
37,[8,12]
38,[9,12]
39,[8,12]
40,[8,11]
41,[8,10]
42,[8,9]
43,[8,8]
44,[8,7]
45,[8,6]
46,[8,5]
47,[8,6]
48,[8,7]
49,[8,8]
50,[8,9]
51,[8,10]
52,[8,11]
53,[8,12]
54,[9,12]
55,[9,12]
56,[9,12]
57,[9,12]
58,[9,12]
59,[9,12]
60,[8,12]
61,[7,12]
62,[6,12]
63,[6,11]
64,[5,11]
65,[4,11]
66,[3,11]
67,[4,11]
68,[5,11]
69,[6,11]
70,[6,12]
71,[7,12]
72,[8,12]
73,[9,12]
74,[8,12]
75,[7,12]
76,[6,12]
77,[6,11]
78,[5,11]
79,[4,11]
80,[3,11]
81,[3,10]
82,[3,9]
83,[3,8]
84,[3,9]
85,[3,10]
86,[3,11]
87,[4,11]
88,[5,11]
89,[6,11]
90,[6,12]
91,[7,12]
92,[8,12]
93,[9,12]
94,[9,12]
95,[9,12]
96,[9,12]
97,[9,12]
98,[9,12]
99,[8,12]
100,[7,12]
101,[6,12]
102,[6,11]
103,[6,12]
104,[7,12]
105,[8,12]
106,[9,12]
107,[8,12]
108,[8,11]
109,[8,10]
110,[8,9]
111,[8,8]
112,[8,7]
113,[8,6]
114,[8,5]
115,[8,6]
116,[8,7]
117,[8,8]
118,[8,9]
119,[8,10]
120,[8,11]
121,[8,12]
122,[9,12]
123,[9,12]
124,[9,12]
125,[9,12]
126,[9,12]
127,[9,12]
128,[8,12]
129,[7,12]
130,[6,12]
131,[6,11]
132,[6,12]
133,[7,12]
134,[8,12]
135,[9,12]
136,[8,12]
137,[8,11]
138,[8,10]
139,[8,9]
140,[8,8]
141,[8,7]
142,[8,6]
143,[8,5]
144,[8,6]
145,[8,7]
146,[8,8]
147,[8,9]
148,[8,10]
149,[8,11]
150,[8,12]
151,[9,12]
152,[9,12]
153,[9,12]
154,[9,12]
155,[9,12]
156,[9,12]
157,[8,12]
158,[7,12]
159,[6,12]
160,[6,11]
161,[5,11]
162,[4,11]
163,[3,11]
164,[4,11]
165,[5,11]
166,[6,11]
167,[6,12]
168,[7,12]
169,[8,12]
170,[9,12]
171,[8,12]
172,[8,11]
173,[8,10]
174,[8,9]
175,[8,8]
176,[8,7]
177,[8,6]
178,[8,5]
179,[8,6]
180,[8,7]
181,[8,8]
182,[8,9]
183,[8,10]
184,[8,11]
185,[8,12]
186,[9,12]
187,[9,12]
188,[9,12]
189,[9,12]
190,[9,12]
191,[9,12]
192,[8,12]
193,[7,12]
194,[6,12]
195,[6,11]
196,[6,12]
197,[7,12]
198,[8,12]
199,[9,12]
200,[8,12]
201,[8,11]
202,[8,10]
203,[8,9]
204,[8,8]
205,[8,7]
206,[8,6]
207,[8,5]
208,[8,6]
209,[8,7]
210,[8,8]
211,[8,9]
212,[8,10]
213,[8,11]
214,[8,12]
215,[9,12]
216,[9,12]
217,[9,12]
218,[9,12]
219,[9,12]
220,[9,12]
221,[9,11]
222,[9,10]
223,[9,9]
224,[10,9]
225,[10,8]
226,[10,7]
227,[10,6]
228,[11,6]
