//Quantitative values
336	//Makespan
337	//Mission completion time hauler 1
2	//Application execution time (in millisecond)
//Path to the final points
0,[1,12]
1,[1,11]
2,[1,10]
3,[2,10]
4,[2,9]
5,[2,8]
6,[2,7]
7,[2,6]
8,[2,5]
9,[2,4]
10,[2,3]
11,[3,3]
12,[3,2]
13,[3,1]
14,[4,1]
15,[5,1]
16,[6,1]
17,[7,1]
18,[8,1]
19,[9,1]
20,[9,1]
21,[9,1]
22,[9,1]
23,[9,1]
24,[9,1]
25,[8,1]
26,[7,1]
27,[6,1]
28,[6,2]
29,[6,3]
30,[6,4]
31,[5,4]
32,[5,5]
33,[5,6]
34,[5,5]
35,[5,4]
36,[6,4]
37,[6,3]
38,[6,2]
39,[6,1]
40,[7,1]
41,[8,1]
42,[9,1]
43,[8,1]
44,[7,1]
45,[6,1]
46,[6,2]
47,[6,3]
48,[6,4]
49,[6,5]
50,[6,6]
51,[6,7]
52,[6,8]
53,[6,9]
54,[5,9]
55,[6,9]
56,[6,8]
57,[6,7]
58,[6,6]
59,[6,5]
60,[6,4]
61,[6,3]
62,[6,2]
63,[6,1]
64,[7,1]
65,[8,1]
66,[9,1]
67,[9,1]
68,[9,1]
69,[9,1]
70,[9,1]
71,[9,1]
72,[8,1]
73,[7,1]
74,[6,1]
75,[6,2]
76,[6,3]
77,[6,4]
78,[5,4]
79,[5,5]
80,[5,6]
81,[5,5]
82,[5,4]
83,[6,4]
84,[6,3]
85,[6,2]
86,[6,1]
87,[7,1]
88,[8,1]
89,[9,1]
90,[8,1]
91,[7,1]
92,[6,1]
93,[5,1]
94,[4,1]
95,[3,1]
96,[3,2]
97,[3,3]
98,[2,3]
99,[1,3]
100,[1,4]
101,[1,5]
102,[1,6]
103,[1,5]
104,[1,4]
105,[1,3]
106,[2,3]
107,[3,3]
108,[3,2]
109,[3,1]
110,[4,1]
111,[5,1]
112,[6,1]
113,[7,1]
114,[8,1]
115,[9,1]
116,[9,1]
117,[9,1]
118,[9,1]
119,[9,1]
120,[9,1]
121,[9,2]
122,[9,3]
123,[9,4]
124,[9,5]
125,[9,6]
126,[9,7]
127,[10,7]
128,[9,7]
129,[9,6]
130,[9,5]
131,[9,4]
132,[9,3]
133,[9,2]
134,[9,1]
135,[8,1]
136,[7,1]
137,[6,1]
138,[5,1]
139,[4,1]
140,[3,1]
141,[3,2]
142,[3,3]
143,[2,3]
144,[1,3]
145,[1,4]
146,[1,5]
147,[1,6]
148,[1,5]
149,[1,4]
150,[1,3]
151,[2,3]
152,[3,3]
153,[3,2]
154,[3,1]
155,[4,1]
156,[5,1]
157,[6,1]
158,[7,1]
159,[8,1]
160,[9,1]
161,[9,1]
162,[9,1]
163,[9,1]
164,[9,1]
165,[9,1]
166,[8,1]
167,[7,1]
168,[6,1]
169,[6,2]
170,[6,3]
171,[6,4]
172,[5,4]
173,[5,5]
174,[5,6]
175,[5,5]
176,[5,4]
177,[6,4]
178,[6,3]
179,[6,2]
180,[6,1]
181,[7,1]
182,[8,1]
183,[9,1]
184,[8,1]
185,[7,1]
186,[6,1]
187,[5,1]
188,[4,1]
189,[3,1]
190,[3,2]
191,[3,3]
192,[2,3]
193,[1,3]
194,[1,4]
195,[1,5]
196,[1,6]
197,[1,5]
198,[1,4]
199,[1,3]
200,[2,3]
201,[3,3]
202,[3,2]
203,[3,1]
204,[4,1]
205,[5,1]
206,[6,1]
207,[7,1]
208,[8,1]
209,[9,1]
210,[9,1]
211,[9,1]
212,[9,1]
213,[9,1]
214,[9,1]
215,[8,1]
216,[7,1]
217,[6,1]
218,[6,2]
219,[6,3]
220,[6,4]
221,[5,4]
222,[4,4]
223,[4,5]
224,[4,6]
225,[4,5]
226,[4,4]
227,[5,4]
228,[6,4]
229,[6,3]
230,[6,2]
231,[6,1]
232,[7,1]
233,[8,1]
234,[9,1]
235,[8,1]
236,[7,1]
237,[6,1]
238,[6,2]
239,[6,3]
240,[6,4]
241,[6,5]
242,[6,6]
243,[6,7]
244,[6,8]
245,[6,9]
246,[5,9]
247,[6,9]
248,[6,8]
249,[6,7]
250,[6,6]
251,[6,5]
252,[6,4]
253,[6,3]
254,[6,2]
255,[6,1]
256,[7,1]
257,[8,1]
258,[9,1]
259,[9,1]
260,[9,1]
261,[9,1]
262,[9,1]
263,[9,1]
264,[9,2]
265,[9,3]
266,[9,4]
267,[9,5]
268,[9,6]
269,[9,7]
270,[10,7]
271,[9,7]
272,[9,6]
273,[9,5]
274,[9,4]
275,[9,3]
276,[9,2]
277,[9,1]
278,[8,1]
279,[7,1]
280,[6,1]
281,[6,2]
282,[6,3]
283,[6,4]
284,[6,5]
285,[6,6]
286,[6,7]
287,[6,8]
288,[6,9]
289,[5,9]
290,[6,9]
291,[6,8]
292,[6,7]
293,[6,6]
294,[6,5]
295,[6,4]
296,[6,3]
297,[6,2]
298,[6,1]
299,[7,1]
300,[8,1]
301,[9,1]
302,[9,1]
303,[9,1]
304,[9,1]
305,[9,1]
306,[9,1]
307,[8,1]
308,[7,1]
309,[6,1]
310,[6,2]
311,[6,3]
312,[6,4]
313,[5,4]
314,[5,5]
315,[5,6]
316,[5,5]
317,[5,4]
318,[6,4]
319,[6,3]
320,[6,2]
321,[6,1]
322,[7,1]
323,[8,1]
324,[9,1]
325,[8,1]
326,[7,1]
327,[6,1]
328,[6,2]
329,[6,3]
330,[6,4]
331,[6,5]
332,[6,6]
333,[6,7]
334,[6,8]
335,[6,9]
336,[5,9]
