//Quantitative values
234	//Makespan
235	//Mission completion time hauler 1
1	//Application execution time (in millisecond)
//Path to the final points
0,[9,8]
1,[8,8]
2,[8,9]
3,[8,10]
4,[7,10]
5,[6,10]
6,[6,9]
7,[5,9]
8,[5,8]
9,[5,7]
10,[5,6]
11,[4,6]
12,[3,6]
13,[2,6]
14,[2,5]
15,[2,4]
16,[2,5]
17,[2,6]
18,[3,6]
19,[4,6]
20,[5,6]
21,[5,6]
22,[5,6]
23,[5,6]
24,[5,6]
25,[5,6]
26,[5,5]
27,[5,4]
28,[5,3]
29,[6,3]
30,[7,3]
31,[8,3]
32,[7,3]
33,[6,3]
34,[5,3]
35,[5,4]
36,[5,5]
37,[5,6]
38,[5,5]
39,[5,4]
40,[5,3]
41,[5,2]
42,[6,2]
43,[7,2]
44,[8,2]
45,[9,2]
46,[10,2]
47,[11,2]
48,[10,2]
49,[9,2]
50,[8,2]
51,[7,2]
52,[6,2]
53,[5,2]
54,[5,3]
55,[5,4]
56,[5,5]
57,[5,6]
58,[5,6]
59,[5,6]
60,[5,6]
61,[5,6]
62,[5,6]
63,[5,5]
64,[5,4]
65,[5,3]
66,[6,3]
67,[7,3]
68,[8,3]
69,[7,3]
70,[6,3]
71,[5,3]
72,[5,4]
73,[5,5]
74,[5,6]
75,[5,5]
76,[5,4]
77,[5,3]
78,[5,2]
79,[6,2]
80,[7,2]
81,[8,2]
82,[9,2]
83,[10,2]
84,[11,2]
85,[10,2]
86,[9,2]
87,[8,2]
88,[7,2]
89,[6,2]
90,[5,2]
91,[5,3]
92,[5,4]
93,[5,5]
94,[5,6]
95,[5,6]
96,[5,6]
97,[5,6]
98,[5,6]
99,[5,6]
100,[5,7]
101,[5,8]
102,[5,9]
103,[6,9]
104,[6,10]
105,[7,10]
106,[8,10]
107,[9,10]
108,[9,11]
109,[10,11]
110,[11,11]
111,[12,11]
112,[11,11]
113,[10,11]
114,[9,11]
115,[9,10]
116,[8,10]
117,[7,10]
118,[6,10]
119,[6,9]
120,[5,9]
121,[5,8]
122,[5,7]
123,[5,6]
124,[5,6]
125,[5,6]
126,[5,6]
127,[5,6]
128,[5,6]
129,[4,6]
130,[3,6]
131,[2,6]
132,[2,5]
133,[2,4]
134,[2,5]
135,[2,6]
136,[3,6]
137,[4,6]
138,[5,6]
139,[5,5]
140,[5,4]
141,[5,3]
142,[6,3]
143,[7,3]
144,[8,3]
145,[7,3]
146,[6,3]
147,[5,3]
148,[5,4]
149,[5,5]
150,[5,6]
151,[5,6]
152,[5,6]
153,[5,6]
154,[5,6]
155,[5,6]
156,[5,5]
157,[5,4]
158,[5,3]
159,[5,2]
160,[6,2]
161,[7,2]
162,[8,2]
163,[9,2]
164,[10,2]
165,[11,2]
166,[10,2]
167,[9,2]
168,[8,2]
169,[7,2]
170,[6,2]
171,[5,2]
172,[5,3]
173,[5,4]
174,[5,5]
175,[5,6]
176,[5,6]
177,[5,6]
178,[5,6]
179,[5,6]
180,[5,6]
181,[5,5]
182,[5,4]
183,[5,3]
184,[6,3]
185,[7,3]
186,[8,3]
187,[7,3]
188,[6,3]
189,[5,3]
190,[5,4]
191,[5,5]
192,[5,6]
193,[4,6]
194,[3,6]
195,[2,6]
196,[2,5]
197,[2,4]
198,[2,5]
199,[2,6]
200,[3,6]
201,[4,6]
202,[5,6]
203,[5,6]
204,[5,6]
205,[5,6]
206,[5,6]
207,[5,6]
208,[5,5]
209,[5,4]
210,[5,3]
211,[5,2]
212,[5,3]
213,[5,4]
214,[5,5]
215,[5,6]
216,[4,6]
217,[3,6]
218,[2,6]
219,[2,5]
220,[2,4]
221,[2,5]
222,[2,6]
223,[3,6]
224,[4,6]
225,[5,6]
226,[5,6]
227,[5,6]
228,[5,6]
229,[5,6]
230,[5,6]
231,[5,5]
232,[5,4]
233,[5,3]
234,[5,2]
