//Quantitative values
175	//Makespan
176	//Mission completion time hauler 1
1	//Application execution time (in millisecond)
//Path to the final points
0,[10,10]
1,[9,10]
2,[9,9]
3,[9,8]
4,[9,7]
5,[9,6]
6,[9,5]
7,[9,4]
8,[9,3]
9,[8,3]
10,[8,2]
11,[7,2]
12,[6,2]
13,[5,2]
14,[5,3]
15,[5,4]
16,[5,5]
17,[4,5]
18,[4,6]
19,[4,7]
20,[4,8]
21,[4,7]
22,[4,6]
23,[4,5]
24,[5,5]
25,[5,4]
26,[5,3]
27,[5,2]
28,[6,2]
29,[7,2]
30,[8,2]
31,[8,2]
32,[8,2]
33,[8,2]
34,[8,2]
35,[8,2]
36,[9,2]
37,[8,2]
38,[7,2]
39,[6,2]
40,[6,3]
41,[6,4]
42,[6,3]
43,[6,2]
44,[7,2]
45,[8,2]
46,[7,2]
47,[6,2]
48,[6,3]
49,[6,4]
50,[6,5]
51,[7,5]
52,[6,5]
53,[6,4]
54,[6,3]
55,[6,2]
56,[7,2]
57,[8,2]
58,[8,2]
59,[8,2]
60,[8,2]
61,[8,2]
62,[8,2]
63,[7,2]
64,[6,2]
65,[5,2]
66,[5,3]
67,[5,4]
68,[5,5]
69,[4,5]
70,[4,6]
71,[4,7]
72,[4,8]
73,[4,7]
74,[4,6]
75,[4,5]
76,[5,5]
77,[5,4]
78,[5,3]
79,[5,2]
80,[6,2]
81,[7,2]
82,[8,2]
83,[8,2]
84,[8,2]
85,[8,2]
86,[8,2]
87,[8,2]
88,[9,2]
89,[8,2]
90,[7,2]
91,[6,2]
92,[6,3]
93,[6,4]
94,[6,3]
95,[6,2]
96,[7,2]
97,[8,2]
98,[9,2]
99,[8,2]
100,[7,2]
101,[6,2]
102,[5,2]
103,[5,3]
104,[5,4]
105,[5,5]
106,[4,5]
107,[4,6]
108,[4,7]
109,[4,8]
110,[4,7]
111,[4,6]
112,[4,5]
113,[5,5]
114,[5,4]
115,[5,3]
116,[5,2]
117,[6,2]
118,[7,2]
119,[8,2]
120,[8,2]
121,[8,2]
122,[8,2]
123,[8,2]
124,[8,2]
125,[7,2]
126,[6,2]
127,[6,3]
128,[6,4]
129,[6,5]
130,[7,5]
131,[6,5]
132,[6,4]
133,[6,3]
134,[6,2]
135,[7,2]
136,[8,2]
137,[7,2]
138,[6,2]
139,[6,3]
140,[6,4]
141,[6,3]
142,[6,2]
143,[7,2]
144,[8,2]
145,[8,2]
146,[8,2]
147,[8,2]
148,[8,2]
149,[8,2]
150,[7,2]
151,[6,2]
152,[6,3]
153,[6,4]
154,[6,5]
155,[7,5]
156,[6,5]
157,[6,4]
158,[6,3]
159,[6,2]
160,[7,2]
161,[8,2]
162,[7,2]
163,[6,2]
164,[6,3]
165,[6,4]
166,[6,3]
167,[6,2]
168,[7,2]
169,[8,2]
170,[8,2]
171,[8,2]
172,[8,2]
173,[8,2]
174,[8,2]
175,[9,2]
