//Quantitative values
232	//Makespan
233	//Mission completion time hauler 1
2	//Application execution time (in millisecond)
//Path to the final points
0,[12,7]
1,[12,8]
2,[11,8]
3,[10,8]
4,[9,8]
5,[8,8]
6,[7,8]
7,[7,9]
8,[6,9]
9,[5,9]
10,[4,9]
11,[3,9]
12,[2,9]
13,[1,9]
14,[1,9]
15,[1,9]
16,[1,9]
17,[1,9]
18,[1,9]
19,[2,9]
20,[2,8]
21,[2,7]
22,[2,6]
23,[2,5]
24,[3,5]
25,[2,5]
26,[2,6]
27,[2,7]
28,[2,8]
29,[2,9]
30,[1,9]
31,[2,9]
32,[1,9]
33,[1,9]
34,[1,9]
35,[1,9]
36,[1,9]
37,[1,9]
38,[2,9]
39,[2,8]
40,[3,8]
41,[2,8]
42,[2,9]
43,[1,9]
44,[2,9]
45,[2,8]
46,[2,7]
47,[2,6]
48,[2,5]
49,[3,5]
50,[3,4]
51,[3,3]
52,[3,2]
53,[3,1]
54,[4,1]
55,[3,1]
56,[3,2]
57,[3,3]
58,[3,4]
59,[3,5]
60,[2,5]
61,[2,6]
62,[2,7]
63,[2,8]
64,[2,9]
65,[1,9]
66,[1,9]
67,[1,9]
68,[1,9]
69,[1,9]
70,[1,9]
71,[2,9]
72,[2,8]
73,[2,7]
74,[2,6]
75,[2,5]
76,[3,5]
77,[3,4]
78,[3,3]
79,[3,2]
80,[4,2]
81,[3,2]
82,[3,3]
83,[3,4]
84,[3,5]
85,[2,5]
86,[2,6]
87,[2,7]
88,[2,8]
89,[2,9]
90,[1,9]
91,[1,9]
92,[1,9]
93,[1,9]
94,[1,9]
95,[1,9]
96,[2,9]
97,[2,8]
98,[2,7]
99,[2,6]
100,[2,5]
101,[3,5]
102,[3,4]
103,[3,3]
104,[3,2]
105,[3,1]
106,[4,1]
107,[3,1]
108,[3,2]
109,[3,3]
110,[3,4]
111,[3,5]
112,[2,5]
113,[2,6]
114,[2,7]
115,[2,8]
116,[2,9]
117,[1,9]
118,[1,9]
119,[1,9]
120,[1,9]
121,[1,9]
122,[1,9]
123,[2,9]
124,[2,8]
125,[2,7]
126,[2,6]
127,[2,5]
128,[3,5]
129,[2,5]
130,[2,6]
131,[2,7]
132,[2,8]
133,[2,9]
134,[1,9]
135,[2,9]
136,[1,9]
137,[1,9]
138,[1,9]
139,[1,9]
140,[1,9]
141,[1,9]
142,[2,9]
143,[2,8]
144,[2,7]
145,[2,6]
146,[2,5]
147,[3,5]
148,[2,5]
149,[2,6]
150,[2,7]
151,[2,8]
152,[2,9]
153,[1,9]
154,[2,9]
155,[2,8]
156,[2,7]
157,[2,6]
158,[2,5]
159,[3,5]
160,[3,4]
161,[3,3]
162,[3,2]
163,[3,1]
164,[4,1]
165,[3,1]
166,[3,2]
167,[3,3]
168,[3,4]
169,[3,5]
170,[2,5]
171,[2,6]
172,[2,7]
173,[2,8]
174,[2,9]
175,[1,9]
176,[1,9]
177,[1,9]
178,[1,9]
179,[1,9]
180,[1,9]
181,[2,9]
182,[2,8]
183,[2,7]
184,[2,6]
185,[2,5]
186,[3,5]
187,[2,5]
188,[2,6]
189,[2,7]
190,[2,8]
191,[2,9]
192,[1,9]
193,[2,9]
194,[2,8]
195,[2,7]
196,[2,6]
197,[2,5]
198,[3,5]
199,[3,4]
200,[3,3]
201,[3,2]
202,[3,1]
203,[4,1]
204,[3,1]
205,[3,2]
206,[3,3]
207,[3,4]
208,[3,5]
209,[2,5]
210,[2,6]
211,[2,7]
212,[2,8]
213,[2,9]
214,[1,9]
215,[1,9]
216,[1,9]
217,[1,9]
218,[1,9]
219,[1,9]
220,[2,9]
221,[2,8]
222,[2,7]
223,[2,6]
224,[2,5]
225,[3,5]
226,[2,5]
227,[2,6]
228,[2,7]
229,[2,8]
230,[2,9]
231,[1,9]
232,[2,9]
