//Quantitative values
138	//Makespan
139	//Mission completion time hauler 1
1	//Application execution time (in millisecond)
//Path to the final points
0,[2,7]
1,[1,7]
2,[1,6]
3,[1,5]
4,[1,4]
5,[1,3]
6,[1,2]
7,[1,1]
8,[2,1]
9,[3,1]
10,[4,1]
11,[5,1]
12,[5,2]
13,[5,3]
14,[5,4]
15,[5,5]
16,[5,6]
17,[5,7]
18,[5,8]
19,[5,7]
20,[5,6]
21,[5,5]
22,[5,4]
23,[5,3]
24,[5,2]
25,[5,1]
26,[4,1]
27,[5,1]
28,[5,2]
29,[6,2]
30,[7,2]
31,[7,3]
32,[7,4]
33,[7,5]
34,[7,6]
35,[7,7]
36,[7,8]
37,[7,7]
38,[7,6]
39,[7,5]
40,[7,4]
41,[6,4]
42,[5,4]
43,[5,5]
44,[5,6]
45,[5,7]
46,[5,8]
47,[4,8]
48,[3,8]
49,[2,8]
50,[1,8]
51,[1,9]
52,[1,10]
53,[1,11]
54,[1,12]
55,[1,11]
56,[1,10]
57,[1,9]
58,[1,8]
59,[1,7]
60,[2,7]
61,[3,7]
62,[4,7]
63,[5,7]
64,[5,6]
65,[5,5]
66,[5,4]
67,[5,3]
68,[5,2]
69,[6,2]
70,[7,2]
71,[6,2]
72,[5,2]
73,[5,1]
74,[4,1]
75,[5,1]
76,[5,2]
77,[5,3]
78,[5,4]
79,[5,5]
80,[5,6]
81,[5,7]
82,[5,8]
83,[4,8]
84,[3,8]
85,[2,8]
86,[1,8]
87,[1,9]
88,[1,10]
89,[1,11]
90,[1,12]
91,[1,11]
92,[1,10]
93,[1,9]
94,[1,8]
95,[2,8]
96,[3,8]
97,[4,8]
98,[5,8]
99,[5,7]
100,[5,6]
101,[5,5]
102,[5,4]
103,[5,3]
104,[5,2]
105,[5,1]
106,[4,1]
107,[5,1]
108,[5,2]
109,[5,3]
110,[5,4]
111,[5,5]
112,[5,6]
113,[5,7]
114,[5,8]
115,[4,8]
116,[3,8]
117,[2,8]
118,[1,8]
119,[1,9]
120,[1,10]
121,[1,11]
122,[1,12]
123,[1,11]
124,[1,10]
125,[1,9]
126,[1,8]
127,[1,7]
128,[2,7]
129,[3,7]
130,[4,7]
131,[5,7]
132,[5,6]
133,[5,5]
134,[5,4]
135,[5,3]
136,[5,2]
137,[6,2]
138,[7,2]
