//Quantitative values
141	//Makespan
141	//Mission completion time hauler 1
1	//Application execution time (in millisecond)
//Path to the final points
0,[7,3]
1,[6,3]
2,[5,3]
3,[4,3]
4,[4,4]
5,[4,5]
6,[4,6]
7,[4,7]
8,[4,8]
9,[4,9]
10,[3,9]
11,[3,10]
12,[3,11]
13,[3,12]
14,[4,12]
15,[4,11]
16,[4,10]
17,[4,9]
18,[5,9]
19,[6,9]
20,[7,9]
21,[8,9]
22,[9,9]
23,[10,9]
24,[9,9]
25,[8,9]
26,[7,9]
27,[6,9]
28,[5,9]
29,[4,9]
30,[4,10]
31,[4,11]
32,[4,12]
33,[4,11]
34,[4,10]
35,[4,9]
36,[5,9]
37,[6,9]
38,[7,9]
39,[8,9]
40,[9,9]
41,[10,9]
42,[9,9]
43,[8,9]
44,[7,9]
45,[6,9]
46,[5,9]
47,[4,9]
48,[4,10]
49,[4,11]
50,[4,12]
51,[4,11]
52,[4,10]
53,[4,9]
54,[5,9]
55,[6,9]
56,[7,9]
57,[8,9]
58,[9,9]
59,[10,9]
60,[9,9]
61,[8,9]
62,[7,9]
63,[7,8]
64,[7,7]
65,[6,7]
66,[6,6]
67,[6,5]
68,[6,4]
69,[6,5]
70,[6,6]
71,[6,7]
72,[7,7]
73,[7,8]
74,[7,9]
75,[8,9]
76,[9,9]
77,[10,9]
78,[9,9]
79,[8,9]
80,[7,9]
81,[6,9]
82,[5,9]
83,[4,9]
84,[4,10]
85,[4,11]
86,[4,12]
87,[4,11]
88,[4,10]
89,[4,9]
90,[5,9]
91,[6,9]
92,[7,9]
93,[8,9]
94,[9,9]
95,[10,9]
96,[9,9]
97,[8,9]
98,[7,9]
99,[7,8]
100,[7,7]
101,[6,7]
102,[6,6]
103,[6,5]
104,[6,4]
105,[5,4]
106,[4,4]
107,[4,5]
108,[4,6]
109,[4,7]
110,[4,8]
111,[4,9]
112,[3,9]
113,[3,10]
114,[3,11]
115,[3,12]
116,[4,12]
117,[3,12]
118,[2,12]
119,[2,11]
120,[2,10]
121,[2,9]
122,[2,8]
123,[2,7]
124,[2,6]
125,[2,5]
126,[2,6]
127,[2,7]
128,[2,8]
129,[2,9]
130,[2,10]
131,[2,11]
132,[2,12]
133,[3,12]
134,[2,12]
135,[2,11]
136,[2,10]
137,[2,9]
138,[2,8]
139,[2,7]
140,[2,6]
141,[2,5]
