//Quantitative values
196	//Makespan
196	//Mission completion time hauler 1
1	//Application execution time (in millisecond)
//Path to the final points
0,[6,5]
1,[5,5]
2,[4,5]
3,[3,5]
4,[2,5]
5,[2,6]
6,[2,7]
7,[1,7]
8,[1,8]
9,[1,9]
10,[1,10]
11,[1,11]
12,[1,10]
13,[1,9]
14,[1,8]
15,[2,8]
16,[3,8]
17,[4,8]
18,[5,8]
19,[5,7]
20,[6,7]
21,[6,6]
22,[7,6]
23,[8,6]
24,[9,6]
25,[10,6]
26,[9,6]
27,[8,6]
28,[7,6]
29,[6,6]
30,[6,7]
31,[5,7]
32,[5,8]
33,[4,8]
34,[3,8]
35,[2,8]
36,[1,8]
37,[1,9]
38,[1,10]
39,[1,11]
40,[1,10]
41,[1,9]
42,[1,8]
43,[1,7]
44,[2,7]
45,[2,6]
46,[2,5]
47,[2,4]
48,[3,4]
49,[4,4]
50,[5,4]
51,[6,4]
52,[7,4]
53,[6,4]
54,[5,4]
55,[4,4]
56,[3,4]
57,[2,4]
58,[2,5]
59,[2,6]
60,[2,7]
61,[1,7]
62,[1,8]
63,[1,9]
64,[1,10]
65,[1,11]
66,[1,10]
67,[1,9]
68,[1,8]
69,[1,7]
70,[2,7]
71,[2,6]
72,[2,5]
73,[2,4]
74,[3,4]
75,[4,4]
76,[5,4]
77,[6,4]
78,[7,4]
79,[6,4]
80,[5,4]
81,[4,4]
82,[3,4]
83,[2,4]
84,[2,5]
85,[2,6]
86,[2,7]
87,[1,7]
88,[1,8]
89,[1,9]
90,[1,10]
91,[1,11]
92,[1,10]
93,[1,9]
94,[1,8]
95,[2,8]
96,[3,8]
97,[4,8]
98,[5,8]
99,[5,7]
100,[6,7]
101,[6,6]
102,[7,6]
103,[8,6]
104,[9,6]
105,[10,6]
106,[10,7]
107,[10,8]
108,[10,9]
109,[10,8]
110,[9,8]
111,[8,8]
112,[7,8]
113,[7,7]
114,[7,6]
115,[7,5]
116,[7,4]
117,[7,5]
118,[7,6]
119,[7,7]
120,[7,8]
121,[8,8]
122,[9,8]
123,[10,8]
124,[10,9]
125,[10,8]
126,[10,7]
127,[10,6]
128,[9,6]
129,[8,6]
130,[7,6]
131,[6,6]
132,[6,7]
133,[5,7]
134,[5,8]
135,[4,8]
136,[3,8]
137,[2,8]
138,[1,8]
139,[1,9]
140,[1,10]
141,[1,11]
142,[1,10]
143,[1,9]
144,[1,8]
145,[1,7]
146,[2,7]
147,[2,6]
148,[2,5]
149,[2,4]
150,[3,4]
151,[4,4]
152,[5,4]
153,[6,4]
154,[7,4]
155,[6,4]
156,[5,4]
157,[4,4]
158,[3,4]
159,[2,4]
160,[2,5]
161,[2,6]
162,[2,7]
163,[1,7]
164,[1,8]
165,[1,9]
166,[1,10]
167,[1,11]
168,[1,10]
169,[1,9]
170,[1,8]
171,[1,7]
172,[2,7]
173,[2,6]
174,[2,5]
175,[2,4]
176,[3,4]
177,[4,4]
178,[5,4]
179,[6,4]
180,[7,4]
181,[7,5]
182,[7,6]
183,[7,7]
184,[7,8]
185,[8,8]
186,[9,8]
187,[10,8]
188,[10,9]
189,[10,8]
190,[9,8]
191,[8,8]
192,[7,8]
193,[7,7]
194,[7,6]
195,[7,5]
196,[7,4]
