//Quantitative values
165	//Makespan
165	//Mission completion time hauler 1
2	//Application execution time (in millisecond)
//Path to the final points
0,[10,12]
1,[10,11]
2,[10,10]
3,[10,9]
4,[10,8]
5,[10,7]
6,[10,6]
7,[11,6]
8,[12,6]
9,[12,5]
10,[12,4]
11,[12,3]
12,[11,3]
13,[10,3]
14,[9,3]
15,[8,3]
16,[7,3]
17,[6,3]
18,[5,3]
19,[4,3]
20,[3,3]
21,[2,3]
22,[2,4]
23,[2,5]
24,[1,5]
25,[1,6]
26,[1,7]
27,[1,6]
28,[1,5]
29,[2,5]
30,[2,4]
31,[2,3]
32,[3,3]
33,[4,3]
34,[5,3]
35,[6,3]
36,[7,3]
37,[8,3]
38,[9,3]
39,[10,3]
40,[11,3]
41,[12,3]
42,[12,4]
43,[12,5]
44,[12,6]
45,[11,6]
46,[10,6]
47,[10,7]
48,[10,8]
49,[10,9]
50,[10,8]
51,[10,7]
52,[10,6]
53,[11,6]
54,[12,6]
55,[12,5]
56,[12,4]
57,[12,3]
58,[12,4]
59,[12,5]
60,[12,6]
61,[11,6]
62,[10,6]
63,[10,7]
64,[10,8]
65,[10,9]
66,[10,8]
67,[10,7]
68,[10,6]
69,[11,6]
70,[12,6]
71,[12,5]
72,[12,4]
73,[12,3]
74,[11,3]
75,[10,3]
76,[9,3]
77,[8,3]
78,[7,3]
79,[6,3]
80,[5,3]
81,[4,3]
82,[4,2]
83,[4,1]
84,[4,2]
85,[4,3]
86,[5,3]
87,[6,3]
88,[7,3]
89,[8,3]
90,[9,3]
91,[10,3]
92,[11,3]
93,[12,3]
94,[12,4]
95,[12,5]
96,[12,6]
97,[11,6]
98,[10,6]
99,[10,7]
100,[10,8]
101,[10,9]
102,[10,8]
103,[10,7]
104,[10,6]
105,[11,6]
106,[12,6]
107,[12,5]
108,[12,4]
109,[12,3]
110,[11,3]
111,[10,3]
112,[9,3]
113,[8,3]
114,[7,3]
115,[6,3]
116,[5,3]
117,[4,3]
118,[4,2]
119,[4,1]
120,[3,1]
121,[3,2]
122,[3,3]
123,[3,4]
124,[3,5]
125,[3,6]
126,[3,7]
127,[3,8]
128,[3,9]
129,[3,10]
130,[2,10]
131,[1,10]
132,[1,9]
133,[1,8]
134,[1,7]
135,[1,8]
136,[1,9]
137,[1,10]
138,[2,10]
139,[1,10]
140,[1,9]
141,[1,8]
142,[1,7]
143,[1,6]
144,[1,5]
145,[2,5]
146,[2,4]
147,[2,3]
148,[3,3]
149,[4,3]
150,[5,3]
151,[6,3]
152,[7,3]
153,[8,3]
154,[9,3]
155,[10,3]
156,[11,3]
157,[12,3]
158,[12,4]
159,[12,5]
160,[12,6]
161,[11,6]
162,[10,6]
163,[10,7]
164,[10,8]
165,[10,9]
