//Quantitative values
199	//Makespan
200	//Mission completion time hauler 1
2	//Application execution time (in millisecond)
//Path to the final points
0,[10,10]
1,[9,10]
2,[9,11]
3,[9,12]
4,[8,12]
5,[7,12]
6,[6,12]
7,[6,11]
8,[6,12]
9,[7,12]
10,[8,12]
11,[9,12]
12,[8,12]
13,[7,12]
14,[6,12]
15,[6,11]
16,[5,11]
17,[4,11]
18,[3,11]
19,[3,10]
20,[3,9]
21,[3,8]
22,[3,9]
23,[3,10]
24,[3,11]
25,[4,11]
26,[5,11]
27,[6,11]
28,[6,12]
29,[7,12]
30,[8,12]
31,[9,12]
32,[9,12]
33,[9,12]
34,[9,12]
35,[9,12]
36,[9,12]
37,[8,12]
38,[7,12]
39,[6,12]
40,[6,11]
41,[6,12]
42,[7,12]
43,[8,12]
44,[9,12]
45,[8,12]
46,[8,11]
47,[8,10]
48,[8,9]
49,[8,8]
50,[8,7]
51,[8,6]
52,[8,5]
53,[8,6]
54,[8,7]
55,[8,8]
56,[8,9]
57,[8,10]
58,[8,11]
59,[8,12]
60,[9,12]
61,[9,12]
62,[9,12]
63,[9,12]
64,[9,12]
65,[9,12]
66,[8,12]
67,[7,12]
68,[6,12]
69,[6,11]
70,[5,11]
71,[4,11]
72,[3,11]
73,[4,11]
74,[5,11]
75,[6,11]
76,[6,12]
77,[7,12]
78,[8,12]
79,[9,12]
80,[8,12]
81,[8,11]
82,[8,10]
83,[8,9]
84,[8,8]
85,[8,7]
86,[8,6]
87,[8,5]
88,[8,6]
89,[8,7]
90,[8,8]
91,[8,9]
92,[8,10]
93,[8,11]
94,[8,12]
95,[9,12]
96,[9,12]
97,[9,12]
98,[9,12]
99,[9,12]
100,[9,12]
101,[8,12]
102,[7,12]
103,[6,12]
104,[6,11]
105,[5,11]
106,[4,11]
107,[3,11]
108,[4,11]
109,[5,11]
110,[6,11]
111,[6,12]
112,[7,12]
113,[8,12]
114,[9,12]
115,[8,12]
116,[8,11]
117,[8,10]
118,[8,9]
119,[8,8]
120,[8,7]
121,[8,6]
122,[8,5]
123,[8,6]
124,[8,7]
125,[8,8]
126,[8,9]
127,[8,10]
128,[8,11]
129,[8,12]
130,[9,12]
131,[9,12]
132,[9,12]
133,[9,12]
134,[9,12]
135,[9,12]
136,[9,11]
137,[9,10]
138,[9,9]
139,[10,9]
140,[10,8]
141,[10,7]
142,[10,6]
143,[11,6]
144,[10,6]
145,[10,7]
146,[10,8]
147,[10,9]
148,[9,9]
149,[9,10]
150,[9,11]
151,[9,12]
152,[9,12]
153,[9,12]
154,[9,12]
155,[9,12]
156,[9,12]
157,[8,12]
158,[7,12]
159,[6,12]
160,[6,11]
161,[5,11]
162,[4,11]
163,[3,11]
164,[3,10]
165,[3,9]
166,[3,8]
167,[3,9]
168,[3,10]
169,[3,11]
170,[4,11]
171,[5,11]
172,[6,11]
173,[6,12]
174,[7,12]
175,[8,12]
176,[9,12]
177,[9,12]
178,[9,12]
179,[9,12]
180,[9,12]
181,[9,12]
182,[8,12]
183,[7,12]
184,[6,12]
185,[6,11]
186,[6,12]
187,[7,12]
188,[8,12]
189,[9,12]
190,[8,12]
191,[7,12]
192,[6,12]
193,[6,11]
194,[5,11]
195,[4,11]
196,[3,11]
197,[3,10]
198,[3,9]
199,[3,8]
