//Quantitative values
299	//Makespan
300	//Mission completion time hauler 1
2	//Application execution time (in millisecond)
//Path to the final points
0,[1,12]
1,[1,11]
2,[1,10]
3,[2,10]
4,[2,9]
5,[2,8]
6,[2,7]
7,[2,6]
8,[2,5]
9,[2,4]
10,[2,3]
11,[3,3]
12,[3,2]
13,[3,1]
14,[4,1]
15,[5,1]
16,[6,1]
17,[7,1]
18,[8,1]
19,[9,1]
20,[9,1]
21,[9,1]
22,[9,1]
23,[9,1]
24,[9,1]
25,[8,1]
26,[7,1]
27,[6,1]
28,[5,1]
29,[4,1]
30,[3,1]
31,[3,2]
32,[3,3]
33,[2,3]
34,[1,3]
35,[1,4]
36,[1,5]
37,[1,6]
38,[1,5]
39,[1,4]
40,[1,3]
41,[2,3]
42,[3,3]
43,[3,2]
44,[3,1]
45,[4,1]
46,[5,1]
47,[6,1]
48,[7,1]
49,[8,1]
50,[9,1]
51,[9,1]
52,[9,1]
53,[9,1]
54,[9,1]
55,[9,1]
56,[8,1]
57,[7,1]
58,[6,1]
59,[6,2]
60,[6,3]
61,[6,4]
62,[5,4]
63,[4,4]
64,[4,5]
65,[4,6]
66,[4,5]
67,[4,4]
68,[5,4]
69,[6,4]
70,[6,3]
71,[6,2]
72,[6,1]
73,[7,1]
74,[8,1]
75,[9,1]
76,[8,1]
77,[7,1]
78,[6,1]
79,[5,1]
80,[4,1]
81,[3,1]
82,[3,2]
83,[3,3]
84,[2,3]
85,[1,3]
86,[1,4]
87,[1,5]
88,[1,6]
89,[1,5]
90,[1,4]
91,[1,3]
92,[2,3]
93,[3,3]
94,[3,2]
95,[3,1]
96,[4,1]
97,[5,1]
98,[6,1]
99,[7,1]
100,[8,1]
101,[9,1]
102,[9,1]
103,[9,1]
104,[9,1]
105,[9,1]
106,[9,1]
107,[9,2]
108,[9,3]
109,[9,4]
110,[9,5]
111,[9,6]
112,[9,7]
113,[10,7]
114,[9,7]
115,[9,6]
116,[9,5]
117,[9,4]
118,[9,3]
119,[9,2]
120,[9,1]
121,[8,1]
122,[7,1]
123,[6,1]
124,[6,2]
125,[6,3]
126,[6,4]
127,[6,5]
128,[6,6]
129,[6,7]
130,[6,8]
131,[6,9]
132,[5,9]
133,[6,9]
134,[6,8]
135,[6,7]
136,[6,6]
137,[6,5]
138,[6,4]
139,[6,3]
140,[6,2]
141,[6,1]
142,[7,1]
143,[8,1]
144,[9,1]
145,[9,1]
146,[9,1]
147,[9,1]
148,[9,1]
149,[9,1]
150,[8,1]
151,[7,1]
152,[6,1]
153,[6,2]
154,[6,3]
155,[6,4]
156,[5,4]
157,[5,5]
158,[5,6]
159,[5,5]
160,[5,4]
161,[6,4]
162,[6,3]
163,[6,2]
164,[6,1]
165,[7,1]
166,[8,1]
167,[9,1]
168,[8,1]
169,[7,1]
170,[6,1]
171,[5,1]
172,[4,1]
173,[3,1]
174,[3,2]
175,[3,3]
176,[2,3]
177,[1,3]
178,[1,4]
179,[1,5]
180,[1,6]
181,[1,5]
182,[1,4]
183,[1,3]
184,[2,3]
185,[3,3]
186,[3,2]
187,[3,1]
188,[4,1]
189,[5,1]
190,[6,1]
191,[7,1]
192,[8,1]
193,[9,1]
194,[9,1]
195,[9,1]
196,[9,1]
197,[9,1]
198,[9,1]
199,[9,2]
200,[9,3]
201,[9,4]
202,[9,5]
203,[9,6]
204,[9,7]
205,[10,7]
206,[9,7]
207,[9,6]
208,[9,5]
209,[9,4]
210,[9,3]
211,[9,2]
212,[9,1]
213,[8,1]
214,[7,1]
215,[6,1]
216,[6,2]
217,[6,3]
218,[6,4]
219,[6,5]
220,[6,6]
221,[6,7]
222,[6,8]
223,[6,9]
224,[5,9]
225,[6,9]
226,[6,8]
227,[6,7]
228,[6,6]
229,[6,5]
230,[6,4]
231,[6,3]
232,[6,2]
233,[6,1]
234,[7,1]
235,[8,1]
236,[9,1]
237,[9,1]
238,[9,1]
239,[9,1]
240,[9,1]
241,[9,1]
242,[8,1]
243,[7,1]
244,[6,1]
245,[6,2]
246,[6,3]
247,[6,4]
248,[5,4]
249,[5,5]
250,[5,6]
251,[5,5]
252,[5,4]
253,[6,4]
254,[6,3]
255,[6,2]
256,[6,1]
257,[7,1]
258,[8,1]
259,[9,1]
260,[8,1]
261,[7,1]
262,[6,1]
263,[5,1]
264,[4,1]
265,[3,1]
266,[3,2]
267,[3,3]
268,[2,3]
269,[1,3]
270,[1,4]
271,[1,5]
272,[1,6]
273,[1,5]
274,[1,4]
275,[1,3]
276,[2,3]
277,[3,3]
278,[3,2]
279,[3,1]
280,[4,1]
281,[5,1]
282,[6,1]
283,[7,1]
284,[8,1]
285,[9,1]
286,[9,1]
287,[9,1]
288,[9,1]
289,[9,1]
290,[9,1]
291,[8,1]
292,[7,1]
293,[6,1]
294,[6,2]
295,[6,3]
296,[6,4]
297,[5,4]
298,[5,5]
299,[5,6]
