//Quantitative values
219	//Makespan
220	//Mission completion time hauler 1
1	//Application execution time (in millisecond)
//Path to the final points
0,[9,8]
1,[8,8]
2,[8,9]
3,[8,10]
4,[7,10]
5,[6,10]
6,[6,9]
7,[5,9]
8,[5,8]
9,[5,7]
10,[5,6]
11,[5,5]
12,[5,4]
13,[5,3]
14,[5,2]
15,[6,2]
16,[7,2]
17,[8,2]
18,[9,2]
19,[10,2]
20,[11,2]
21,[10,2]
22,[9,2]
23,[8,2]
24,[7,2]
25,[6,2]
26,[5,2]
27,[5,3]
28,[5,4]
29,[5,5]
30,[5,6]
31,[5,6]
32,[5,6]
33,[5,6]
34,[5,6]
35,[5,6]
36,[5,7]
37,[5,8]
38,[5,9]
39,[6,9]
40,[6,10]
41,[7,10]
42,[8,10]
43,[9,10]
44,[9,11]
45,[10,11]
46,[11,11]
47,[12,11]
48,[11,11]
49,[10,11]
50,[9,11]
51,[9,10]
52,[8,10]
53,[7,10]
54,[6,10]
55,[6,9]
56,[5,9]
57,[5,8]
58,[5,7]
59,[5,6]
60,[5,6]
61,[5,6]
62,[5,6]
63,[5,6]
64,[5,6]
65,[4,6]
66,[3,6]
67,[2,6]
68,[2,5]
69,[2,4]
70,[2,5]
71,[2,6]
72,[3,6]
73,[4,6]
74,[5,6]
75,[5,5]
76,[5,4]
77,[5,3]
78,[6,3]
79,[7,3]
80,[8,3]
81,[7,3]
82,[6,3]
83,[5,3]
84,[5,4]
85,[5,5]
86,[5,6]
87,[5,6]
88,[5,6]
89,[5,6]
90,[5,6]
91,[5,6]
92,[4,6]
93,[3,6]
94,[2,6]
95,[2,5]
96,[2,4]
97,[2,5]
98,[2,6]
99,[3,6]
100,[4,6]
101,[5,6]
102,[5,7]
103,[5,8]
104,[5,9]
105,[6,9]
106,[6,10]
107,[7,10]
108,[8,10]
109,[9,10]
110,[9,11]
111,[10,11]
112,[11,11]
113,[12,11]
114,[11,11]
115,[10,11]
116,[9,11]
117,[9,10]
118,[8,10]
119,[7,10]
120,[6,10]
121,[6,9]
122,[5,9]
123,[5,8]
124,[5,7]
125,[5,6]
126,[5,6]
127,[5,6]
128,[5,6]
129,[5,6]
130,[5,6]
131,[5,5]
132,[5,4]
133,[5,3]
134,[5,2]
135,[6,2]
136,[7,2]
137,[8,2]
138,[9,2]
139,[10,2]
140,[11,2]
141,[10,2]
142,[9,2]
143,[8,2]
144,[7,2]
145,[6,2]
146,[5,2]
147,[5,3]
148,[5,4]
149,[5,5]
150,[5,6]
151,[5,6]
152,[5,6]
153,[5,6]
154,[5,6]
155,[5,6]
156,[5,5]
157,[5,4]
158,[5,3]
159,[5,2]
160,[5,3]
161,[5,4]
162,[5,5]
163,[5,6]
164,[5,5]
165,[5,4]
166,[5,3]
167,[5,2]
168,[6,2]
169,[7,2]
170,[8,2]
171,[9,2]
172,[10,2]
173,[11,2]
174,[10,2]
175,[9,2]
176,[8,2]
177,[7,2]
178,[6,2]
179,[5,2]
180,[5,3]
181,[5,4]
182,[5,5]
183,[5,6]
184,[5,6]
185,[5,6]
186,[5,6]
187,[5,6]
188,[5,6]
189,[5,5]
190,[5,4]
191,[5,3]
192,[6,3]
193,[7,3]
194,[8,3]
195,[7,3]
196,[6,3]
197,[5,3]
198,[5,4]
199,[5,5]
200,[5,6]
201,[4,6]
202,[3,6]
203,[2,6]
204,[2,5]
205,[2,4]
206,[2,5]
207,[2,6]
208,[3,6]
209,[4,6]
210,[5,6]
211,[5,6]
212,[5,6]
213,[5,6]
214,[5,6]
215,[5,6]
216,[5,5]
217,[5,4]
218,[5,3]
219,[5,2]
