//Quantitative values
144	//Makespan
145	//Mission completion time hauler 1
1	//Application execution time (in millisecond)
//Path to the final points
0,[10,10]
1,[9,10]
2,[9,9]
3,[9,8]
4,[9,7]
5,[9,6]
6,[9,5]
7,[9,4]
8,[9,3]
9,[8,3]
10,[8,2]
11,[7,2]
12,[6,2]
13,[6,3]
14,[6,4]
15,[6,3]
16,[6,2]
17,[7,2]
18,[8,2]
19,[8,2]
20,[8,2]
21,[8,2]
22,[8,2]
23,[8,2]
24,[7,2]
25,[6,2]
26,[6,3]
27,[6,4]
28,[6,5]
29,[7,5]
30,[6,5]
31,[6,4]
32,[6,3]
33,[6,2]
34,[7,2]
35,[8,2]
36,[7,2]
37,[6,2]
38,[6,3]
39,[6,4]
40,[6,3]
41,[6,2]
42,[7,2]
43,[8,2]
44,[8,2]
45,[8,2]
46,[8,2]
47,[8,2]
48,[8,2]
49,[9,2]
50,[8,2]
51,[7,2]
52,[6,2]
53,[6,3]
54,[6,4]
55,[6,3]
56,[6,2]
57,[7,2]
58,[8,2]
59,[9,2]
60,[8,2]
61,[7,2]
62,[6,2]
63,[5,2]
64,[5,3]
65,[5,4]
66,[5,5]
67,[4,5]
68,[4,6]
69,[4,7]
70,[4,8]
71,[4,7]
72,[4,6]
73,[4,5]
74,[5,5]
75,[5,4]
76,[5,3]
77,[5,2]
78,[6,2]
79,[7,2]
80,[8,2]
81,[8,2]
82,[8,2]
83,[8,2]
84,[8,2]
85,[8,2]
86,[9,2]
87,[10,2]
88,[11,2]
89,[10,2]
90,[9,2]
91,[8,2]
92,[7,2]
93,[6,2]
94,[5,2]
95,[5,3]
96,[5,4]
97,[5,5]
98,[4,5]
99,[4,6]
100,[4,7]
101,[4,8]
102,[4,7]
103,[4,6]
104,[4,5]
105,[5,5]
106,[5,4]
107,[5,3]
108,[5,2]
109,[6,2]
110,[7,2]
111,[8,2]
112,[8,2]
113,[8,2]
114,[8,2]
115,[8,2]
116,[8,2]
117,[7,2]
118,[6,2]
119,[6,3]
120,[6,4]
121,[6,5]
122,[7,5]
123,[6,5]
124,[6,4]
125,[6,3]
126,[6,2]
127,[7,2]
128,[8,2]
129,[7,2]
130,[6,2]
131,[6,3]
132,[6,4]
133,[6,3]
134,[6,2]
135,[7,2]
136,[8,2]
137,[8,2]
138,[8,2]
139,[8,2]
140,[8,2]
141,[8,2]
142,[9,2]
143,[10,2]
144,[11,2]
