//Quantitative values
205	//Makespan
206	//Mission completion time hauler 1
1	//Application execution time (in millisecond)
//Path to the final points
0,[12,7]
1,[12,8]
2,[11,8]
3,[10,8]
4,[9,8]
5,[8,8]
6,[7,8]
7,[7,9]
8,[6,9]
9,[5,9]
10,[4,9]
11,[3,9]
12,[2,9]
13,[1,9]
14,[1,9]
15,[1,9]
16,[1,9]
17,[1,9]
18,[1,9]
19,[2,9]
20,[2,8]
21,[2,7]
22,[2,6]
23,[2,5]
24,[3,5]
25,[3,4]
26,[3,3]
27,[3,2]
28,[3,1]
29,[4,1]
30,[3,1]
31,[3,2]
32,[3,3]
33,[3,4]
34,[3,5]
35,[2,5]
36,[2,6]
37,[2,7]
38,[2,8]
39,[2,9]
40,[1,9]
41,[1,9]
42,[1,9]
43,[1,9]
44,[1,9]
45,[1,9]
46,[2,9]
47,[2,8]
48,[2,7]
49,[2,6]
50,[2,5]
51,[3,5]
52,[3,4]
53,[3,3]
54,[3,2]
55,[4,2]
56,[3,2]
57,[3,3]
58,[3,4]
59,[3,5]
60,[2,5]
61,[2,6]
62,[2,7]
63,[2,8]
64,[2,9]
65,[1,9]
66,[1,9]
67,[1,9]
68,[1,9]
69,[1,9]
70,[1,9]
71,[2,9]
72,[1,9]
73,[2,9]
74,[2,8]
75,[2,7]
76,[2,6]
77,[2,5]
78,[3,5]
79,[2,5]
80,[2,6]
81,[2,7]
82,[2,8]
83,[2,9]
84,[1,9]
85,[1,9]
86,[1,9]
87,[1,9]
88,[1,9]
89,[1,9]
90,[2,9]
91,[1,9]
92,[2,9]
93,[2,8]
94,[2,7]
95,[2,6]
96,[2,5]
97,[3,5]
98,[2,5]
99,[2,6]
100,[2,7]
101,[2,8]
102,[2,9]
103,[1,9]
104,[1,9]
105,[1,9]
106,[1,9]
107,[1,9]
108,[1,9]
109,[2,9]
110,[2,8]
111,[2,7]
112,[2,6]
113,[2,5]
114,[3,5]
115,[3,4]
116,[3,3]
117,[3,2]
118,[3,1]
119,[4,1]
120,[3,1]
121,[3,2]
122,[3,3]
123,[3,4]
124,[3,5]
125,[2,5]
126,[2,6]
127,[2,7]
128,[2,8]
129,[2,9]
130,[1,9]
131,[1,9]
132,[1,9]
133,[1,9]
134,[1,9]
135,[1,9]
136,[2,9]
137,[2,8]
138,[2,7]
139,[2,6]
140,[2,5]
141,[3,5]
142,[3,4]
143,[3,3]
144,[3,2]
145,[4,2]
146,[3,2]
147,[3,3]
148,[3,4]
149,[3,5]
150,[2,5]
151,[2,6]
152,[2,7]
153,[2,8]
154,[2,9]
155,[1,9]
156,[1,9]
157,[1,9]
158,[1,9]
159,[1,9]
160,[1,9]
161,[2,9]
162,[2,8]
163,[2,7]
164,[2,6]
165,[2,5]
166,[3,5]
167,[3,4]
168,[3,3]
169,[3,2]
170,[3,1]
171,[4,1]
172,[3,1]
173,[3,2]
174,[3,3]
175,[3,4]
176,[3,5]
177,[2,5]
178,[2,6]
179,[2,7]
180,[2,8]
181,[2,9]
182,[1,9]
183,[1,9]
184,[1,9]
185,[1,9]
186,[1,9]
187,[1,9]
188,[2,9]
189,[2,8]
190,[3,8]
191,[2,8]
192,[2,9]
193,[1,9]
194,[2,9]
195,[1,9]
196,[2,9]
197,[2,8]
198,[2,7]
199,[2,6]
200,[2,5]
201,[3,5]
202,[3,4]
203,[3,3]
204,[3,2]
205,[4,2]
