//Quantitative values
73	//Makespan
73	//Mission completion time hauler 1
1	//Application execution time (in millisecond)
//Path to the final points
0,[1,6]
1,[1,5]
2,[1,4]
3,[2,4]
4,[2,3]
5,[2,2]
6,[2,3]
7,[3,3]
8,[4,3]
9,[5,3]
10,[6,3]
11,[7,3]
12,[7,4]
13,[8,4]
14,[9,4]
15,[8,4]
16,[7,4]
17,[7,5]
18,[6,5]
19,[5,5]
20,[4,5]
21,[4,6]
22,[4,7]
23,[4,8]
24,[4,7]
25,[4,6]
26,[4,5]
27,[4,4]
28,[4,3]
29,[5,3]
30,[6,3]
31,[7,3]
32,[8,3]
33,[9,3]
34,[10,3]
35,[11,3]
36,[10,3]
37,[9,3]
38,[8,3]
39,[7,3]
40,[6,3]
41,[5,3]
42,[4,3]
43,[3,3]
44,[2,3]
45,[2,2]
46,[2,3]
47,[2,4]
48,[2,5]
49,[2,6]
50,[3,6]
51,[4,6]
52,[5,6]
53,[6,6]
54,[7,6]
55,[6,6]
56,[5,6]
57,[4,6]
58,[3,6]
59,[3,7]
60,[3,8]
61,[3,7]
62,[3,6]
63,[3,5]
64,[4,5]
65,[4,4]
66,[4,3]
67,[5,3]
68,[6,3]
69,[7,3]
70,[8,3]
71,[9,3]
72,[10,3]
73,[11,3]
