//Quantitative values
55	//Makespan
55	//Mission completion time hauler 1
1	//Application execution time (in millisecond)
//Path to the final points
0,[8,1]
1,[7,1]
2,[6,1]
3,[5,1]
4,[4,1]
5,[4,2]
6,[4,3]
7,[4,4]
8,[4,5]
9,[3,5]
10,[2,5]
11,[2,6]
12,[3,6]
13,[4,6]
14,[3,6]
15,[2,6]
16,[2,5]
17,[2,6]
18,[3,6]
19,[4,6]
20,[5,6]
21,[5,7]
22,[5,8]
23,[4,8]
24,[3,8]
25,[2,8]
26,[2,9]
27,[2,10]
28,[2,11]
29,[2,10]
30,[2,9]
31,[2,8]
32,[3,8]
33,[4,8]
34,[5,8]
35,[5,7]
36,[5,6]
37,[5,5]
38,[5,4]
39,[5,3]
40,[5,2]
41,[6,2]
42,[7,2]
43,[8,2]
44,[9,2]
45,[8,2]
46,[7,2]
47,[6,2]
48,[5,2]
49,[4,2]
50,[4,1]
51,[3,1]
52,[2,1]
53,[1,1]
54,[1,2]
55,[1,3]
