//Quantitative values
156	//Makespan
156	//Mission completion time hauler 1
2	//Application execution time (in millisecond)
//Path to the final points
0,[9,8]
1,[9,7]
2,[9,6]
3,[10,6]
4,[10,5]
5,[10,4]
6,[10,3]
7,[10,2]
8,[11,2]
9,[10,2]
10,[9,2]
11,[8,2]
12,[8,3]
13,[7,3]
14,[6,3]
15,[5,3]
16,[4,3]
17,[3,3]
18,[2,3]
19,[2,4]
20,[2,3]
21,[3,3]
22,[4,3]
23,[5,3]
24,[6,3]
25,[7,3]
26,[8,3]
27,[7,3]
28,[6,3]
29,[5,3]
30,[4,3]
31,[3,3]
32,[2,3]
33,[2,4]
34,[2,5]
35,[2,6]
36,[2,7]
37,[2,8]
38,[2,9]
39,[3,9]
40,[4,9]
41,[5,9]
42,[6,9]
43,[6,10]
44,[7,10]
45,[8,10]
46,[9,10]
47,[9,11]
48,[10,11]
49,[11,11]
50,[12,11]
51,[11,11]
52,[10,11]
53,[9,11]
54,[9,10]
55,[8,10]
56,[7,10]
57,[6,10]
58,[6,9]
59,[5,9]
60,[4,9]
61,[3,9]
62,[2,9]
63,[2,8]
64,[2,7]
65,[2,6]
66,[2,5]
67,[2,4]
68,[2,5]
69,[2,6]
70,[2,7]
71,[2,8]
72,[2,9]
73,[3,9]
74,[4,9]
75,[5,9]
76,[6,9]
77,[6,10]
78,[7,10]
79,[8,10]
80,[9,10]
81,[9,11]
82,[10,11]
83,[11,11]
84,[12,11]
85,[11,11]
86,[10,11]
87,[10,10]
88,[10,9]
89,[10,8]
90,[10,7]
91,[10,6]
92,[10,5]
93,[10,4]
94,[10,3]
95,[10,2]
96,[11,2]
97,[10,2]
98,[9,2]
99,[8,2]
100,[7,2]
101,[6,2]
102,[5,2]
103,[4,2]
104,[3,2]
105,[2,2]
106,[2,3]
107,[2,4]
108,[2,3]
109,[3,3]
110,[4,3]
111,[5,3]
112,[6,3]
113,[7,3]
114,[8,3]
115,[7,3]
116,[6,3]
117,[5,3]
118,[4,3]
119,[3,3]
120,[2,3]
121,[2,4]
122,[2,3]
123,[3,3]
124,[4,3]
125,[5,3]
126,[6,3]
127,[7,3]
128,[8,3]
129,[8,2]
130,[9,2]
131,[10,2]
132,[11,2]
133,[10,2]
134,[9,2]
135,[8,2]
136,[7,2]
137,[6,2]
138,[5,2]
139,[6,2]
140,[7,2]
141,[8,2]
142,[9,2]
143,[10,2]
144,[11,2]
145,[10,2]
146,[10,3]
147,[10,4]
148,[10,5]
149,[10,6]
150,[10,7]
151,[10,8]
152,[10,9]
153,[10,10]
154,[10,11]
155,[11,11]
156,[12,11]
