//Quantitative values
113	//Makespan
113	//Mission completion time hauler 1
2	//Application execution time (in millisecond)
//Path to the final points
0,[2,1]
1,[2,2]
2,[2,3]
3,[2,4]
4,[2,5]
5,[2,4]
6,[2,3]
7,[3,3]
8,[4,3]
9,[5,3]
10,[6,3]
11,[7,3]
12,[8,3]
13,[9,3]
14,[10,3]
15,[10,2]
16,[10,1]
17,[9,1]
18,[10,1]
19,[10,2]
20,[10,3]
21,[9,3]
22,[8,3]
23,[7,3]
24,[6,3]
25,[5,3]
26,[4,3]
27,[3,3]
28,[2,3]
29,[2,4]
30,[2,5]
31,[2,4]
32,[2,3]
33,[3,3]
34,[4,3]
35,[5,3]
36,[6,3]
37,[7,3]
38,[8,3]
39,[9,3]
40,[10,3]
41,[10,2]
42,[10,1]
43,[9,1]
44,[10,1]
45,[10,2]
46,[10,3]
47,[9,3]
48,[8,3]
49,[7,3]
50,[6,3]
51,[5,3]
52,[4,3]
53,[3,3]
54,[2,3]
55,[2,4]
56,[2,5]
57,[2,6]
58,[2,7]
59,[2,8]
60,[3,8]
61,[2,8]
62,[2,7]
63,[2,6]
64,[2,5]
65,[2,6]
66,[2,7]
67,[2,8]
68,[2,9]
69,[2,10]
70,[2,11]
71,[2,12]
72,[3,12]
73,[4,12]
74,[5,12]
75,[6,12]
76,[7,12]
77,[8,12]
78,[9,12]
79,[10,12]
80,[9,12]
81,[8,12]
82,[7,12]
83,[6,12]
84,[5,12]
85,[4,12]
86,[3,12]
87,[2,12]
88,[2,11]
89,[2,10]
90,[2,9]
91,[2,8]
92,[2,7]
93,[2,6]
94,[2,5]
95,[2,6]
96,[2,7]
97,[2,8]
98,[3,8]
99,[4,8]
100,[5,8]
101,[5,7]
102,[5,6]
103,[5,5]
104,[6,5]
105,[6,4]
106,[6,3]
107,[7,3]
108,[8,3]
109,[9,3]
110,[10,3]
111,[10,2]
112,[10,1]
113,[9,1]
