//Quantitative values
119	//Makespan
119	//Mission completion time hauler 1
2	//Application execution time (in millisecond)
//Path to the final points
0,[10,12]
1,[9,12]
2,[8,12]
3,[7,12]
4,[6,12]
5,[5,12]
6,[4,12]
7,[3,12]
8,[2,12]
9,[2,11]
10,[2,10]
11,[3,10]
12,[3,9]
13,[4,9]
14,[5,9]
15,[6,9]
16,[7,9]
17,[8,9]
18,[9,9]
19,[10,9]
20,[10,8]
21,[10,7]
22,[10,6]
23,[11,6]
24,[12,6]
25,[12,5]
26,[12,4]
27,[12,3]
28,[11,3]
29,[10,3]
30,[9,3]
31,[8,3]
32,[7,3]
33,[6,3]
34,[5,3]
35,[4,3]
36,[3,3]
37,[2,3]
38,[2,4]
39,[2,5]
40,[1,5]
41,[1,6]
42,[1,7]
43,[1,6]
44,[1,5]
45,[2,5]
46,[2,4]
47,[2,3]
48,[3,3]
49,[4,3]
50,[5,3]
51,[6,3]
52,[7,3]
53,[8,3]
54,[9,3]
55,[10,3]
56,[11,3]
57,[12,3]
58,[11,3]
59,[10,3]
60,[9,3]
61,[8,3]
62,[7,3]
63,[6,3]
64,[5,3]
65,[4,3]
66,[4,2]
67,[4,1]
68,[3,1]
69,[3,2]
70,[3,3]
71,[3,4]
72,[3,5]
73,[3,6]
74,[3,7]
75,[3,8]
76,[3,9]
77,[3,10]
78,[2,10]
79,[3,10]
80,[3,9]
81,[3,8]
82,[3,7]
83,[3,6]
84,[3,5]
85,[3,4]
86,[3,3]
87,[3,2]
88,[3,1]
89,[4,1]
90,[3,1]
91,[3,2]
92,[3,3]
93,[3,4]
94,[3,5]
95,[3,6]
96,[3,7]
97,[3,8]
98,[3,9]
99,[3,10]
100,[2,10]
101,[1,10]
102,[1,9]
103,[1,8]
104,[1,7]
105,[1,8]
106,[1,9]
107,[1,10]
108,[2,10]
109,[3,10]
110,[3,9]
111,[3,8]
112,[3,7]
113,[3,6]
114,[3,5]
115,[3,4]
116,[3,3]
117,[3,2]
118,[3,1]
119,[4,1]
