//Quantitative values
89	//Makespan
73	//Mission completion time hauler 1
90	//Mission completion time hauler 2
2	//Application execution time (in millisecond)
//Path to the final points
0,[9 ,7],[9,10]
1,[8 ,7],[8,10]
2,[7 ,7],[7,10]
3,[6 ,7],[7,9]
4,[5 ,7],[6,9]
5,[5 ,8],[5,9]
6,[5 ,9],[4,9]
7,[5 ,10],[3,9]
8,[5 ,11],[2,9]
9,[5 ,12],[2,8]
10,[4 ,12],[2,7]
11,[4 ,11],[2,6]
12,[4 ,10],[2,7]
13,[4 ,9],[2,8]
14,[4 ,8],[2,9]
15,[4 ,7],[2,10]
16,[4 ,6],[2,11]
17,[4 ,5],[3,11]
18,[3 ,5],[4,11]
19,[3 ,4],[5,11]
20,[3 ,3],[6,11]
21,[3 ,4],[7,11]
22,[3 ,5],[8,11]
23,[4 ,5],[9,11]
24,[4 ,6],[10,11]
25,[4 ,7],[11,11]
26,[4 ,8],[12,11]
27,[4 ,9],[11,11]
28,[4 ,10],[10,11]
29,[4 ,11],[9,11]
30,[4 ,12],[8,11]
31,[5 ,12],[7,11]
32,[5 ,11],[6,11]
33,[5 ,10],[5,11]
34,[5 ,9],[4,11]
35,[6 ,9],[4,10]
36,[7 ,9],[4,9]
37,[6 ,9],[4,8]
38,[5 ,9],[4,7]
39,[5 ,10],[4,8]
40,[5 ,11],[4,9]
41,[5 ,12],[5,9]
42,[4 ,12],[6,9]
43,[4 ,11],[7,9]
44,[4 ,10],[6,9]
45,[4 ,9],[5,9]
46,[4 ,8],[4,9]
47,[4 ,7],[3,9]
48,[4 ,6],[2,9]
49,[4 ,5],[2,8]
50,[3 ,5],[2,7]
51,[3 ,4],[2,6]
52,[3 ,3],[2,5]
53,[3 ,4],[2,4]
54,[3 ,5],[2,3]
55,[4 ,5],[3,3]
56,[4 ,6],[3,4]
57,[4 ,7],[3,5]
58,[4 ,6],[4,5]
59,[4 ,5],[4,6]
60,[3 ,5],[4,7]
61,[3 ,4],[4,8]
62,[3 ,3],[4,9]
63,[3 ,4],[4,10]
64,[3 ,5],[4,11]
65,[4 ,5],[4,12]
66,[4 ,6],[5,12]
67,[4 ,7],[4,12]
68,[4 ,6],[4,11]
69,[4 ,5],[4,10]
70,[3 ,5],[4,9]
71,[3 ,4],[4,8]
72,[3 ,3],[4,7]
73,[3 ,3],[4,6]
74,[3 ,3],[4,5]
75,[3 ,3],[3,5]
76,[3 ,3],[3,4]
77,[3 ,3],[3,3]
78,[3 ,3],[3,4]
79,[3 ,3],[3,5]
80,[3 ,3],[4,5]
81,[3 ,3],[4,6]
82,[3 ,3],[4,7]
83,[3 ,3],[4,8]
84,[3 ,3],[4,9]
85,[3 ,3],[4,10]
86,[3 ,3],[4,11]
87,[3 ,3],[4,12]
88,[3 ,3],[5,12]
89,[3 ,3],[5,12]
