//Quantitative values
379	//Makespan
380	//Mission completion time hauler 1
1	//Application execution time (in millisecond)
//Path to the final points
0,[5,9]
1,[5,8]
2,[5,7]
3,[5,6]
4,[5,5]
5,[5,4]
6,[5,3]
7,[5,2]
8,[5,1]
9,[4,1]
10,[5,1]
11,[5,2]
12,[5,3]
13,[5,2]
14,[5,1]
15,[4,1]
16,[4,1]
17,[4,1]
18,[4,1]
19,[4,1]
20,[4,1]
21,[5,1]
22,[5,2]
23,[5,3]
24,[5,4]
25,[6,4]
26,[7,4]
27,[7,5]
28,[7,6]
29,[7,7]
30,[7,8]
31,[7,9]
32,[7,10]
33,[8,10]
34,[9,10]
35,[8,10]
36,[7,10]
37,[7,9]
38,[7,8]
39,[7,7]
40,[7,6]
41,[7,5]
42,[7,4]
43,[6,4]
44,[5,4]
45,[5,3]
46,[5,2]
47,[5,1]
48,[4,1]
49,[4,1]
50,[4,1]
51,[4,1]
52,[4,1]
53,[4,1]
54,[5,1]
55,[5,2]
56,[5,3]
57,[5,4]
58,[6,4]
59,[7,4]
60,[7,5]
61,[7,6]
62,[7,7]
63,[7,8]
64,[7,9]
65,[7,10]
66,[8,10]
67,[9,10]
68,[9,11]
69,[10,11]
70,[11,11]
71,[12,11]
72,[11,11]
73,[10,11]
74,[9,11]
75,[9,10]
76,[8,10]
77,[7,10]
78,[7,9]
79,[7,8]
80,[7,7]
81,[7,6]
82,[7,5]
83,[7,4]
84,[6,4]
85,[5,4]
86,[5,3]
87,[5,2]
88,[5,1]
89,[4,1]
90,[4,1]
91,[4,1]
92,[4,1]
93,[4,1]
94,[4,1]
95,[3,1]
96,[2,1]
97,[1,1]
98,[1,2]
99,[1,3]
100,[1,4]
101,[1,5]
102,[1,6]
103,[1,7]
104,[1,8]
105,[1,9]
106,[1,10]
107,[1,11]
108,[1,12]
109,[2,12]
110,[3,12]
111,[2,12]
112,[1,12]
113,[1,11]
114,[1,10]
115,[1,9]
116,[1,8]
117,[1,7]
118,[1,6]
119,[1,5]
120,[1,4]
121,[1,3]
122,[1,2]
123,[1,1]
124,[2,1]
125,[3,1]
126,[4,1]
127,[4,1]
128,[4,1]
129,[4,1]
130,[4,1]
131,[4,1]
132,[5,1]
133,[5,2]
134,[5,3]
135,[5,4]
136,[6,4]
137,[7,4]
138,[7,5]
139,[7,6]
140,[7,7]
141,[7,8]
142,[7,9]
143,[7,10]
144,[8,10]
145,[9,10]
146,[9,11]
147,[10,11]
148,[11,11]
149,[12,11]
150,[11,11]
151,[10,11]
152,[9,11]
153,[9,10]
154,[8,10]
155,[7,10]
156,[7,9]
157,[7,8]
158,[7,7]
159,[7,6]
160,[7,5]
161,[7,4]
162,[6,4]
163,[5,4]
164,[5,3]
165,[5,2]
166,[5,1]
167,[4,1]
168,[4,1]
169,[4,1]
170,[4,1]
171,[4,1]
172,[4,1]
173,[3,1]
174,[2,1]
175,[1,1]
176,[1,2]
177,[1,3]
178,[1,4]
179,[1,5]
180,[1,6]
181,[1,7]
182,[1,8]
183,[1,9]
184,[1,10]
185,[1,11]
186,[1,12]
187,[2,12]
188,[3,12]
189,[2,12]
190,[1,12]
191,[1,11]
192,[1,10]
193,[1,9]
194,[1,8]
195,[1,7]
196,[1,6]
197,[1,5]
198,[1,4]
199,[1,3]
200,[1,2]
201,[1,1]
202,[2,1]
203,[3,1]
204,[4,1]
205,[4,1]
206,[4,1]
207,[4,1]
208,[4,1]
209,[4,1]
210,[5,1]
211,[5,2]
212,[5,3]
213,[6,3]
214,[5,3]
215,[5,2]
216,[5,1]
217,[4,1]
218,[5,1]
219,[5,2]
220,[5,3]
221,[5,4]
222,[6,4]
223,[7,4]
224,[7,5]
225,[7,6]
226,[7,7]
227,[7,8]
228,[7,9]
229,[7,10]
230,[8,10]
231,[9,10]
232,[8,10]
233,[7,10]
234,[7,9]
235,[7,8]
236,[7,7]
237,[7,6]
238,[7,5]
239,[7,4]
240,[6,4]
241,[5,4]
242,[5,3]
243,[5,2]
244,[5,1]
245,[4,1]
246,[4,1]
247,[4,1]
248,[4,1]
249,[4,1]
250,[4,1]
251,[5,1]
252,[5,2]
253,[5,3]
254,[5,4]
255,[6,4]
256,[7,4]
257,[7,5]
258,[7,6]
259,[7,7]
260,[7,8]
261,[7,9]
262,[7,10]
263,[8,10]
264,[9,10]
265,[9,11]
266,[10,11]
267,[11,11]
268,[12,11]
269,[11,11]
270,[10,11]
271,[9,11]
272,[9,10]
273,[8,10]
274,[7,10]
275,[7,9]
276,[7,8]
277,[7,7]
278,[7,6]
279,[7,5]
280,[7,4]
281,[6,4]
282,[5,4]
283,[5,3]
284,[5,2]
285,[5,1]
286,[4,1]
287,[4,1]
288,[4,1]
289,[4,1]
290,[4,1]
291,[4,1]
292,[5,1]
293,[5,2]
294,[5,3]
295,[5,4]
296,[6,4]
297,[7,4]
298,[7,5]
299,[7,6]
300,[7,7]
301,[7,8]
302,[7,9]
303,[7,10]
304,[8,10]
305,[9,10]
306,[8,10]
307,[7,10]
308,[7,9]
309,[7,8]
310,[7,7]
311,[7,6]
312,[7,5]
313,[7,4]
314,[6,4]
315,[5,4]
316,[5,3]
317,[5,2]
318,[5,1]
319,[4,1]
320,[4,1]
321,[4,1]
322,[4,1]
323,[4,1]
324,[4,1]
325,[5,1]
326,[5,2]
327,[5,3]
328,[5,4]
329,[6,4]
330,[7,4]
331,[7,5]
332,[7,6]
333,[7,7]
334,[7,8]
335,[7,9]
336,[7,10]
337,[8,10]
338,[9,10]
339,[9,11]
340,[10,11]
341,[11,11]
342,[12,11]
343,[11,11]
344,[10,11]
345,[9,11]
346,[9,10]
347,[8,10]
348,[7,10]
349,[7,9]
350,[7,8]
351,[7,7]
352,[7,6]
353,[7,5]
354,[7,4]
355,[6,4]
356,[5,4]
357,[5,3]
358,[5,2]
359,[5,1]
360,[4,1]
361,[4,1]
362,[4,1]
363,[4,1]
364,[4,1]
365,[4,1]
366,[5,1]
367,[5,2]
368,[5,3]
369,[5,4]
370,[6,4]
371,[7,4]
372,[7,5]
373,[7,6]
374,[7,7]
375,[7,8]
376,[7,9]
377,[7,10]
378,[8,10]
379,[9,10]
