//Quantitative values
291	//Makespan
292	//Mission completion time hauler 1
1	//Application execution time (in millisecond)
//Path to the final points
0,[2,8]
1,[2,9]
2,[2,10]
3,[2,11]
4,[2,12]
5,[3,12]
6,[4,12]
7,[5,12]
8,[6,12]
9,[7,12]
10,[8,12]
11,[9,12]
12,[9,11]
13,[10,11]
14,[10,10]
15,[10,9]
16,[11,9]
17,[12,9]
18,[12,9]
19,[12,9]
20,[12,9]
21,[12,9]
22,[12,9]
23,[11,9]
24,[10,9]
25,[9,9]
26,[8,9]
27,[7,9]
28,[7,8]
29,[7,7]
30,[7,6]
31,[7,5]
32,[7,4]
33,[6,4]
34,[6,3]
35,[5,3]
36,[5,2]
37,[5,1]
38,[4,1]
39,[5,1]
40,[5,2]
41,[5,3]
42,[6,3]
43,[6,4]
44,[7,4]
45,[7,5]
46,[7,6]
47,[7,7]
48,[7,8]
49,[7,9]
50,[8,9]
51,[9,9]
52,[10,9]
53,[11,9]
54,[12,9]
55,[12,9]
56,[12,9]
57,[12,9]
58,[12,9]
59,[12,9]
60,[11,9]
61,[10,9]
62,[10,10]
63,[10,11]
64,[9,11]
65,[9,12]
66,[8,12]
67,[7,12]
68,[6,12]
69,[7,12]
70,[8,12]
71,[9,12]
72,[9,11]
73,[10,11]
74,[10,10]
75,[10,9]
76,[11,9]
77,[12,9]
78,[12,9]
79,[12,9]
80,[12,9]
81,[12,9]
82,[12,9]
83,[11,9]
84,[10,9]
85,[9,9]
86,[8,9]
87,[7,9]
88,[7,8]
89,[7,7]
90,[7,6]
91,[7,5]
92,[7,4]
93,[6,4]
94,[6,3]
95,[5,3]
96,[5,2]
97,[5,1]
98,[4,1]
99,[5,1]
100,[5,2]
101,[5,3]
102,[6,3]
103,[6,4]
104,[7,4]
105,[7,5]
106,[7,6]
107,[7,7]
108,[7,8]
109,[7,9]
110,[8,9]
111,[9,9]
112,[10,9]
113,[11,9]
114,[12,9]
115,[12,9]
116,[12,9]
117,[12,9]
118,[12,9]
119,[12,9]
120,[12,8]
121,[12,7]
122,[11,7]
123,[11,6]
124,[11,5]
125,[11,4]
126,[11,5]
127,[11,6]
128,[11,7]
129,[12,7]
130,[12,8]
131,[12,9]
132,[12,8]
133,[12,7]
134,[12,6]
135,[12,7]
136,[12,8]
137,[12,9]
138,[12,9]
139,[12,9]
140,[12,9]
141,[12,9]
142,[12,9]
143,[12,8]
144,[12,7]
145,[11,7]
146,[11,6]
147,[11,5]
148,[11,4]
149,[11,5]
150,[11,6]
151,[11,7]
152,[12,7]
153,[12,8]
154,[12,9]
155,[12,8]
156,[12,7]
157,[12,6]
158,[12,7]
159,[12,8]
160,[12,9]
161,[12,9]
162,[12,9]
163,[12,9]
164,[12,9]
165,[12,9]
166,[11,9]
167,[10,9]
168,[9,9]
169,[8,9]
170,[7,9]
171,[7,8]
172,[7,7]
173,[7,6]
174,[7,5]
175,[7,4]
176,[6,4]
177,[6,3]
178,[5,3]
179,[5,2]
180,[5,1]
181,[4,1]
182,[3,1]
183,[2,1]
184,[1,1]
185,[1,2]
186,[1,3]
187,[2,3]
188,[3,3]
189,[2,3]
190,[1,3]
191,[1,2]
192,[1,1]
193,[2,1]
194,[3,1]
195,[4,1]
196,[5,1]
197,[5,2]
198,[5,3]
199,[6,3]
200,[6,4]
201,[7,4]
202,[7,5]
203,[7,6]
204,[7,7]
205,[7,8]
206,[7,9]
207,[8,9]
208,[9,9]
209,[10,9]
210,[11,9]
211,[12,9]
212,[12,9]
213,[12,9]
214,[12,9]
215,[12,9]
216,[12,9]
217,[12,8]
218,[12,7]
219,[12,6]
220,[12,7]
221,[12,8]
222,[12,9]
223,[11,9]
224,[10,9]
225,[10,10]
226,[10,11]
227,[9,11]
228,[9,12]
229,[8,12]
230,[7,12]
231,[6,12]
232,[7,12]
233,[8,12]
234,[9,12]
235,[9,11]
236,[10,11]
237,[10,10]
238,[10,9]
239,[11,9]
240,[12,9]
241,[12,9]
242,[12,9]
243,[12,9]
244,[12,9]
245,[12,9]
246,[11,9]
247,[10,9]
248,[9,9]
249,[8,9]
250,[7,9]
251,[7,8]
252,[7,7]
253,[7,6]
254,[7,5]
255,[7,4]
256,[6,4]
257,[6,3]
258,[5,3]
259,[5,2]
260,[5,1]
261,[4,1]
262,[5,1]
263,[5,2]
264,[5,3]
265,[6,3]
266,[6,4]
267,[7,4]
268,[7,5]
269,[7,6]
270,[7,7]
271,[7,8]
272,[7,9]
273,[8,9]
274,[9,9]
275,[10,9]
276,[11,9]
277,[12,9]
278,[12,9]
279,[12,9]
280,[12,9]
281,[12,9]
282,[12,9]
283,[11,9]
284,[10,9]
285,[10,10]
286,[10,11]
287,[9,11]
288,[9,12]
289,[8,12]
290,[7,12]
291,[6,12]
