//Quantitative values
360	//Makespan
361	//Mission completion time hauler 1
1	//Application execution time (in millisecond)
//Path to the final points
0,[1,5]
1,[1,4]
2,[1,3]
3,[1,2]
4,[1,1]
5,[2,1]
6,[3,1]
7,[4,1]
8,[5,1]
9,[5,2]
10,[6,2]
11,[7,2]
12,[8,2]
13,[9,2]
14,[10,2]
15,[11,2]
16,[12,2]
17,[12,3]
18,[12,4]
19,[11,4]
20,[11,5]
21,[11,6]
22,[11,6]
23,[11,6]
24,[11,6]
25,[11,6]
26,[11,6]
27,[11,7]
28,[12,7]
29,[12,8]
30,[12,9]
31,[12,10]
32,[12,11]
33,[12,12]
34,[12,11]
35,[12,10]
36,[12,9]
37,[12,8]
38,[12,7]
39,[11,7]
40,[11,6]
41,[11,5]
42,[11,4]
43,[12,4]
44,[12,3]
45,[12,2]
46,[11,2]
47,[10,2]
48,[9,2]
49,[8,2]
50,[7,2]
51,[6,2]
52,[5,2]
53,[5,1]
54,[4,1]
55,[3,1]
56,[2,1]
57,[1,1]
58,[1,2]
59,[1,3]
60,[1,4]
61,[1,3]
62,[1,2]
63,[1,1]
64,[2,1]
65,[3,1]
66,[4,1]
67,[5,1]
68,[5,2]
69,[6,2]
70,[7,2]
71,[8,2]
72,[9,2]
73,[10,2]
74,[11,2]
75,[12,2]
76,[12,3]
77,[12,4]
78,[11,4]
79,[11,5]
80,[11,6]
81,[11,6]
82,[11,6]
83,[11,6]
84,[11,6]
85,[11,6]
86,[11,5]
87,[11,4]
88,[12,4]
89,[12,3]
90,[12,2]
91,[11,2]
92,[10,2]
93,[11,2]
94,[12,2]
95,[12,3]
96,[12,4]
97,[11,4]
98,[11,5]
99,[11,6]
100,[11,5]
101,[11,4]
102,[12,4]
103,[12,3]
104,[12,2]
105,[11,2]
106,[10,2]
107,[9,2]
108,[8,2]
109,[7,2]
110,[6,2]
111,[5,2]
112,[5,1]
113,[4,1]
114,[3,1]
115,[2,1]
116,[1,1]
117,[1,2]
118,[1,3]
119,[1,4]
120,[1,3]
121,[1,2]
122,[1,1]
123,[2,1]
124,[3,1]
125,[4,1]
126,[5,1]
127,[5,2]
128,[6,2]
129,[7,2]
130,[8,2]
131,[9,2]
132,[10,2]
133,[11,2]
134,[12,2]
135,[12,3]
136,[12,4]
137,[11,4]
138,[11,5]
139,[11,6]
140,[11,6]
141,[11,6]
142,[11,6]
143,[11,6]
144,[11,6]
145,[11,7]
146,[12,7]
147,[12,8]
148,[12,9]
149,[12,10]
150,[12,11]
151,[12,12]
152,[12,11]
153,[12,10]
154,[12,9]
155,[12,8]
156,[12,7]
157,[11,7]
158,[11,6]
159,[11,5]
160,[11,4]
161,[12,4]
162,[12,3]
163,[12,2]
164,[11,2]
165,[10,2]
166,[9,2]
167,[8,2]
168,[7,2]
169,[6,2]
170,[5,2]
171,[5,1]
172,[4,1]
173,[3,1]
174,[2,1]
175,[3,1]
176,[4,1]
177,[5,1]
178,[5,2]
179,[6,2]
180,[7,2]
181,[8,2]
182,[9,2]
183,[10,2]
184,[11,2]
185,[12,2]
186,[12,3]
187,[12,4]
188,[11,4]
189,[11,5]
190,[11,6]
191,[11,6]
192,[11,6]
193,[11,6]
194,[11,6]
195,[11,6]
196,[11,5]
197,[11,4]
198,[12,4]
199,[12,3]
200,[12,2]
201,[11,2]
202,[10,2]
203,[11,2]
204,[12,2]
205,[12,3]
206,[12,4]
207,[11,4]
208,[11,5]
209,[11,6]
210,[11,5]
211,[11,4]
212,[12,4]
213,[12,3]
214,[12,2]
215,[11,2]
216,[10,2]
217,[9,2]
218,[8,2]
219,[7,2]
220,[6,2]
221,[5,2]
222,[5,1]
223,[4,1]
224,[3,1]
225,[2,1]
226,[3,1]
227,[4,1]
228,[5,1]
229,[5,2]
230,[6,2]
231,[7,2]
232,[8,2]
233,[9,2]
234,[10,2]
235,[11,2]
236,[12,2]
237,[12,3]
238,[12,4]
239,[11,4]
240,[11,5]
241,[11,6]
242,[11,6]
243,[11,6]
244,[11,6]
245,[11,6]
246,[11,6]
247,[11,7]
248,[12,7]
249,[12,8]
250,[12,9]
251,[11,9]
252,[10,9]
253,[9,9]
254,[9,10]
255,[9,11]
256,[9,12]
257,[8,12]
258,[7,12]
259,[6,12]
260,[5,12]
261,[4,12]
262,[3,12]
263,[2,12]
264,[3,12]
265,[4,12]
266,[5,12]
267,[6,12]
268,[7,12]
269,[8,12]
270,[9,12]
271,[9,11]
272,[9,10]
273,[9,9]
274,[10,9]
275,[11,9]
276,[12,9]
277,[12,8]
278,[12,7]
279,[11,7]
280,[11,6]
281,[11,6]
282,[11,6]
283,[11,6]
284,[11,6]
285,[11,6]
286,[11,5]
287,[11,4]
288,[12,4]
289,[12,3]
290,[12,2]
291,[11,2]
292,[10,2]
293,[9,2]
294,[8,2]
295,[7,2]
296,[6,2]
297,[5,2]
298,[5,1]
299,[4,1]
300,[3,1]
301,[2,1]
302,[1,1]
303,[1,2]
304,[1,3]
305,[1,4]
306,[1,3]
307,[1,2]
308,[1,1]
309,[2,1]
310,[3,1]
311,[4,1]
312,[5,1]
313,[5,2]
314,[6,2]
315,[7,2]
316,[8,2]
317,[9,2]
318,[10,2]
319,[11,2]
320,[12,2]
321,[12,3]
322,[12,4]
323,[11,4]
324,[11,5]
325,[11,6]
326,[11,6]
327,[11,6]
328,[11,6]
329,[11,6]
330,[11,6]
331,[11,5]
332,[11,4]
333,[12,4]
334,[12,3]
335,[12,2]
336,[11,2]
337,[10,2]
338,[11,2]
339,[12,2]
340,[12,3]
341,[12,4]
342,[11,4]
343,[11,5]
344,[11,6]
345,[11,5]
346,[11,4]
347,[12,4]
348,[12,3]
349,[12,2]
350,[11,2]
351,[10,2]
352,[9,2]
353,[8,2]
354,[7,2]
355,[6,2]
356,[5,2]
357,[5,1]
358,[4,1]
359,[3,1]
360,[2,1]
