//Quantitative values
377	//Makespan
378	//Mission completion time hauler 1
1	//Application execution time (in millisecond)
//Path to the final points
0,[2,7]
1,[2,8]
2,[2,9]
3,[2,10]
4,[2,11]
5,[2,12]
6,[3,12]
7,[4,12]
8,[5,12]
9,[6,12]
10,[7,12]
11,[8,12]
12,[9,12]
13,[10,12]
14,[11,12]
15,[11,12]
16,[11,12]
17,[11,12]
18,[11,12]
19,[11,12]
20,[10,12]
21,[9,12]
22,[8,12]
23,[7,12]
24,[6,12]
25,[5,12]
26,[4,12]
27,[3,12]
28,[2,12]
29,[1,12]
30,[2,12]
31,[3,12]
32,[4,12]
33,[5,12]
34,[6,12]
35,[7,12]
36,[8,12]
37,[9,12]
38,[10,12]
39,[11,12]
40,[10,12]
41,[9,12]
42,[8,12]
43,[7,12]
44,[6,12]
45,[5,12]
46,[4,12]
47,[3,12]
48,[3,11]
49,[3,10]
50,[3,9]
51,[3,8]
52,[4,8]
53,[5,8]
54,[4,8]
55,[3,8]
56,[3,9]
57,[3,10]
58,[3,11]
59,[3,12]
60,[4,12]
61,[5,12]
62,[6,12]
63,[7,12]
64,[8,12]
65,[9,12]
66,[10,12]
67,[11,12]
68,[11,12]
69,[11,12]
70,[11,12]
71,[11,12]
72,[11,12]
73,[10,12]
74,[9,12]
75,[9,11]
76,[9,10]
77,[8,10]
78,[7,10]
79,[7,9]
80,[7,8]
81,[7,7]
82,[7,6]
83,[7,5]
84,[7,4]
85,[6,4]
86,[5,4]
87,[5,3]
88,[5,2]
89,[5,1]
90,[4,1]
91,[5,1]
92,[5,2]
93,[5,3]
94,[5,4]
95,[6,4]
96,[7,4]
97,[7,5]
98,[7,6]
99,[7,7]
100,[7,8]
101,[7,9]
102,[7,10]
103,[8,10]
104,[9,10]
105,[9,11]
106,[9,12]
107,[10,12]
108,[11,12]
109,[11,12]
110,[11,12]
111,[11,12]
112,[11,12]
113,[11,12]
114,[10,12]
115,[9,12]
116,[8,12]
117,[7,12]
118,[6,12]
119,[5,12]
120,[4,12]
121,[3,12]
122,[3,11]
123,[3,10]
124,[3,9]
125,[3,8]
126,[4,8]
127,[5,8]
128,[4,8]
129,[3,8]
130,[3,9]
131,[3,10]
132,[3,11]
133,[3,12]
134,[4,12]
135,[5,12]
136,[6,12]
137,[7,12]
138,[8,12]
139,[9,12]
140,[10,12]
141,[11,12]
142,[11,12]
143,[11,12]
144,[11,12]
145,[11,12]
146,[11,12]
147,[10,12]
148,[9,12]
149,[9,11]
150,[9,10]
151,[8,10]
152,[7,10]
153,[7,9]
154,[7,8]
155,[7,9]
156,[7,10]
157,[8,10]
158,[9,10]
159,[9,11]
160,[9,12]
161,[10,12]
162,[11,12]
163,[10,12]
164,[9,12]
165,[8,12]
166,[7,12]
167,[6,12]
168,[5,12]
169,[4,12]
170,[3,12]
171,[3,11]
172,[3,10]
173,[3,9]
174,[3,8]
175,[4,8]
176,[5,8]
177,[4,8]
178,[3,8]
179,[3,9]
180,[3,10]
181,[3,11]
182,[3,12]
183,[4,12]
184,[5,12]
185,[6,12]
186,[7,12]
187,[8,12]
188,[9,12]
189,[10,12]
190,[11,12]
191,[11,12]
192,[11,12]
193,[11,12]
194,[11,12]
195,[11,12]
196,[10,12]
197,[9,12]
198,[9,11]
199,[9,10]
200,[8,10]
201,[7,10]
202,[7,9]
203,[7,8]
204,[7,7]
205,[7,6]
206,[7,5]
207,[7,4]
208,[6,4]
209,[5,4]
210,[5,3]
211,[5,2]
212,[5,1]
213,[4,1]
214,[5,1]
215,[5,2]
216,[5,3]
217,[5,4]
218,[6,4]
219,[7,4]
220,[7,5]
221,[7,6]
222,[7,7]
223,[7,8]
224,[7,9]
225,[7,10]
226,[8,10]
227,[9,10]
228,[9,11]
229,[9,12]
230,[10,12]
231,[11,12]
232,[11,12]
233,[11,12]
234,[11,12]
235,[11,12]
236,[11,12]
237,[10,12]
238,[9,12]
239,[8,12]
240,[7,12]
241,[6,12]
242,[5,12]
243,[4,12]
244,[3,12]
245,[3,11]
246,[3,10]
247,[3,9]
248,[3,8]
249,[4,8]
250,[5,8]
251,[4,8]
252,[3,8]
253,[3,9]
254,[3,10]
255,[3,11]
256,[3,12]
257,[4,12]
258,[5,12]
259,[6,12]
260,[7,12]
261,[8,12]
262,[9,12]
263,[10,12]
264,[11,12]
265,[11,12]
266,[11,12]
267,[11,12]
268,[11,12]
269,[11,12]
270,[10,12]
271,[9,12]
272,[9,11]
273,[9,10]
274,[8,10]
275,[7,10]
276,[7,9]
277,[7,8]
278,[7,7]
279,[7,6]
280,[7,5]
281,[7,4]
282,[6,4]
283,[5,4]
284,[5,3]
285,[5,2]
286,[5,1]
287,[4,1]
288,[5,1]
289,[5,2]
290,[5,3]
291,[5,4]
292,[6,4]
293,[7,4]
294,[7,5]
295,[7,6]
296,[7,7]
297,[7,8]
298,[7,9]
299,[7,10]
300,[8,10]
301,[9,10]
302,[9,11]
303,[9,12]
304,[10,12]
305,[11,12]
306,[11,12]
307,[11,12]
308,[11,12]
309,[11,12]
310,[11,12]
311,[10,12]
312,[9,12]
313,[8,12]
314,[7,12]
315,[6,12]
316,[5,12]
317,[4,12]
318,[3,12]
319,[3,11]
320,[3,10]
321,[3,9]
322,[3,8]
323,[4,8]
324,[5,8]
325,[4,8]
326,[3,8]
327,[3,9]
328,[3,10]
329,[3,11]
330,[3,12]
331,[4,12]
332,[5,12]
333,[6,12]
334,[7,12]
335,[8,12]
336,[9,12]
337,[10,12]
338,[11,12]
339,[11,12]
340,[11,12]
341,[11,12]
342,[11,12]
343,[11,12]
344,[10,12]
345,[9,12]
346,[8,12]
347,[7,12]
348,[6,12]
349,[5,12]
350,[4,12]
351,[3,12]
352,[2,12]
353,[1,12]
354,[2,12]
355,[3,12]
356,[4,12]
357,[5,12]
358,[6,12]
359,[7,12]
360,[8,12]
361,[9,12]
362,[10,12]
363,[11,12]
364,[10,12]
365,[9,12]
366,[9,11]
367,[9,10]
368,[8,10]
369,[7,10]
370,[7,9]
371,[7,8]
372,[7,7]
373,[7,6]
374,[7,5]
375,[7,4]
376,[7,3]
377,[7,2]
