//Quantitative values
185	//Makespan
186	//Mission completion time hauler 1
1	//Application execution time (in millisecond)
//Path to the final points
0,[3,12]
1,[2,12]
2,[1,12]
3,[1,11]
4,[1,10]
5,[1,9]
6,[2,9]
7,[3,9]
8,[4,9]
9,[4,10]
10,[5,10]
11,[5,10]
12,[5,10]
13,[5,10]
14,[5,10]
15,[5,10]
16,[4,10]
17,[4,9]
18,[3,9]
19,[2,9]
20,[1,9]
21,[2,9]
22,[3,9]
23,[4,9]
24,[4,10]
25,[5,10]
26,[4,10]
27,[4,9]
28,[3,9]
29,[2,9]
30,[1,9]
31,[1,10]
32,[1,11]
33,[1,12]
34,[2,12]
35,[3,12]
36,[4,12]
37,[3,12]
38,[2,12]
39,[1,12]
40,[1,11]
41,[1,10]
42,[1,9]
43,[2,9]
44,[3,9]
45,[4,9]
46,[4,10]
47,[5,10]
48,[5,10]
49,[5,10]
50,[5,10]
51,[5,10]
52,[5,10]
53,[4,10]
54,[4,9]
55,[3,9]
56,[4,9]
57,[4,10]
58,[5,10]
59,[4,10]
60,[4,9]
61,[3,9]
62,[3,8]
63,[3,7]
64,[3,6]
65,[3,5]
66,[3,6]
67,[3,7]
68,[3,8]
69,[3,9]
70,[4,9]
71,[4,10]
72,[5,10]
73,[5,10]
74,[5,10]
75,[5,10]
76,[5,10]
77,[5,10]
78,[4,10]
79,[4,9]
80,[3,9]
81,[4,9]
82,[4,10]
83,[5,10]
84,[4,10]
85,[4,9]
86,[3,9]
87,[3,8]
88,[3,7]
89,[3,6]
90,[3,5]
91,[3,6]
92,[3,7]
93,[3,8]
94,[3,9]
95,[4,9]
96,[4,10]
97,[5,10]
98,[5,10]
99,[5,10]
100,[5,10]
101,[5,10]
102,[5,10]
103,[4,10]
104,[4,9]
105,[3,9]
106,[4,9]
107,[4,10]
108,[5,10]
109,[4,10]
110,[4,9]
111,[3,9]
112,[2,9]
113,[1,9]
114,[1,10]
115,[1,11]
116,[1,12]
117,[2,12]
118,[3,12]
119,[4,12]
120,[3,12]
121,[2,12]
122,[1,12]
123,[1,11]
124,[1,10]
125,[1,9]
126,[2,9]
127,[3,9]
128,[4,9]
129,[4,10]
130,[5,10]
131,[5,10]
132,[5,10]
133,[5,10]
134,[5,10]
135,[5,10]
136,[4,10]
137,[4,9]
138,[3,9]
139,[4,9]
140,[4,10]
141,[5,10]
142,[4,10]
143,[4,9]
144,[3,9]
145,[2,9]
146,[1,9]
147,[1,10]
148,[1,11]
149,[1,12]
150,[2,12]
151,[3,12]
152,[4,12]
153,[3,12]
154,[2,12]
155,[1,12]
156,[1,11]
157,[1,10]
158,[1,9]
159,[2,9]
160,[3,9]
161,[4,9]
162,[4,10]
163,[5,10]
164,[5,10]
165,[5,10]
166,[5,10]
167,[5,10]
168,[5,10]
169,[4,10]
170,[4,9]
171,[3,9]
172,[2,9]
173,[1,9]
174,[2,9]
175,[3,9]
176,[4,9]
177,[4,10]
178,[5,10]
179,[4,10]
180,[4,9]
181,[3,9]
182,[3,8]
183,[3,7]
184,[3,6]
185,[3,5]
