//Quantitative values
80	//Makespan
80	//Mission completion time hauler 1
65	//Mission completion time hauler 2
73	//Mission completion time hauler 3
2	//Application execution time (in millisecond)
//Path to the final points
0,[10,1],[8,7],[12,7]
1,[9,1],[8,6],[11,7]
2,[9,2],[9,6],[10,7]
3,[9,3],[8,6],[9,7]
4,[8,3],[8,5],[9,6]
5,[8,4],[8,5],[8,6]
6,[8,5],[8,4],[8,6]
7,[8,6],[8,3],[8,5]
8,[9,6],[9,3],[8,4]
9,[8,6],[9,2],[8,3]
10,[8,5],[9,1],[9,3]
11,[8,4],[10,1],[9,2]
12,[8,3],[11,1],[9,1]
13,[9,3],[12,1],[10,1]
14,[9,2],[11,1],[10,1]
15,[9,1],[10,1],[11,1]
16,[10,1],[9,1],[12,1]
17,[11,1],[9,2],[12,1]
18,[12,1],[9,3],[11,1]
19,[11,1],[8,3],[10,1]
20,[10,1],[8,4],[9,1]
21,[9,1],[8,5],[9,2]
22,[9,2],[8,6],[9,3]
23,[9,3],[9,6],[8,3]
24,[8,3],[8,6],[8,4]
25,[8,4],[8,5],[7,4]
26,[8,5],[8,4],[7,4]
27,[8,6],[8,3],[8,4]
28,[9,6],[9,3],[8,5]
29,[8,6],[9,2],[8,5]
30,[8,5],[9,1],[8,6]
31,[8,4],[10,1],[9,6]
32,[8,3],[11,1],[9,7]
33,[9,3],[12,1],[9,8]
34,[9,2],[11,1],[9,9]
35,[9,1],[10,1],[9,10]
36,[10,1],[9,1],[9,11]
37,[11,1],[9,2],[8,11]
38,[12,1],[9,3],[9,11]
39,[11,1],[8,3],[9,10]
40,[10,1],[8,4],[9,9]
41,[9,1],[8,5],[9,8]
42,[9,2],[8,6],[9,7]
43,[9,3],[8,7],[9,6]
44,[8,3],[8,8],[8,6]
45,[8,4],[8,9],[8,5]
46,[8,5],[9,9],[8,4]
47,[8,6],[9,10],[8,3]
48,[8,7],[9,11],[9,3]
49,[8,8],[8,11],[8,3]
50,[8,9],[9,11],[8,4]
51,[9,9],[9,10],[8,5]
52,[8,9],[9,9],[8,6]
53,[8,8],[8,9],[8,7]
54,[8,7],[8,8],[7,7]
55,[8,6],[8,7],[7,7]
56,[8,5],[8,6],[8,7]
57,[8,4],[8,5],[8,8]
58,[8,3],[8,4],[8,9]
59,[9,3],[8,3],[9,9]
60,[8,3],[9,3],[8,9]
61,[8,4],[9,2],[8,8]
62,[8,5],[9,1],[8,7]
63,[8,6],[10,1],[8,7]
64,[8,7],[11,1],[8,6]
65,[8,8],[12,1],[8,5]
66,[8,9],[12,1],[8,4]
67,[9,9],[12,1],[8,3]
68,[8,9],[12,1],[9,3]
69,[8,8],[12,1],[9,2]
70,[8,7],[12,1],[9,1]
71,[8,6],[12,1],[10,1]
72,[8,5],[12,1],[11,1]
73,[8,4],[12,1],[12,1]
74,[8,3],[12,1],[12,1]
75,[9,3],[12,1],[12,1]
76,[9,2],[12,1],[12,1]
77,[9,1],[12,1],[12,1]
78,[10,1],[12,1],[12,1]
79,[11,1],[12,1],[12,1]
80,[12,1],[12,1],[12,1]
