//Quantitative values
87	//Makespan
54	//Mission completion time hauler 1
71	//Mission completion time hauler 2
87	//Mission completion time hauler 3
2	//Application execution time (in millisecond)
//Path to the final points
0,[10,1],[3,3],[12,6]
1,[9,1],[3,4],[11,6]
2,[8,1],[4,4],[10,6]
3,[7,1],[5,4],[9,6]
4,[7,2],[6,4],[8,6]
5,[7,3],[6,5],[7,6]
6,[7,4],[7,5],[7,6]
7,[7,5],[7,6],[8,6]
8,[7,6],[7,7],[8,6]
9,[7,7],[6,7],[7,6]
10,[6,7],[5,7],[7,5]
11,[5,7],[4,7],[6,5]
12,[4,7],[4,8],[6,4]
13,[4,8],[4,9],[5,4]
14,[4,9],[4,10],[4,4]
15,[4,10],[4,11],[3,4]
16,[4,9],[4,12],[2,4]
17,[4,8],[5,12],[2,3]
18,[4,7],[6,12],[2,2]
19,[5,7],[7,12],[2,3]
20,[5,6],[7,11],[2,4]
21,[5,7],[7,10],[3,4]
22,[4,7],[8,10],[4,4]
23,[4,8],[9,10],[5,4]
24,[4,9],[10,10],[6,4]
25,[4,10],[9,10],[6,5]
26,[4,11],[8,10],[7,5]
27,[4,12],[7,10],[7,6]
28,[5,12],[7,11],[7,7]
29,[6,12],[7,12],[6,7]
30,[7,12],[6,12],[5,7]
31,[7,11],[5,12],[4,7]
32,[7,10],[4,12],[4,8]
33,[8,10],[4,11],[4,9]
34,[9,10],[4,10],[4,9]
35,[10,10],[4,9],[4,10]
36,[9,10],[4,8],[4,9]
37,[8,10],[4,7],[4,8]
38,[7,10],[5,7],[4,7]
39,[7,11],[6,7],[5,7]
40,[7,12],[7,7],[6,7]
41,[7,11],[7,6],[7,7]
42,[7,10],[7,5],[7,6]
43,[8,10],[6,5],[7,5]
44,[9,10],[6,4],[6,5]
45,[10,10],[5,4],[6,4]
46,[9,10],[4,4],[5,4]
47,[8,10],[3,4],[4,4]
48,[7,10],[2,4],[3,4]
49,[6,10],[2,3],[2,4]
50,[5,10],[2,2],[2,3]
51,[5,9],[2,3],[2,2]
52,[5,8],[2,4],[2,3]
53,[5,7],[3,4],[2,4]
54,[5,6],[4,4],[3,4]
55,[5,6],[5,4],[4,4]
56,[5,6],[6,4],[5,4]
57,[5,6],[6,5],[6,4]
58,[5,6],[7,5],[6,5]
59,[5,6],[7,6],[7,5]
60,[5,6],[7,7],[7,6]
61,[5,6],[6,7],[7,7]
62,[5,6],[5,7],[6,7]
63,[5,6],[4,7],[5,7]
64,[5,6],[4,8],[4,7]
65,[5,6],[4,9],[4,8]
66,[5,6],[4,10],[4,9]
67,[5,6],[4,9],[4,10]
68,[5,6],[4,8],[4,11]
69,[5,6],[4,7],[4,12]
70,[5,6],[5,7],[5,12]
71,[5,6],[5,6],[6,12]
72,[5,6],[5,6],[7,12]
73,[5,6],[5,6],[7,11]
74,[5,6],[5,6],[7,10]
75,[5,6],[5,6],[8,10]
76,[5,6],[5,6],[9,10]
77,[5,6],[5,6],[10,10]
78,[5,6],[5,6],[9,10]
79,[5,6],[5,6],[8,10]
80,[5,6],[5,6],[7,10]
81,[5,6],[5,6],[7,11]
82,[5,6],[5,6],[7,12]
83,[5,6],[5,6],[7,11]
84,[5,6],[5,6],[7,10]
85,[5,6],[5,6],[8,10]
86,[5,6],[5,6],[9,10]
87,[5,6],[5,6],[10,10]
