//Quantitative values
96	//Makespan
97	//Mission completion time hauler 1
1	//Application execution time (in millisecond)
//Path to the final points
0,[10,7]
1,[10,6]
2,[9,6]
3,[8,6]
4,[7,6]
5,[7,7]
6,[6,7]
7,[5,7]
8,[4,7]
9,[3,7]
10,[3,8]
11,[3,7]
12,[3,6]
13,[3,5]
14,[4,5]
15,[5,5]
16,[6,5]
17,[7,5]
18,[8,5]
19,[9,5]
20,[10,5]
21,[9,5]
22,[8,5]
23,[7,5]
24,[6,5]
25,[5,5]
26,[4,5]
27,[3,5]
28,[3,6]
29,[3,7]
30,[3,8]
31,[3,9]
32,[3,10]
33,[3,9]
34,[3,8]
35,[3,7]
36,[4,7]
37,[5,7]
38,[6,7]
39,[7,7]
40,[7,6]
41,[8,6]
42,[9,6]
43,[10,6]
44,[9,6]
45,[8,6]
46,[7,6]
47,[7,7]
48,[6,7]
49,[5,7]
50,[4,7]
51,[3,7]
52,[3,8]
53,[3,9]
54,[3,10]
55,[3,9]
56,[3,8]
57,[3,7]
58,[4,7]
59,[5,7]
60,[6,7]
61,[7,7]
62,[7,6]
63,[8,6]
64,[9,6]
65,[10,6]
66,[9,6]
67,[8,6]
68,[7,6]
69,[7,7]
70,[6,7]
71,[5,7]
72,[4,7]
73,[3,7]
74,[3,8]
75,[3,9]
76,[3,10]
77,[3,11]
78,[3,12]
79,[4,12]
80,[5,12]
81,[6,12]
82,[7,12]
83,[8,12]
84,[9,12]
85,[8,12]
86,[7,12]
87,[7,11]
88,[7,10]
89,[7,9]
90,[7,8]
91,[7,7]
92,[7,6]
93,[7,5]
94,[7,4]
95,[7,3]
96,[7,2]
