//Quantitative values
93	//Makespan
94	//Mission completion time hauler 1
2	//Application execution time (in millisecond)
//Path to the final points
0,[11,4]
1,[10,4]
2,[9,4]
3,[8,4]
4,[7,4]
5,[6,4]
6,[6,5]
7,[5,5]
8,[4,5]
9,[3,5]
10,[2,5]
11,[2,6]
12,[1,6]
13,[1,7]
14,[1,6]
15,[2,6]
16,[2,5]
17,[3,5]
18,[3,6]
19,[3,7]
20,[4,7]
21,[4,6]
22,[4,5]
23,[5,5]
24,[6,5]
25,[7,5]
26,[6,5]
27,[5,5]
28,[4,5]
29,[3,5]
30,[2,5]
31,[2,6]
32,[1,6]
33,[1,7]
34,[1,6]
35,[2,6]
36,[2,5]
37,[3,5]
38,[3,6]
39,[3,7]
40,[4,7]
41,[5,7]
42,[6,7]
43,[7,7]
44,[8,7]
45,[9,7]
46,[9,8]
47,[10,8]
48,[11,8]
49,[12,8]
50,[11,8]
51,[10,8]
52,[9,8]
53,[9,7]
54,[8,7]
55,[7,7]
56,[7,6]
57,[7,5]
58,[7,4]
59,[7,3]
60,[8,3]
61,[9,3]
62,[10,3]
63,[11,3]
64,[10,3]
65,[9,3]
66,[8,3]
67,[7,3]
68,[7,4]
69,[7,5]
70,[7,4]
71,[7,3]
72,[8,3]
73,[9,3]
74,[10,3]
75,[11,3]
76,[10,3]
77,[9,3]
78,[8,3]
79,[7,3]
80,[6,3]
81,[6,2]
82,[5,2]
83,[4,2]
84,[4,3]
85,[3,3]
86,[2,3]
87,[1,3]
88,[1,4]
89,[2,4]
90,[2,5]
91,[2,6]
92,[1,6]
93,[1,7]
