//Quantitative values
117	//Makespan
118	//Mission completion time hauler 1
98	//Mission completion time hauler 2
3	//Application execution time (in millisecond)
//Path to the final points
0,[1 ,2],[3,4]
1,[1 ,3],[3,5]
2,[1 ,4],[3,6]
3,[1 ,5],[3,7]
4,[1 ,6],[3,8]
5,[2 ,6],[3,7]
6,[2 ,7],[3,6]
7,[2 ,8],[3,5]
8,[2 ,9],[3,4]
9,[2 ,10],[3,3]
10,[2 ,11],[3,2]
11,[2 ,12],[3,3]
12,[3 ,12],[3,4]
13,[4 ,12],[3,5]
14,[5 ,12],[3,6]
15,[6 ,12],[3,7]
16,[7 ,12],[3,8]
17,[8 ,12],[3,7]
18,[9 ,12],[3,6]
19,[10 ,12],[3,5]
20,[9 ,12],[3,4]
21,[8 ,12],[4,4]
22,[7 ,12],[5,4]
23,[6 ,12],[6,4]
24,[6 ,11],[7,4]
25,[6 ,10],[8,4]
26,[6 ,9],[7,4]
27,[6 ,8],[6,4]
28,[6 ,7],[5,4]
29,[6 ,6],[4,4]
30,[6 ,5],[3,4]
31,[5 ,5],[3,5]
32,[4 ,5],[3,6]
33,[3 ,5],[3,7]
34,[3 ,6],[3,8]
35,[3 ,7],[3,7]
36,[3 ,8],[3,6]
37,[3 ,7],[3,5]
38,[3 ,6],[3,4]
39,[3 ,5],[4,4]
40,[4 ,5],[5,4]
41,[5 ,5],[6,4]
42,[6 ,5],[7,4]
43,[6 ,4],[8,4]
44,[7 ,4],[8,5]
45,[7 ,3],[8,6]
46,[7 ,2],[8,7]
47,[8 ,2],[8,8]
48,[7 ,2],[8,9]
49,[6 ,2],[8,10]
50,[5 ,2],[8,11]
51,[4 ,2],[8,12]
52,[3 ,2],[9,12]
53,[3 ,3],[10,12]
54,[3 ,4],[9,12]
55,[3 ,5],[8,12]
56,[3 ,6],[7,12]
57,[3 ,7],[6,12]
58,[3 ,8],[5,12]
59,[3 ,9],[4,12]
60,[3 ,10],[3,12]
61,[3 ,11],[3,11]
62,[3 ,12],[3,10]
63,[4 ,12],[3,9]
64,[5 ,12],[3,8]
65,[6 ,12],[3,7]
66,[7 ,12],[3,6]
67,[8 ,12],[3,5]
68,[9 ,12],[3,4]
69,[10 ,12],[3,3]
70,[9 ,12],[3,2]
71,[8 ,12],[4,2]
72,[7 ,12],[5,2]
73,[6 ,12],[6,2]
74,[5 ,12],[7,2]
75,[4 ,12],[8,2]
76,[3 ,12],[8,3]
77,[3 ,11],[8,4]
78,[3 ,10],[8,5]
79,[3 ,9],[8,6]
80,[3 ,8],[8,7]
81,[3 ,7],[8,8]
82,[3 ,6],[8,9]
83,[3 ,5],[8,10]
84,[3 ,4],[8,11]
85,[3 ,3],[8,12]
86,[3 ,2],[9,12]
87,[3 ,3],[10,12]
88,[3 ,4],[9,12]
89,[3 ,5],[8,12]
90,[3 ,6],[8,11]
91,[3 ,7],[8,10]
92,[3 ,8],[8,9]
93,[3 ,9],[8,8]
94,[3 ,10],[8,7]
95,[3 ,11],[8,6]
96,[3 ,12],[8,5]
97,[4 ,12],[8,4]
98,[5 ,12],[8,4]
99,[6 ,12],[8,4]
100,[7 ,12],[8,4]
101,[8 ,12],[8,4]
102,[9 ,12],[8,4]
103,[10 ,12],[8,4]
104,[9 ,12],[8,4]
105,[8 ,12],[8,4]
106,[7 ,12],[8,4]
107,[6 ,12],[8,4]
108,[5 ,12],[8,4]
109,[4 ,12],[8,4]
110,[3 ,12],[8,4]
111,[3 ,11],[8,4]
112,[3 ,10],[8,4]
113,[3 ,9],[8,4]
114,[3 ,8],[8,4]
115,[3 ,7],[8,4]
116,[3 ,8],[8,4]
117,[3 ,7],[8,4]
