//Quantitative values
108	//Makespan
108	//Mission completion time hauler 1
1	//Application execution time (in millisecond)
//Path to the final points
0,[2,8]
1,[2,9]
2,[2,10]
3,[2,11]
4,[2,12]
5,[3,12]
6,[4,12]
7,[5,12]
8,[6,12]
9,[7,12]
10,[8,12]
11,[9,12]
12,[9,11]
13,[10,11]
14,[10,10]
15,[10,9]
16,[11,9]
17,[12,9]
18,[12,8]
19,[12,7]
20,[12,6]
21,[12,7]
22,[12,8]
23,[12,9]
24,[11,9]
25,[10,9]
26,[10,10]
27,[10,11]
28,[9,11]
29,[9,12]
30,[8,12]
31,[7,12]
32,[6,12]
33,[7,12]
34,[8,12]
35,[9,12]
36,[9,11]
37,[10,11]
38,[10,10]
39,[10,9]
40,[11,9]
41,[12,9]
42,[12,8]
43,[12,7]
44,[12,6]
45,[12,5]
46,[12,4]
47,[12,3]
48,[12,2]
49,[11,2]
50,[10,2]
51,[9,2]
52,[8,2]
53,[7,2]
54,[6,2]
55,[5,2]
56,[5,1]
57,[4,1]
58,[3,1]
59,[2,1]
60,[1,1]
61,[1,2]
62,[1,3]
63,[2,3]
64,[3,3]
65,[2,3]
66,[1,3]
67,[1,2]
68,[1,1]
69,[2,1]
70,[3,1]
71,[4,1]
72,[5,1]
73,[5,2]
74,[6,2]
75,[7,2]
76,[8,2]
77,[9,2]
78,[10,2]
79,[11,2]
80,[12,2]
81,[12,3]
82,[12,4]
83,[12,5]
84,[12,6]
85,[11,6]
86,[11,5]
87,[11,4]
88,[11,5]
89,[11,6]
90,[12,6]
91,[11,6]
92,[11,5]
93,[11,4]
94,[11,5]
95,[11,6]
96,[12,6]
97,[12,7]
98,[12,8]
99,[12,9]
100,[11,9]
101,[10,9]
102,[10,10]
103,[10,11]
104,[9,11]
105,[9,12]
106,[8,12]
107,[7,12]
108,[6,12]
