//Quantitative values
67	//Makespan
67	//Mission completion time hauler 1
1	//Application execution time (in millisecond)
//Path to the final points
0,[2,8]
1,[2,7]
2,[2,6]
3,[2,5]
4,[2,4]
5,[2,3]
6,[3,3]
7,[2,3]
8,[1,3]
9,[1,2]
10,[1,1]
11,[2,1]
12,[3,1]
13,[4,1]
14,[5,1]
15,[5,2]
16,[6,2]
17,[7,2]
18,[8,2]
19,[9,2]
20,[10,2]
21,[11,2]
22,[12,2]
23,[12,3]
24,[12,4]
25,[11,4]
26,[12,4]
27,[12,3]
28,[12,2]
29,[11,2]
30,[10,2]
31,[9,2]
32,[8,2]
33,[7,2]
34,[6,2]
35,[5,2]
36,[5,1]
37,[4,1]
38,[5,1]
39,[5,2]
40,[6,2]
41,[7,2]
42,[8,2]
43,[9,2]
44,[10,2]
45,[11,2]
46,[12,2]
47,[12,3]
48,[12,4]
49,[11,4]
50,[11,5]
51,[11,6]
52,[12,6]
53,[11,6]
54,[11,5]
55,[11,4]
56,[12,4]
57,[12,3]
58,[12,2]
59,[11,2]
60,[10,2]
61,[9,2]
62,[8,2]
63,[7,2]
64,[6,2]
65,[5,2]
66,[5,1]
67,[4,1]
