//Quantitative values
98	//Makespan
98	//Mission completion time hauler 1
1	//Application execution time (in millisecond)
//Path to the final points
0,[1,5]
1,[1,4]
2,[1,3]
3,[1,2]
4,[1,1]
5,[2,1]
6,[3,1]
7,[4,1]
8,[5,1]
9,[5,2]
10,[6,2]
11,[7,2]
12,[8,2]
13,[9,2]
14,[10,2]
15,[9,2]
16,[8,2]
17,[7,2]
18,[6,2]
19,[5,2]
20,[5,1]
21,[4,1]
22,[3,1]
23,[2,1]
24,[1,1]
25,[1,2]
26,[1,3]
27,[1,4]
28,[1,3]
29,[1,2]
30,[1,1]
31,[2,1]
32,[3,1]
33,[4,1]
34,[5,1]
35,[5,2]
36,[6,2]
37,[7,2]
38,[8,2]
39,[9,2]
40,[10,2]
41,[9,2]
42,[8,2]
43,[7,2]
44,[6,2]
45,[5,2]
46,[5,1]
47,[4,1]
48,[3,1]
49,[2,1]
50,[1,1]
51,[1,2]
52,[1,3]
53,[1,4]
54,[1,3]
55,[1,2]
56,[1,1]
57,[2,1]
58,[3,1]
59,[4,1]
60,[5,1]
61,[5,2]
62,[6,2]
63,[7,2]
64,[8,2]
65,[9,2]
66,[10,2]
67,[9,2]
68,[8,2]
69,[7,2]
70,[6,2]
71,[5,2]
72,[5,1]
73,[4,1]
74,[3,1]
75,[2,1]
76,[1,1]
77,[1,2]
78,[1,3]
79,[1,4]
80,[1,5]
81,[1,6]
82,[1,7]
83,[1,8]
84,[1,9]
85,[1,10]
86,[1,11]
87,[1,12]
88,[2,12]
89,[3,12]
90,[4,12]
91,[5,12]
92,[6,12]
93,[7,12]
94,[8,12]
95,[9,12]
96,[10,12]
97,[11,12]
98,[12,12]
