//Quantitative values
57	//Makespan
57	//Mission completion time hauler 1
1	//Application execution time (in millisecond)
//Path to the final points
0,[3,12]
1,[2,12]
2,[1,12]
3,[1,11]
4,[1,10]
5,[1,9]
6,[1,10]
7,[1,11]
8,[1,12]
9,[2,12]
10,[3,12]
11,[4,12]
12,[3,12]
13,[2,12]
14,[1,12]
15,[1,11]
16,[1,10]
17,[1,9]
18,[2,9]
19,[3,9]
20,[2,9]
21,[1,9]
22,[1,10]
23,[1,11]
24,[1,12]
25,[2,12]
26,[3,12]
27,[4,12]
28,[5,12]
29,[6,12]
30,[7,12]
31,[6,12]
32,[5,12]
33,[4,12]
34,[3,12]
35,[2,12]
36,[1,12]
37,[1,11]
38,[1,10]
39,[1,9]
40,[1,8]
41,[1,7]
42,[1,6]
43,[1,5]
44,[2,5]
45,[3,5]
46,[2,5]
47,[1,5]
48,[1,6]
49,[1,7]
50,[1,8]
51,[1,9]
52,[1,8]
53,[1,7]
54,[1,6]
55,[1,5]
56,[2,5]
57,[3,5]
