//Quantitative values
118	//Makespan
118	//Mission completion time hauler 1
1	//Application execution time (in millisecond)
//Path to the final points
0,[6,12]
1,[5,12]
2,[4,12]
3,[3,12]
4,[3,11]
5,[3,10]
6,[3,9]
7,[3,8]
8,[3,7]
9,[3,6]
10,[3,5]
11,[3,4]
12,[3,3]
13,[3,4]
14,[3,5]
15,[3,6]
16,[3,7]
17,[4,7]
18,[5,7]
19,[5,6]
20,[5,5]
21,[5,4]
22,[6,4]
23,[7,4]
24,[7,5]
25,[7,6]
26,[7,7]
27,[7,6]
28,[7,5]
29,[7,4]
30,[7,3]
31,[7,2]
32,[8,2]
33,[9,2]
34,[10,2]
35,[11,2]
36,[12,2]
37,[11,2]
38,[10,2]
39,[9,2]
40,[8,2]
41,[7,2]
42,[6,2]
43,[6,3]
44,[5,3]
45,[5,4]
46,[5,5]
47,[5,6]
48,[5,7]
49,[4,7]
50,[3,7]
51,[3,6]
52,[3,5]
53,[3,6]
54,[3,7]
55,[4,7]
56,[5,7]
57,[5,6]
58,[5,5]
59,[5,4]
60,[5,3]
61,[6,3]
62,[6,2]
63,[7,2]
64,[8,2]
65,[9,2]
66,[10,2]
67,[11,2]
68,[12,2]
69,[11,2]
70,[10,2]
71,[9,2]
72,[8,2]
73,[8,3]
74,[8,4]
75,[8,5]
76,[8,4]
77,[8,3]
78,[8,2]
79,[9,2]
80,[10,2]
81,[11,2]
82,[12,2]
83,[11,2]
84,[10,2]
85,[9,2]
86,[8,2]
87,[7,2]
88,[7,3]
89,[7,4]
90,[7,5]
91,[7,6]
92,[7,7]
93,[7,6]
94,[7,5]
95,[7,4]
96,[7,3]
97,[7,2]
98,[8,2]
99,[9,2]
100,[10,2]
101,[11,2]
102,[12,2]
103,[11,2]
104,[10,2]
105,[9,2]
106,[8,2]
107,[7,2]
108,[6,2]
109,[6,3]
110,[5,3]
111,[5,4]
112,[5,5]
113,[5,6]
114,[5,7]
115,[4,7]
116,[3,7]
117,[3,6]
118,[3,5]
