//Quantitative values
57	//Makespan
57	//Mission completion time hauler 1
1	//Application execution time (in millisecond)
//Path to the final points
0,[11,10]
1,[10,10]
2,[9,10]
3,[9,11]
4,[9,10]
5,[9,9]
6,[10,9]
7,[11,9]
8,[12,9]
9,[12,8]
10,[12,7]
11,[12,6]
12,[12,5]
13,[12,4]
14,[12,3]
15,[12,4]
16,[12,5]
17,[12,6]
18,[12,7]
19,[12,8]
20,[12,9]
21,[11,9]
22,[10,9]
23,[9,9]
24,[9,10]
25,[9,11]
26,[9,12]
27,[8,12]
28,[9,12]
29,[9,11]
30,[9,12]
31,[8,12]
32,[7,12]
33,[6,12]
34,[7,12]
35,[8,12]
36,[7,12]
37,[6,12]
38,[5,12]
39,[4,12]
40,[3,12]
41,[3,11]
42,[3,10]
43,[3,9]
44,[3,8]
45,[4,8]
46,[4,7]
47,[4,8]
48,[3,8]
49,[3,9]
50,[3,10]
51,[3,11]
52,[3,12]
53,[4,12]
54,[5,12]
55,[6,12]
56,[7,12]
57,[8,12]
