//Quantitative values
110	//Makespan
110	//Mission completion time hauler 1
1	//Application execution time (in millisecond)
//Path to the final points
0,[11,10]
1,[10,10]
2,[9,10]
3,[9,11]
4,[9,12]
5,[8,12]
6,[7,12]
7,[6,12]
8,[5,12]
9,[4,12]
10,[3,12]
11,[3,11]
12,[3,10]
13,[3,9]
14,[3,8]
15,[4,8]
16,[4,7]
17,[5,7]
18,[5,6]
19,[5,5]
20,[5,4]
21,[5,3]
22,[5,2]
23,[6,2]
24,[7,2]
25,[8,2]
26,[9,2]
27,[10,2]
28,[11,2]
29,[12,2]
30,[12,3]
31,[12,2]
32,[11,2]
33,[10,2]
34,[9,2]
35,[8,2]
36,[7,2]
37,[6,2]
38,[5,2]
39,[5,3]
40,[5,4]
41,[5,5]
42,[5,6]
43,[5,7]
44,[4,7]
45,[5,7]
46,[5,6]
47,[5,5]
48,[5,4]
49,[5,3]
50,[5,2]
51,[6,2]
52,[7,2]
53,[8,2]
54,[9,2]
55,[10,2]
56,[11,2]
57,[12,2]
58,[12,3]
59,[12,4]
60,[12,5]
61,[12,6]
62,[12,7]
63,[12,8]
64,[12,9]
65,[11,9]
66,[10,9]
67,[9,9]
68,[9,10]
69,[9,11]
70,[9,12]
71,[8,12]
72,[7,12]
73,[6,12]
74,[7,12]
75,[8,12]
76,[7,12]
77,[6,12]
78,[5,12]
79,[4,12]
80,[3,12]
81,[3,11]
82,[3,10]
83,[3,9]
84,[3,8]
85,[4,8]
86,[4,7]
87,[4,8]
88,[3,8]
89,[3,9]
90,[3,10]
91,[3,11]
92,[3,12]
93,[4,12]
94,[5,12]
95,[6,12]
96,[7,12]
97,[8,12]
98,[9,12]
99,[9,11]
100,[9,10]
101,[9,9]
102,[10,9]
103,[11,9]
104,[12,9]
105,[12,8]
106,[12,7]
107,[12,6]
108,[12,5]
109,[12,4]
110,[12,3]
