//Quantitative values
123	//Makespan
123	//Mission completion time hauler 1
1	//Application execution time (in millisecond)
//Path to the final points
0,[5,9]
1,[5,8]
2,[5,7]
3,[5,6]
4,[5,5]
5,[5,4]
6,[6,4]
7,[7,4]
8,[7,5]
9,[7,6]
10,[7,7]
11,[7,8]
12,[7,9]
13,[7,10]
14,[8,10]
15,[9,10]
16,[9,11]
17,[10,11]
18,[11,11]
19,[12,11]
20,[11,11]
21,[10,11]
22,[9,11]
23,[9,10]
24,[9,11]
25,[10,11]
26,[11,11]
27,[12,11]
28,[11,11]
29,[10,11]
30,[9,11]
31,[9,12]
32,[8,12]
33,[7,12]
34,[6,12]
35,[5,12]
36,[4,12]
37,[3,12]
38,[2,12]
39,[2,11]
40,[2,10]
41,[2,9]
42,[2,8]
43,[2,7]
44,[3,7]
45,[4,7]
46,[5,7]
47,[5,6]
48,[5,5]
49,[5,4]
50,[5,3]
51,[6,3]
52,[6,4]
53,[7,4]
54,[7,5]
55,[7,6]
56,[7,7]
57,[7,8]
58,[7,9]
59,[7,10]
60,[8,10]
61,[9,10]
62,[8,10]
63,[7,10]
64,[7,9]
65,[7,8]
66,[7,7]
67,[7,6]
68,[7,5]
69,[7,4]
70,[6,4]
71,[6,3]
72,[6,4]
73,[7,4]
74,[7,5]
75,[7,6]
76,[7,7]
77,[7,8]
78,[7,9]
79,[7,10]
80,[8,10]
81,[9,10]
82,[9,11]
83,[10,11]
84,[11,11]
85,[12,11]
86,[11,11]
87,[10,11]
88,[9,11]
89,[9,10]
90,[8,10]
91,[7,10]
92,[7,9]
93,[7,8]
94,[7,7]
95,[7,6]
96,[7,5]
97,[7,4]
98,[6,4]
99,[5,4]
100,[5,3]
101,[5,4]
102,[5,5]
103,[5,6]
104,[5,7]
105,[4,7]
106,[3,7]
107,[2,7]
108,[2,8]
109,[2,9]
110,[2,10]
111,[2,11]
112,[2,12]
113,[3,12]
114,[4,12]
115,[5,12]
116,[6,12]
117,[7,12]
118,[8,12]
119,[9,12]
120,[9,11]
121,[10,11]
122,[11,11]
123,[12,11]
