//Quantitative values
122	//Makespan
122	//Mission completion time hauler 1
2	//Application execution time (in millisecond)
//Path to the final points
0,[1,6]
1,[1,7]
2,[1,8]
3,[2,8]
4,[3,8]
5,[4,8]
6,[4,9]
7,[5,9]
8,[6,9]
9,[6,10]
10,[7,10]
11,[7,11]
12,[8,11]
13,[9,11]
14,[10,11]
15,[11,11]
16,[10,11]
17,[9,11]
18,[8,11]
19,[7,11]
20,[7,10]
21,[6,10]
22,[6,9]
23,[5,9]
24,[4,9]
25,[3,9]
26,[2,9]
27,[2,8]
28,[2,7]
29,[2,6]
30,[2,5]
31,[2,4]
32,[2,3]
33,[2,2]
34,[2,3]
35,[2,4]
36,[2,5]
37,[2,6]
38,[3,6]
39,[4,6]
40,[5,6]
41,[6,6]
42,[7,6]
43,[7,5]
44,[7,4]
45,[7,3]
46,[7,2]
47,[7,3]
48,[7,4]
49,[7,5]
50,[7,6]
51,[6,6]
52,[5,6]
53,[4,6]
54,[3,6]
55,[3,7]
56,[3,8]
57,[3,7]
58,[3,6]
59,[4,6]
60,[5,6]
61,[6,6]
62,[7,6]
63,[7,5]
64,[7,4]
65,[7,3]
66,[7,2]
67,[7,3]
68,[7,4]
69,[7,5]
70,[7,6]
71,[7,7]
72,[7,8]
73,[7,9]
74,[7,10]
75,[7,11]
76,[8,11]
77,[9,11]
78,[10,11]
79,[11,11]
80,[10,11]
81,[9,11]
82,[8,11]
83,[7,11]
84,[7,10]
85,[7,9]
86,[7,8]
87,[7,7]
88,[7,6]
89,[7,5]
90,[7,4]
91,[7,3]
92,[7,2]
93,[7,3]
94,[7,4]
95,[7,5]
96,[7,6]
97,[7,7]
98,[7,8]
99,[7,9]
100,[7,10]
101,[7,11]
102,[8,11]
103,[9,11]
104,[10,11]
105,[11,11]
106,[10,11]
107,[9,11]
108,[8,11]
109,[7,11]
110,[7,10]
111,[7,9]
112,[7,8]
113,[7,7]
114,[7,6]
115,[7,5]
116,[7,4]
117,[7,3]
118,[7,2]
119,[7,3]
120,[7,4]
121,[8,4]
122,[9,4]
