//Quantitative values
102	//Makespan
102	//Mission completion time hauler 1
2	//Application execution time (in millisecond)
//Path to the final points
0,[8,1]
1,[8,2]
2,[9,2]
3,[8,2]
4,[7,2]
5,[6,2]
6,[5,2]
7,[4,2]
8,[4,3]
9,[4,4]
10,[4,5]
11,[3,5]
12,[2,5]
13,[3,5]
14,[4,5]
15,[4,4]
16,[4,3]
17,[3,3]
18,[2,3]
19,[1,3]
20,[2,3]
21,[3,3]
22,[4,3]
23,[4,4]
24,[4,5]
25,[4,6]
26,[5,6]
27,[5,7]
28,[5,8]
29,[4,8]
30,[3,8]
31,[2,8]
32,[2,9]
33,[2,10]
34,[2,11]
35,[2,10]
36,[2,9]
37,[2,8]
38,[3,8]
39,[4,8]
40,[5,8]
41,[5,7]
42,[5,6]
43,[4,6]
44,[4,5]
45,[4,4]
46,[5,4]
47,[6,4]
48,[7,4]
49,[7,3]
50,[7,2]
51,[8,2]
52,[9,2]
53,[8,2]
54,[7,2]
55,[7,3]
56,[7,4]
57,[6,4]
58,[5,4]
59,[4,4]
60,[4,3]
61,[3,3]
62,[2,3]
63,[1,3]
64,[2,3]
65,[3,3]
66,[4,3]
67,[4,4]
68,[4,5]
69,[3,5]
70,[2,5]
71,[3,5]
72,[4,5]
73,[4,4]
74,[4,3]
75,[3,3]
76,[2,3]
77,[1,3]
78,[1,2]
79,[1,1]
80,[2,1]
81,[3,1]
82,[4,1]
83,[3,1]
84,[2,1]
85,[1,1]
86,[1,2]
87,[1,3]
88,[2,3]
89,[3,3]
90,[4,3]
91,[4,4]
92,[4,5]
93,[4,6]
94,[5,6]
95,[5,7]
96,[5,8]
97,[4,8]
98,[3,8]
99,[2,8]
100,[2,9]
101,[2,10]
102,[2,11]
