//Quantitative values
135	//Makespan
135	//Mission completion time hauler 1
1	//Application execution time (in millisecond)
//Path to the final points
0,[8,11]
1,[8,10]
2,[8,9]
3,[8,8]
4,[8,7]
5,[8,6]
6,[8,5]
7,[8,4]
8,[8,3]
9,[8,2]
10,[9,2]
11,[10,2]
12,[11,2]
13,[12,2]
14,[11,2]
15,[10,2]
16,[10,3]
17,[10,4]
18,[10,5]
19,[10,6]
20,[9,6]
21,[8,6]
22,[7,6]
23,[6,6]
24,[5,6]
25,[4,6]
26,[4,7]
27,[3,7]
28,[3,8]
29,[2,8]
30,[2,9]
31,[2,10]
32,[2,11]
33,[2,12]
34,[3,12]
35,[3,11]
36,[4,11]
37,[4,10]
38,[4,9]
39,[4,8]
40,[4,7]
41,[4,8]
42,[4,9]
43,[4,10]
44,[4,11]
45,[3,11]
46,[3,12]
47,[3,11]
48,[4,11]
49,[4,10]
50,[4,9]
51,[4,8]
52,[4,7]
53,[4,6]
54,[4,5]
55,[4,4]
56,[4,3]
57,[5,3]
58,[6,3]
59,[7,3]
60,[8,3]
61,[8,2]
62,[9,2]
63,[10,2]
64,[11,2]
65,[12,2]
66,[11,2]
67,[10,2]
68,[10,3]
69,[10,4]
70,[10,5]
71,[10,6]
72,[9,6]
73,[8,6]
74,[7,6]
75,[6,6]
76,[5,6]
77,[4,6]
78,[4,7]
79,[4,8]
80,[4,9]
81,[4,10]
82,[4,11]
83,[3,11]
84,[3,12]
85,[3,11]
86,[4,11]
87,[4,10]
88,[4,9]
89,[4,8]
90,[4,7]
91,[4,6]
92,[4,5]
93,[4,4]
94,[4,3]
95,[5,3]
96,[6,3]
97,[7,3]
98,[8,3]
99,[8,2]
100,[9,2]
101,[10,2]
102,[11,2]
103,[12,2]
104,[11,2]
105,[10,2]
106,[9,2]
107,[8,2]
108,[8,3]
109,[7,3]
110,[6,3]
111,[5,3]
112,[4,3]
113,[4,4]
114,[4,5]
115,[4,6]
116,[4,7]
117,[4,8]
118,[4,9]
119,[4,10]
120,[4,11]
121,[3,11]
122,[3,12]
123,[2,12]
124,[2,11]
125,[2,10]
126,[2,9]
127,[2,8]
128,[3,8]
129,[3,7]
130,[4,7]
131,[4,6]
132,[4,5]
133,[4,4]
134,[4,3]
135,[4,2]
