//Quantitative values
83	//Makespan
84	//Mission completion time hauler 1
1	//Application execution time (in millisecond)
//Path to the final points
0,[1,6]
1,[1,5]
2,[1,4]
3,[2,4]
4,[2,3]
5,[2,2]
6,[2,3]
7,[2,4]
8,[2,5]
9,[2,6]
10,[3,6]
11,[4,6]
12,[5,6]
13,[6,6]
14,[7,6]
15,[6,6]
16,[5,6]
17,[4,6]
18,[4,7]
19,[4,8]
20,[4,7]
21,[4,6]
22,[4,5]
23,[5,5]
24,[6,5]
25,[7,5]
26,[7,4]
27,[8,4]
28,[9,4]
29,[8,4]
30,[7,4]
31,[7,3]
32,[6,3]
33,[5,3]
34,[4,3]
35,[3,3]
36,[2,3]
37,[2,2]
38,[2,3]
39,[3,3]
40,[4,3]
41,[5,3]
42,[6,3]
43,[7,3]
44,[7,4]
45,[8,4]
46,[9,4]
47,[8,4]
48,[7,4]
49,[7,5]
50,[6,5]
51,[5,5]
52,[4,5]
53,[4,6]
54,[4,7]
55,[4,8]
56,[4,7]
57,[4,6]
58,[4,5]
59,[5,5]
60,[6,5]
61,[7,5]
62,[7,4]
63,[8,4]
64,[9,4]
65,[8,4]
66,[7,4]
67,[7,3]
68,[6,3]
69,[5,3]
70,[4,3]
71,[3,3]
72,[2,3]
73,[2,2]
74,[2,3]
75,[3,3]
76,[4,3]
77,[5,3]
78,[6,3]
79,[7,3]
80,[8,3]
81,[9,3]
82,[10,3]
83,[11,3]
