//Quantitative values
79	//Makespan
79	//Mission completion time hauler 1
1	//Application execution time (in millisecond)
//Path to the final points
0,[8,1]
1,[7,1]
2,[6,1]
3,[5,1]
4,[4,1]
5,[4,2]
6,[4,3]
7,[4,4]
8,[4,5]
9,[3,5]
10,[2,5]
11,[3,5]
12,[4,5]
13,[4,4]
14,[4,3]
15,[3,3]
16,[2,3]
17,[1,3]
18,[1,2]
19,[1,1]
20,[2,1]
21,[3,1]
22,[4,1]
23,[4,2]
24,[4,3]
25,[4,4]
26,[4,5]
27,[4,6]
28,[5,6]
29,[5,7]
30,[5,8]
31,[4,8]
32,[3,8]
33,[2,8]
34,[2,9]
35,[2,10]
36,[2,11]
37,[2,10]
38,[2,9]
39,[2,8]
40,[3,8]
41,[4,8]
42,[5,8]
43,[5,7]
44,[5,6]
45,[4,6]
46,[4,5]
47,[4,4]
48,[4,3]
49,[4,2]
50,[4,1]
51,[4,2]
52,[4,3]
53,[4,4]
54,[4,5]
55,[4,6]
56,[5,6]
57,[5,7]
58,[5,8]
59,[4,8]
60,[3,8]
61,[2,8]
62,[2,9]
63,[2,10]
64,[2,11]
65,[2,10]
66,[2,9]
67,[2,8]
68,[3,8]
69,[4,8]
70,[5,8]
71,[5,7]
72,[5,6]
73,[4,6]
74,[4,5]
75,[4,4]
76,[4,3]
77,[3,3]
78,[2,3]
79,[1,3]
