//Quantitative values
91	//Makespan
92	//Mission completion time hauler 1
1	//Application execution time (in millisecond)
//Path to the final points
0,[11,4]
1,[10,4]
2,[9,4]
3,[8,4]
4,[7,4]
5,[6,4]
6,[6,5]
7,[5,5]
8,[4,5]
9,[3,5]
10,[2,5]
11,[2,6]
12,[2,7]
13,[2,8]
14,[1,8]
15,[1,7]
16,[1,6]
17,[2,6]
18,[2,5]
19,[2,4]
20,[1,4]
21,[1,3]
22,[1,4]
23,[2,4]
24,[2,5]
25,[2,6]
26,[2,7]
27,[3,7]
28,[4,7]
29,[5,7]
30,[6,7]
31,[7,7]
32,[8,7]
33,[9,7]
34,[9,8]
35,[10,8]
36,[11,8]
37,[12,8]
38,[11,8]
39,[10,8]
40,[9,8]
41,[9,7]
42,[8,7]
43,[7,7]
44,[6,7]
45,[5,7]
46,[4,7]
47,[3,7]
48,[3,6]
49,[3,5]
50,[3,6]
51,[3,7]
52,[4,7]
53,[5,7]
54,[6,7]
55,[7,7]
56,[8,7]
57,[9,7]
58,[9,8]
59,[10,8]
60,[11,8]
61,[12,8]
62,[11,8]
63,[10,8]
64,[9,8]
65,[9,7]
66,[8,7]
67,[7,7]
68,[7,6]
69,[7,5]
70,[6,5]
71,[5,5]
72,[4,5]
73,[4,6]
74,[4,7]
75,[3,7]
76,[2,7]
77,[2,8]
78,[2,7]
79,[2,6]
80,[2,5]
81,[3,5]
82,[4,5]
83,[5,5]
84,[6,5]
85,[6,4]
86,[6,3]
87,[7,3]
88,[8,3]
89,[9,3]
90,[10,3]
91,[11,3]
