//Quantitative values
91	//Makespan
92	//Mission completion time hauler 1
1	//Application execution time (in millisecond)
//Path to the final points
0,[8,11]
1,[8,10]
2,[8,9]
3,[8,8]
4,[8,7]
5,[8,6]
6,[9,6]
7,[10,6]
8,[9,6]
9,[8,6]
10,[7,6]
11,[6,6]
12,[5,6]
13,[4,6]
14,[4,7]
15,[3,7]
16,[2,7]
17,[2,8]
18,[2,9]
19,[2,10]
20,[1,10]
21,[2,10]
22,[2,9]
23,[2,8]
24,[2,7]
25,[2,6]
26,[2,5]
27,[2,4]
28,[3,4]
29,[3,3]
30,[3,2]
31,[4,2]
32,[3,2]
33,[3,3]
34,[3,4]
35,[2,4]
36,[2,5]
37,[2,6]
38,[2,7]
39,[2,8]
40,[2,9]
41,[2,10]
42,[1,10]
43,[2,10]
44,[2,9]
45,[3,9]
46,[4,9]
47,[4,10]
48,[5,10]
49,[6,10]
50,[7,10]
51,[8,10]
52,[7,10]
53,[6,10]
54,[5,10]
55,[4,10]
56,[4,11]
57,[3,11]
58,[2,11]
59,[1,11]
60,[1,10]
61,[2,10]
62,[2,9]
63,[2,8]
64,[2,7]
65,[2,6]
66,[2,5]
67,[2,4]
68,[3,4]
69,[3,3]
70,[3,2]
71,[4,2]
72,[4,3]
73,[4,4]
74,[4,5]
75,[4,6]
76,[4,7]
77,[4,6]
78,[4,5]
79,[4,4]
80,[4,3]
81,[4,2]
82,[4,1]
83,[5,1]
84,[6,1]
85,[7,1]
86,[8,1]
87,[8,2]
88,[9,2]
89,[10,2]
90,[11,2]
91,[12,2]
