//Quantitative values
81	//Makespan
81	//Mission completion time hauler 1
1	//Application execution time (in millisecond)
//Path to the final points
0,[8,9]
1,[8,10]
2,[9,10]
3,[9,11]
4,[9,12]
5,[9,11]
6,[9,10]
7,[8,10]
8,[8,9]
9,[8,8]
10,[8,7]
11,[7,7]
12,[7,6]
13,[7,5]
14,[7,4]
15,[7,3]
16,[6,3]
17,[5,3]
18,[5,4]
19,[5,5]
20,[5,6]
21,[5,7]
22,[4,7]
23,[3,7]
24,[3,8]
25,[3,9]
26,[3,10]
27,[3,11]
28,[3,12]
29,[4,12]
30,[5,12]
31,[6,12]
32,[7,12]
33,[8,12]
34,[9,12]
35,[8,12]
36,[7,12]
37,[6,12]
38,[5,12]
39,[4,12]
40,[3,12]
41,[3,11]
42,[3,10]
43,[3,9]
44,[3,8]
45,[3,7]
46,[4,7]
47,[5,7]
48,[5,6]
49,[5,5]
50,[5,4]
51,[5,3]
52,[6,3]
53,[7,3]
54,[6,3]
55,[5,3]
56,[5,4]
57,[5,5]
58,[5,6]
59,[5,7]
60,[4,7]
61,[3,7]
62,[2,7]
63,[2,8]
64,[2,9]
65,[2,10]
66,[2,11]
67,[2,12]
68,[3,12]
69,[4,12]
70,[5,12]
71,[6,12]
72,[7,12]
73,[8,12]
74,[9,12]
75,[8,12]
76,[7,12]
77,[6,12]
78,[5,12]
79,[4,12]
80,[3,12]
81,[2,12]
