//Quantitative values
69	//Makespan
69	//Mission completion time hauler 1
1	//Application execution time (in millisecond)
//Path to the final points
0,[11,4]
1,[10,4]
2,[9,4]
3,[8,4]
4,[7,4]
5,[6,4]
6,[6,5]
7,[5,5]
8,[4,5]
9,[3,5]
10,[2,5]
11,[2,4]
12,[1,4]
13,[1,3]
14,[1,4]
15,[2,4]
16,[2,5]
17,[2,6]
18,[1,6]
19,[1,7]
20,[1,6]
21,[2,6]
22,[2,5]
23,[3,5]
24,[2,5]
25,[2,6]
26,[1,6]
27,[1,7]
28,[1,6]
29,[2,6]
30,[2,5]
31,[3,5]
32,[4,5]
33,[5,5]
34,[6,5]
35,[7,5]
36,[7,6]
37,[7,7]
38,[8,7]
39,[9,7]
40,[9,8]
41,[10,8]
42,[11,8]
43,[12,8]
44,[11,8]
45,[10,8]
46,[9,8]
47,[9,7]
48,[8,7]
49,[7,7]
50,[6,7]
51,[5,7]
52,[4,7]
53,[3,7]
54,[2,7]
55,[2,8]
56,[2,7]
57,[2,6]
58,[2,5]
59,[3,5]
60,[4,5]
61,[5,5]
62,[6,5]
63,[6,4]
64,[6,3]
65,[7,3]
66,[8,3]
67,[9,3]
68,[10,3]
69,[11,3]
