//Quantitative values
54	//Makespan
54	//Mission completion time hauler 1
1	//Application execution time (in millisecond)
//Path to the final points
0,[8,11]
1,[8,10]
2,[8,9]
3,[8,8]
4,[8,7]
5,[8,6]
6,[9,6]
7,[10,6]
8,[9,6]
9,[8,6]
10,[7,6]
11,[6,6]
12,[5,6]
13,[4,6]
14,[4,7]
15,[3,7]
16,[3,8]
17,[2,8]
18,[2,9]
19,[2,10]
20,[2,11]
21,[2,12]
22,[3,12]
23,[3,11]
24,[4,11]
25,[4,10]
26,[4,9]
27,[4,8]
28,[4,7]
29,[4,8]
30,[4,9]
31,[4,10]
32,[4,11]
33,[3,11]
34,[3,12]
35,[3,11]
36,[4,11]
37,[4,10]
38,[4,9]
39,[4,8]
40,[4,7]
41,[4,8]
42,[4,9]
43,[4,10]
44,[5,10]
45,[6,10]
46,[7,10]
47,[8,10]
48,[7,10]
49,[6,10]
50,[5,10]
51,[4,10]
52,[4,9]
53,[3,9]
54,[3,8]
