//Quantitative values
45	//Makespan
46	//Mission completion time hauler 1
0	//Application execution time (in millisecond)
//Path to the final points
0,[1,6]
1,[2,6]
2,[3,6]
3,[4,6]
4,[5,6]
5,[6,6]
6,[7,6]
7,[6,6]
8,[5,6]
9,[4,6]
10,[3,6]
11,[3,7]
12,[3,8]
13,[3,7]
14,[3,6]
15,[4,6]
16,[5,6]
17,[6,6]
18,[7,6]
19,[6,6]
20,[5,6]
21,[4,6]
22,[3,6]
23,[3,7]
24,[3,8]
25,[3,9]
26,[4,9]
27,[5,9]
28,[6,9]
29,[6,10]
30,[7,10]
31,[7,11]
32,[8,11]
33,[9,11]
34,[10,11]
35,[11,11]
36,[10,11]
37,[9,11]
38,[8,11]
39,[7,11]
40,[7,10]
41,[6,10]
42,[6,9]
43,[5,9]
44,[4,9]
45,[4,8]
