//Quantitative values
86	//Makespan
87	//Mission completion time hauler 1
1	//Application execution time (in millisecond)
//Path to the final points
0,[8,11]
1,[7,11]
2,[6,11]
3,[5,11]
4,[4,11]
5,[3,11]
6,[2,11]
7,[1,11]
8,[1,10]
9,[2,10]
10,[2,9]
11,[3,9]
12,[4,9]
13,[4,10]
14,[5,10]
15,[6,10]
16,[7,10]
17,[8,10]
18,[8,9]
19,[8,8]
20,[8,7]
21,[8,6]
22,[8,5]
23,[8,4]
24,[8,3]
25,[8,2]
26,[9,2]
27,[10,2]
28,[11,2]
29,[12,2]
30,[11,2]
31,[10,2]
32,[9,2]
33,[8,2]
34,[8,3]
35,[7,3]
36,[6,3]
37,[5,3]
38,[4,3]
39,[4,4]
40,[4,5]
41,[4,6]
42,[4,7]
43,[4,8]
44,[4,9]
45,[4,10]
46,[4,11]
47,[3,11]
48,[3,12]
49,[3,11]
50,[4,11]
51,[4,10]
52,[4,9]
53,[4,8]
54,[4,7]
55,[4,6]
56,[4,5]
57,[4,4]
58,[4,3]
59,[5,3]
60,[6,3]
61,[7,3]
62,[8,3]
63,[8,2]
64,[9,2]
65,[10,2]
66,[11,2]
67,[12,2]
68,[11,2]
69,[10,2]
70,[9,2]
71,[8,2]
72,[8,3]
73,[7,3]
74,[6,3]
75,[5,3]
76,[4,3]
77,[4,4]
78,[4,5]
79,[4,6]
80,[4,7]
81,[4,8]
82,[4,9]
83,[4,10]
84,[4,11]
85,[3,11]
86,[3,12]
