//Quantitative values
106	//Makespan
106	//Mission completion time hauler 1
2	//Application execution time (in millisecond)
//Path to the final points
0,[8,1]
1,[7,1]
2,[6,1]
3,[5,1]
4,[4,1]
5,[4,2]
6,[4,3]
7,[4,4]
8,[4,5]
9,[3,5]
10,[2,5]
11,[3,5]
12,[4,5]
13,[4,4]
14,[4,3]
15,[4,2]
16,[4,3]
17,[4,4]
18,[4,5]
19,[4,6]
20,[5,6]
21,[5,7]
22,[5,8]
23,[4,8]
24,[3,8]
25,[2,8]
26,[2,9]
27,[2,10]
28,[2,11]
29,[2,10]
30,[2,9]
31,[2,8]
32,[3,8]
33,[4,8]
34,[5,8]
35,[5,7]
36,[5,6]
37,[4,6]
38,[4,5]
39,[4,4]
40,[4,3]
41,[4,2]
42,[4,3]
43,[4,4]
44,[4,5]
45,[4,6]
46,[5,6]
47,[5,7]
48,[5,8]
49,[4,8]
50,[3,8]
51,[2,8]
52,[2,9]
53,[2,10]
54,[2,11]
55,[2,10]
56,[2,9]
57,[2,8]
58,[3,8]
59,[4,8]
60,[5,8]
61,[5,7]
62,[5,6]
63,[4,6]
64,[4,5]
65,[4,4]
66,[4,3]
67,[4,2]
68,[4,1]
69,[4,2]
70,[4,3]
71,[4,4]
72,[4,5]
73,[4,6]
74,[3,6]
75,[2,6]
76,[2,5]
77,[3,5]
78,[4,5]
79,[4,4]
80,[4,3]
81,[4,2]
82,[5,2]
83,[6,2]
84,[7,2]
85,[8,2]
86,[9,2]
87,[8,2]
88,[7,2]
89,[6,2]
90,[5,2]
91,[4,2]
92,[4,3]
93,[4,4]
94,[4,5]
95,[3,5]
96,[2,5]
97,[3,5]
98,[4,5]
99,[4,4]
100,[4,3]
101,[4,2]
102,[5,2]
103,[6,2]
104,[7,2]
105,[8,2]
106,[9,2]
