//Quantitative values
89	//Makespan
90	//Mission completion time hauler 1
1	//Application execution time (in millisecond)
//Path to the final points
0,[11,4]
1,[10,4]
2,[9,4]
3,[8,4]
4,[7,4]
5,[6,4]
6,[6,5]
7,[5,5]
8,[4,5]
9,[3,5]
10,[3,6]
11,[3,7]
12,[4,7]
13,[5,7]
14,[6,7]
15,[7,7]
16,[8,7]
17,[9,7]
18,[9,8]
19,[10,8]
20,[11,8]
21,[12,8]
22,[11,8]
23,[10,8]
24,[9,8]
25,[9,7]
26,[8,7]
27,[7,7]
28,[6,7]
29,[5,7]
30,[4,7]
31,[3,7]
32,[2,7]
33,[2,6]
34,[2,5]
35,[2,4]
36,[1,4]
37,[1,3]
38,[1,4]
39,[2,4]
40,[2,5]
41,[2,6]
42,[2,7]
43,[3,7]
44,[4,7]
45,[3,7]
46,[2,7]
47,[2,8]
48,[1,8]
49,[1,7]
50,[1,6]
51,[2,6]
52,[2,5]
53,[3,5]
54,[4,5]
55,[5,5]
56,[6,5]
57,[7,5]
58,[7,4]
59,[7,3]
60,[8,3]
61,[9,3]
62,[10,3]
63,[11,3]
64,[10,3]
65,[9,3]
66,[8,3]
67,[7,3]
68,[6,3]
69,[6,4]
70,[6,5]
71,[5,5]
72,[4,5]
73,[3,5]
74,[3,6]
75,[3,7]
76,[4,7]
77,[3,7]
78,[3,6]
79,[3,5]
80,[4,5]
81,[5,5]
82,[6,5]
83,[6,4]
84,[6,3]
85,[7,3]
86,[8,3]
87,[9,3]
88,[10,3]
89,[11,3]
