//Quantitative values
112	//Makespan
113	//Mission completion time hauler 1
1	//Application execution time (in millisecond)
//Path to the final points
0,[12,4]
1,[11,4]
2,[11,5]
3,[10,5]
4,[9,5]
5,[8,5]
6,[7,5]
7,[6,5]
8,[6,6]
9,[6,7]
10,[6,8]
11,[6,9]
12,[5,9]
13,[4,9]
14,[3,9]
15,[3,10]
16,[3,9]
17,[3,8]
18,[3,7]
19,[3,6]
20,[3,5]
21,[4,5]
22,[5,5]
23,[4,5]
24,[3,5]
25,[3,6]
26,[3,7]
27,[2,7]
28,[2,8]
29,[2,9]
30,[3,9]
31,[4,9]
32,[5,9]
33,[6,9]
34,[6,10]
35,[6,11]
36,[7,11]
37,[8,11]
38,[9,11]
39,[10,11]
40,[9,11]
41,[8,11]
42,[7,11]
43,[6,11]
44,[6,10]
45,[6,9]
46,[5,9]
47,[4,9]
48,[3,9]
49,[2,9]
50,[2,8]
51,[2,7]
52,[3,7]
53,[3,6]
54,[3,5]
55,[4,5]
56,[5,5]
57,[6,5]
58,[7,5]
59,[8,5]
60,[9,5]
61,[10,5]
62,[11,5]
63,[11,4]
64,[11,5]
65,[10,5]
66,[9,5]
67,[8,5]
68,[7,5]
69,[7,6]
70,[7,7]
71,[7,8]
72,[7,7]
73,[7,6]
74,[7,5]
75,[8,5]
76,[9,5]
77,[10,5]
78,[11,5]
79,[11,4]
80,[11,5]
81,[10,5]
82,[9,5]
83,[8,5]
84,[7,5]
85,[6,5]
86,[5,5]
87,[4,5]
88,[3,5]
89,[3,6]
90,[3,7]
91,[3,8]
92,[3,9]
93,[4,9]
94,[5,9]
95,[6,9]
96,[6,10]
97,[6,11]
98,[7,11]
99,[8,11]
100,[9,11]
101,[10,11]
102,[9,11]
103,[8,11]
104,[7,11]
105,[6,11]
106,[6,10]
107,[6,9]
108,[5,9]
109,[4,9]
110,[3,9]
111,[2,9]
112,[2,8]
