//Quantitative values
101	//Makespan
102	//Mission completion time hauler 1
2	//Application execution time (in millisecond)
//Path to the final points
0,[7,3]
1,[6,3]
2,[5,3]
3,[4,3]
4,[4,4]
5,[4,5]
6,[4,6]
7,[4,7]
8,[4,8]
9,[4,9]
10,[4,10]
11,[4,11]
12,[4,12]
13,[4,11]
14,[4,10]
15,[4,9]
16,[5,9]
17,[6,9]
18,[7,9]
19,[8,9]
20,[9,9]
21,[10,9]
22,[9,9]
23,[8,9]
24,[7,9]
25,[6,9]
26,[5,9]
27,[4,9]
28,[3,9]
29,[2,9]
30,[2,8]
31,[2,7]
32,[2,6]
33,[2,5]
34,[2,6]
35,[2,7]
36,[2,8]
37,[2,9]
38,[3,9]
39,[4,9]
40,[5,9]
41,[6,9]
42,[7,9]
43,[8,9]
44,[9,9]
45,[10,9]
46,[9,9]
47,[8,9]
48,[7,9]
49,[6,9]
50,[5,9]
51,[4,9]
52,[4,10]
53,[4,11]
54,[4,12]
55,[4,11]
56,[4,10]
57,[4,9]
58,[5,9]
59,[6,9]
60,[7,9]
61,[8,9]
62,[9,9]
63,[10,9]
64,[9,9]
65,[8,9]
66,[7,9]
67,[7,8]
68,[7,7]
69,[6,7]
70,[6,6]
71,[6,5]
72,[6,4]
73,[5,4]
74,[4,4]
75,[4,5]
76,[4,6]
77,[4,7]
78,[4,8]
79,[4,9]
80,[3,9]
81,[3,10]
82,[3,11]
83,[3,12]
84,[2,12]
85,[2,11]
86,[2,10]
87,[2,9]
88,[2,8]
89,[2,7]
90,[2,6]
91,[2,5]
92,[2,6]
93,[2,7]
94,[2,8]
95,[2,9]
96,[2,10]
97,[2,11]
98,[2,12]
99,[3,12]
100,[4,12]
101,[3,12]
