//Quantitative values
58	//Makespan
59	//Mission completion time hauler 1
1	//Application execution time (in millisecond)
//Path to the final points
0,[8,5]
1,[7,5]
2,[6,5]
3,[5,5]
4,[4,5]
5,[3,5]
6,[3,4]
7,[3,3]
8,[3,4]
9,[3,5]
10,[3,6]
11,[3,7]
12,[3,8]
13,[4,8]
14,[5,8]
15,[6,8]
16,[7,8]
17,[6,8]
18,[5,8]
19,[4,8]
20,[3,8]
21,[2,8]
22,[1,8]
23,[1,7]
24,[1,6]
25,[1,5]
26,[1,6]
27,[1,7]
28,[1,8]
29,[2,8]
30,[3,8]
31,[4,8]
32,[5,8]
33,[6,8]
34,[7,8]
35,[6,8]
36,[5,8]
37,[4,8]
38,[3,8]
39,[3,7]
40,[3,6]
41,[3,5]
42,[3,4]
43,[3,5]
44,[3,6]
45,[3,7]
46,[3,8]
47,[4,8]
48,[5,8]
49,[4,8]
50,[3,8]
51,[3,7]
52,[3,6]
53,[3,5]
54,[3,4]
55,[3,3]
56,[3,4]
57,[3,3]
58,[3,4]
