//Quantitative values
88	//Makespan
89	//Mission completion time hauler 1
1	//Application execution time (in millisecond)
//Path to the final points
0,[6,5]
1,[5,5]
2,[4,5]
3,[3,5]
4,[2,5]
5,[2,6]
6,[2,7]
7,[1,7]
8,[1,8]
9,[1,9]
10,[1,10]
11,[1,11]
12,[1,10]
13,[1,9]
14,[1,8]
15,[1,7]
16,[2,7]
17,[2,6]
18,[2,5]
19,[2,4]
20,[3,4]
21,[4,4]
22,[5,4]
23,[6,4]
24,[7,4]
25,[8,4]
26,[8,3]
27,[9,3]
28,[10,3]
29,[11,3]
30,[10,3]
31,[9,3]
32,[8,3]
33,[8,4]
34,[7,4]
35,[6,4]
36,[5,4]
37,[4,4]
38,[3,4]
39,[2,4]
40,[2,5]
41,[2,6]
42,[2,7]
43,[1,7]
44,[1,8]
45,[1,9]
46,[1,10]
47,[1,11]
48,[1,10]
49,[1,9]
50,[1,8]
51,[1,7]
52,[2,7]
53,[2,6]
54,[2,5]
55,[2,4]
56,[3,4]
57,[4,4]
58,[5,4]
59,[6,4]
60,[7,4]
61,[7,5]
62,[7,6]
63,[7,7]
64,[7,8]
65,[8,8]
66,[9,8]
67,[10,8]
68,[10,9]
69,[10,8]
70,[10,7]
71,[10,6]
72,[10,7]
73,[10,8]
74,[10,9]
75,[10,8]
76,[10,7]
77,[10,6]
78,[10,7]
79,[10,8]
80,[10,9]
81,[10,8]
82,[9,8]
83,[8,8]
84,[7,8]
85,[7,7]
86,[7,6]
87,[7,5]
88,[7,4]
