//Quantitative values
124	//Makespan
124	//Mission completion time hauler 1
2	//Application execution time (in millisecond)
//Path to the final points
0,[2,1]
1,[2,2]
2,[2,3]
3,[2,4]
4,[2,5]
5,[2,6]
6,[2,7]
7,[2,8]
8,[3,8]
9,[4,8]
10,[5,8]
11,[4,8]
12,[3,8]
13,[2,8]
14,[2,7]
15,[2,6]
16,[2,5]
17,[2,6]
18,[2,7]
19,[2,8]
20,[3,8]
21,[2,8]
22,[2,7]
23,[2,6]
24,[2,5]
25,[2,6]
26,[2,7]
27,[2,8]
28,[3,8]
29,[4,8]
30,[5,8]
31,[4,8]
32,[3,8]
33,[2,8]
34,[2,7]
35,[2,6]
36,[2,5]
37,[2,4]
38,[2,3]
39,[3,3]
40,[4,3]
41,[5,3]
42,[6,3]
43,[7,3]
44,[8,3]
45,[9,3]
46,[10,3]
47,[10,2]
48,[10,1]
49,[9,1]
50,[10,1]
51,[10,2]
52,[10,3]
53,[9,3]
54,[8,3]
55,[7,3]
56,[6,3]
57,[5,3]
58,[4,3]
59,[3,3]
60,[2,3]
61,[2,4]
62,[2,5]
63,[2,6]
64,[2,7]
65,[2,8]
66,[3,8]
67,[4,8]
68,[5,8]
69,[5,7]
70,[5,6]
71,[5,5]
72,[6,5]
73,[6,4]
74,[6,3]
75,[7,3]
76,[8,3]
77,[9,3]
78,[10,3]
79,[10,2]
80,[10,1]
81,[9,1]
82,[10,1]
83,[10,2]
84,[10,3]
85,[9,3]
86,[8,3]
87,[7,3]
88,[6,3]
89,[5,3]
90,[4,3]
91,[3,3]
92,[2,3]
93,[2,4]
94,[2,5]
95,[2,4]
96,[2,3]
97,[3,3]
98,[4,3]
99,[5,3]
100,[6,3]
101,[7,3]
102,[8,3]
103,[9,3]
104,[10,3]
105,[10,2]
106,[10,1]
107,[9,1]
108,[10,1]
109,[10,2]
110,[10,3]
111,[9,3]
112,[8,3]
113,[7,3]
114,[6,3]
115,[5,3]
116,[4,3]
117,[3,3]
118,[2,3]
119,[2,4]
120,[2,5]
121,[2,6]
122,[2,7]
123,[2,8]
124,[3,8]
