//Quantitative values
98	//Makespan
98	//Mission completion time hauler 1
1	//Application execution time (in millisecond)
//Path to the final points
0,[8,5]
1,[7,5]
2,[6,5]
3,[5,5]
4,[4,5]
5,[3,5]
6,[3,4]
7,[3,3]
8,[3,4]
9,[3,5]
10,[3,6]
11,[3,7]
12,[3,8]
13,[4,8]
14,[5,8]
15,[6,8]
16,[7,8]
17,[6,8]
18,[5,8]
19,[4,8]
20,[3,8]
21,[3,7]
22,[3,6]
23,[3,5]
24,[3,4]
25,[3,3]
26,[3,4]
27,[3,5]
28,[3,6]
29,[3,7]
30,[3,8]
31,[4,8]
32,[5,8]
33,[6,8]
34,[7,8]
35,[6,8]
36,[5,8]
37,[4,8]
38,[3,8]
39,[3,7]
40,[3,6]
41,[3,5]
42,[3,4]
43,[3,3]
44,[3,4]
45,[3,5]
46,[3,6]
47,[3,7]
48,[3,8]
49,[4,8]
50,[5,8]
51,[6,8]
52,[7,8]
53,[6,8]
54,[5,8]
55,[4,8]
56,[3,8]
57,[3,7]
58,[3,6]
59,[3,5]
60,[3,4]
61,[2,4]
62,[1,4]
63,[1,5]
64,[1,4]
65,[2,4]
66,[3,4]
67,[2,4]
68,[1,4]
69,[1,5]
70,[1,6]
71,[1,7]
72,[1,8]
73,[2,8]
74,[3,8]
75,[4,8]
76,[5,8]
77,[6,8]
78,[7,8]
79,[6,8]
80,[5,8]
81,[6,8]
82,[7,8]
83,[6,8]
84,[5,8]
85,[6,8]
86,[7,8]
87,[6,8]
88,[5,8]
89,[4,8]
90,[3,8]
91,[2,8]
92,[1,8]
93,[1,7]
94,[1,6]
95,[1,5]
96,[1,4]
97,[2,4]
98,[3,4]
