//Quantitative values
67	//Makespan
47	//Mission completion time hauler 1
67	//Mission completion time hauler 2
1	//Application execution time (in millisecond)
//Path to the final points
0,[10,5],[10,10]
1,[9,5],[10,9]
2,[8,5],[11,9]
3,[7,5],[11,8]
4,[6,5],[11,7]
5,[5,5],[11,6]
6,[4,5],[11,5]
7,[4,6],[11,4]
8,[4,7],[11,3]
9,[4,8],[12,3]
10,[4,9],[11,3]
11,[4,10],[10,3]
12,[4,11],[9,3]
13,[5,11],[8,3]
14,[6,11],[7,3]
15,[7,11],[6,3]
16,[6,11],[5,3]
17,[5,11],[4,3]
18,[4,11],[3,3]
19,[4,10],[2,3]
20,[4,9],[1,3]
21,[4,8],[1,4]
22,[4,7],[1,5]
23,[4,6],[1,6]
24,[4,5],[1,7]
25,[4,6],[2,7]
26,[4,7],[2,8]
27,[4,8],[2,9]
28,[4,9],[2,10]
29,[4,10],[2,11]
30,[4,11],[3,11]
31,[5,11],[4,11]
32,[6,11],[5,11]
33,[7,11],[6,11]
34,[6,11],[7,11]
35,[5,11],[6,11]
36,[4,11],[5,11]
37,[4,10],[4,11]
38,[4,9],[4,10]
39,[4,8],[4,9]
40,[4,7],[4,8]
41,[4,6],[4,7]
42,[4,5],[4,6]
43,[4,6],[4,5]
44,[4,7],[4,4]
45,[4,8],[4,3]
46,[4,9],[5,3]
47,[4,10],[6,3]
48,[4,10],[7,3]
49,[4,10],[8,3]
50,[4,10],[9,3]
51,[4,10],[10,3]
52,[4,10],[11,3]
53,[4,10],[12,3]
54,[4,10],[11,3]
55,[4,10],[10,3]
56,[4,10],[9,3]
57,[4,10],[8,3]
58,[4,10],[7,3]
59,[4,10],[6,3]
60,[4,10],[5,3]
61,[4,10],[4,3]
62,[4,10],[3,3]
63,[4,10],[2,3]
64,[4,10],[1,3]
65,[4,10],[1,4]
66,[4,10],[1,5]
67,[4,10],[1,6]
