//Quantitative values
66	//Makespan
66	//Mission completion time hauler 1
1	//Application execution time (in millisecond)
//Path to the final points
0,[2,1]
1,[2,2]
2,[2,3]
3,[2,4]
4,[2,5]
5,[2,6]
6,[2,7]
7,[2,8]
8,[2,9]
9,[2,10]
10,[2,11]
11,[2,12]
12,[3,12]
13,[4,12]
14,[5,12]
15,[6,12]
16,[7,12]
17,[8,12]
18,[9,12]
19,[10,12]
20,[9,12]
21,[8,12]
22,[7,12]
23,[6,12]
24,[5,12]
25,[5,11]
26,[5,10]
27,[5,9]
28,[5,8]
29,[5,7]
30,[5,6]
31,[5,5]
32,[6,5]
33,[6,4]
34,[6,3]
35,[7,3]
36,[8,3]
37,[9,3]
38,[10,3]
39,[10,2]
40,[10,1]
41,[9,1]
42,[10,1]
43,[10,2]
44,[10,3]
45,[9,3]
46,[8,3]
47,[7,3]
48,[6,3]
49,[5,3]
50,[4,3]
51,[3,3]
52,[2,3]
53,[2,4]
54,[2,5]
55,[2,6]
56,[2,7]
57,[2,8]
58,[3,8]
59,[4,8]
60,[5,8]
61,[4,8]
62,[3,8]
63,[4,8]
64,[5,8]
65,[4,8]
66,[3,8]
