//Quantitative values
59	//Makespan
59	//Mission completion time hauler 1
2	//Application execution time (in millisecond)
//Path to the final points
0,[3,1]
1,[4,1]
2,[4,2]
3,[4,3]
4,[4,4]
5,[4,5]
6,[4,6]
7,[4,7]
8,[4,8]
9,[4,9]
10,[5,9]
11,[6,9]
12,[7,9]
13,[6,9]
14,[5,9]
15,[4,9]
16,[4,8]
17,[4,7]
18,[4,8]
19,[5,8]
20,[5,7]
21,[5,6]
22,[5,5]
23,[6,5]
24,[7,5]
25,[7,6]
26,[7,7]
27,[7,8]
28,[7,9]
29,[7,10]
30,[8,10]
31,[8,11]
32,[8,10]
33,[8,9]
34,[9,9]
35,[9,8]
36,[9,7]
37,[9,6]
38,[9,5]
39,[9,4]
40,[9,3]
41,[9,2]
42,[9,1]
43,[10,1]
44,[9,1]
45,[9,2]
46,[9,3]
47,[9,4]
48,[9,5]
49,[9,6]
50,[9,7]
51,[9,8]
52,[9,9]
53,[8,9]
54,[7,9]
55,[6,9]
56,[5,9]
57,[4,9]
58,[4,8]
59,[4,7]
