//Quantitative values
170	//Makespan
76	//Mission completion time hauler 1
170	//Mission completion time hauler 2
120	//Mission completion time hauler 3
2	//Application execution time (in millisecond)
//Path to the final points
0,[7,11],[6,4],[7,1]
1,[6,11],[6,5],[6,1]
2,[5,11],[6,6],[5,1]
3,[4,11],[6,7],[4,1]
4,[3,11],[6,8],[3,1]
5,[2,11],[6,9],[2,1]
6,[1,11],[6,10],[2,2]
7,[1,10],[6,11],[2,3]
8,[1,9],[7,11],[2,4]
9,[1,8],[7,12],[3,4]
10,[1,7],[8,12],[4,4]
11,[1,8],[7,12],[5,4]
12,[1,9],[7,11],[5,5]
13,[1,10],[6,11],[5,6]
14,[1,11],[5,11],[5,7]
15,[2,11],[5,10],[5,8]
16,[3,11],[5,9],[5,8]
17,[4,11],[5,8],[5,9]
18,[5,11],[5,7],[5,10]
19,[6,11],[5,6],[6,10]
20,[6,10],[5,5],[7,10]
21,[7,10],[5,4],[8,10]
22,[8,10],[4,4],[9,10]
23,[9,10],[3,4],[10,10]
24,[10,10],[2,4],[10,11]
25,[10,11],[2,3],[11,11]
26,[11,11],[2,2],[12,11]
27,[12,11],[2,1],[11,11]
28,[11,11],[2,2],[10,11]
29,[10,11],[2,3],[10,10]
30,[10,10],[2,4],[9,10]
31,[9,10],[3,4],[8,10]
32,[8,10],[4,4],[7,10]
33,[7,10],[5,4],[6,10]
34,[6,10],[5,5],[6,11]
35,[6,11],[5,6],[7,11]
36,[6,10],[5,7],[7,12]
37,[7,10],[5,8],[8,12]
38,[8,10],[5,9],[7,12]
39,[9,10],[5,10],[7,11]
40,[10,10],[6,10],[6,11]
41,[10,11],[7,10],[5,11]
42,[11,11],[8,10],[5,10]
43,[12,11],[9,10],[5,9]
44,[11,11],[10,10],[5,8]
45,[10,11],[10,10],[5,7]
46,[10,10],[10,11],[5,6]
47,[9,10],[11,11],[5,5]
48,[8,10],[12,11],[5,4]
49,[7,10],[11,11],[4,4]
50,[6,10],[10,11],[3,4]
51,[6,11],[10,10],[2,4]
52,[6,10],[9,10],[2,3]
53,[7,10],[8,10],[2,2]
54,[8,10],[7,10],[2,1]
55,[9,10],[6,10],[2,2]
56,[10,10],[5,10],[2,3]
57,[10,11],[5,9],[2,4]
58,[11,11],[5,8],[3,4]
59,[12,11],[5,7],[4,4]
60,[11,11],[5,6],[5,4]
61,[10,11],[5,5],[5,4]
62,[10,10],[5,4],[5,5]
63,[9,10],[4,4],[5,6]
64,[8,10],[3,4],[5,7]
65,[7,10],[2,4],[5,8]
66,[6,10],[2,3],[5,9]
67,[6,11],[2,2],[4,9]
68,[7,11],[2,1],[4,10]
69,[7,12],[2,2],[3,10]
70,[8,12],[2,3],[2,10]
71,[7,12],[2,4],[1,10]
72,[7,11],[3,4],[1,9]
73,[6,11],[4,4],[1,8]
74,[7,11],[5,4],[1,7]
75,[7,12],[5,5],[1,8]
76,[8,12],[5,6],[1,9]
77,[8,12],[5,7],[1,10]
78,[8,12],[5,8],[1,11]
79,[8,12],[5,9],[2,11]
80,[8,12],[4,9],[3,11]
81,[8,12],[4,10],[4,11]
82,[8,12],[3,10],[5,11]
83,[8,12],[2,10],[6,11]
84,[8,12],[1,10],[6,10]
85,[8,12],[1,9],[7,10]
86,[8,12],[1,8],[8,10]
87,[8,12],[1,7],[9,10]
88,[8,12],[1,8],[10,10]
89,[8,12],[1,9],[10,11]
90,[8,12],[1,10],[11,11]
91,[8,12],[1,11],[12,11]
92,[8,12],[2,11],[11,11]
93,[8,12],[3,11],[10,11]
94,[8,12],[4,11],[10,10]
95,[8,12],[5,11],[9,10]
96,[8,12],[6,11],[8,10]
97,[8,12],[7,11],[7,10]
98,[8,12],[7,12],[6,10]
99,[8,12],[8,12],[6,11]
100,[8,12],[7,12],[5,11]
101,[8,12],[7,11],[4,11]
102,[8,12],[6,11],[3,11]
103,[8,12],[6,10],[2,11]
104,[8,12],[7,10],[1,11]
105,[8,12],[8,10],[1,10]
106,[8,12],[9,10],[1,9]
107,[8,12],[10,10],[1,8]
108,[8,12],[10,11],[1,7]
109,[8,12],[11,11],[1,8]
110,[8,12],[12,11],[1,9]
111,[8,12],[11,11],[1,10]
112,[8,12],[10,11],[1,11]
113,[8,12],[10,10],[2,11]
114,[8,12],[9,10],[3,11]
115,[8,12],[8,10],[4,11]
116,[8,12],[7,10],[5,11]
117,[8,12],[6,10],[6,11]
118,[8,12],[5,10],[7,11]
119,[8,12],[5,9],[7,12]
120,[8,12],[5,8],[8,12]
121,[8,12],[5,7],[8,12]
122,[8,12],[5,6],[8,12]
123,[8,12],[5,5],[8,12]
124,[8,12],[5,4],[8,12]
125,[8,12],[4,4],[8,12]
126,[8,12],[3,4],[8,12]
127,[8,12],[2,4],[8,12]
128,[8,12],[2,3],[8,12]
129,[8,12],[2,2],[8,12]
130,[8,12],[2,1],[8,12]
131,[8,12],[2,2],[8,12]
132,[8,12],[2,3],[8,12]
133,[8,12],[2,4],[8,12]
134,[8,12],[3,4],[8,12]
135,[8,12],[4,4],[8,12]
136,[8,12],[5,4],[8,12]
137,[8,12],[5,5],[8,12]
138,[8,12],[5,6],[8,12]
139,[8,12],[5,7],[8,12]
140,[8,12],[5,8],[8,12]
141,[8,12],[5,9],[8,12]
142,[8,12],[5,10],[8,12]
143,[8,12],[6,10],[8,12]
144,[8,12],[7,10],[8,12]
145,[8,12],[8,10],[8,12]
146,[8,12],[9,10],[8,12]
147,[8,12],[10,10],[8,12]
148,[8,12],[10,11],[8,12]
149,[8,12],[11,11],[8,12]
150,[8,12],[12,11],[8,12]
151,[8,12],[11,11],[8,12]
152,[8,12],[10,11],[8,12]
153,[8,12],[10,10],[8,12]
154,[8,12],[9,10],[8,12]
155,[8,12],[8,10],[8,12]
156,[8,12],[7,10],[8,12]
157,[8,12],[6,10],[8,12]
158,[8,12],[5,10],[8,12]
159,[8,12],[5,9],[8,12]
160,[8,12],[5,8],[8,12]
161,[8,12],[5,7],[8,12]
162,[8,12],[5,6],[8,12]
163,[8,12],[5,5],[8,12]
164,[8,12],[5,4],[8,12]
165,[8,12],[4,4],[8,12]
166,[8,12],[3,4],[8,12]
167,[8,12],[2,4],[8,12]
168,[8,12],[2,3],[8,12]
169,[8,12],[2,2],[8,12]
170,[8,12],[2,1],[8,12]
