//Quantitative values
192	//Makespan
193	//Mission completion time hauler 1
2	//Application execution time (in millisecond)
//Path to the final points
0,[10,10]
1,[9,10]
2,[9,11]
3,[9,12]
4,[8,12]
5,[7,12]
6,[6,12]
7,[6,11]
8,[5,11]
9,[4,11]
10,[3,11]
11,[4,11]
12,[5,11]
13,[6,11]
14,[6,12]
15,[7,12]
16,[8,12]
17,[9,12]
18,[9,12]
19,[9,12]
20,[9,12]
21,[9,12]
22,[9,12]
23,[8,12]
24,[7,12]
25,[6,12]
26,[6,11]
27,[5,11]
28,[4,11]
29,[3,11]
30,[3,10]
31,[3,9]
32,[3,8]
33,[3,9]
34,[3,10]
35,[3,11]
36,[4,11]
37,[5,11]
38,[6,11]
39,[6,12]
40,[7,12]
41,[8,12]
42,[9,12]
43,[9,12]
44,[9,12]
45,[9,12]
46,[9,12]
47,[9,12]
48,[8,12]
49,[7,12]
50,[6,12]
51,[6,11]
52,[5,11]
53,[4,11]
54,[3,11]
55,[4,11]
56,[5,11]
57,[6,11]
58,[6,12]
59,[7,12]
60,[8,12]
61,[9,12]
62,[8,12]
63,[7,12]
64,[6,12]
65,[6,11]
66,[5,11]
67,[4,11]
68,[3,11]
69,[3,10]
70,[3,9]
71,[3,8]
72,[3,9]
73,[3,10]
74,[3,11]
75,[4,11]
76,[5,11]
77,[6,11]
78,[6,12]
79,[7,12]
80,[8,12]
81,[9,12]
82,[9,12]
83,[9,12]
84,[9,12]
85,[9,12]
86,[9,12]
87,[8,12]
88,[7,12]
89,[6,12]
90,[6,11]
91,[6,12]
92,[7,12]
93,[8,12]
94,[9,12]
95,[8,12]
96,[7,12]
97,[6,12]
98,[6,11]
99,[5,11]
100,[4,11]
101,[3,11]
102,[3,10]
103,[3,9]
104,[3,8]
105,[3,9]
106,[3,10]
107,[3,11]
108,[4,11]
109,[5,11]
110,[6,11]
111,[6,12]
112,[7,12]
113,[8,12]
114,[9,12]
115,[9,12]
116,[9,12]
117,[9,12]
118,[9,12]
119,[9,12]
120,[9,11]
121,[9,10]
122,[9,9]
123,[10,9]
124,[10,8]
125,[10,7]
126,[10,6]
127,[11,6]
128,[10,6]
129,[10,7]
130,[10,8]
131,[10,9]
132,[9,9]
133,[9,10]
134,[9,11]
135,[9,12]
136,[9,12]
137,[9,12]
138,[9,12]
139,[9,12]
140,[9,12]
141,[8,12]
142,[8,11]
143,[8,10]
144,[8,9]
145,[8,8]
146,[8,7]
147,[8,6]
148,[8,5]
149,[8,6]
150,[8,7]
151,[8,8]
152,[8,9]
153,[8,10]
154,[8,11]
155,[8,12]
156,[9,12]
157,[9,12]
158,[9,12]
159,[9,12]
160,[9,12]
161,[9,12]
162,[9,11]
163,[9,10]
164,[9,9]
165,[10,9]
166,[10,8]
167,[10,7]
168,[10,6]
169,[11,6]
170,[10,6]
171,[10,7]
172,[10,8]
173,[10,9]
174,[9,9]
175,[9,10]
176,[9,11]
177,[9,12]
178,[9,12]
179,[9,12]
180,[9,12]
181,[9,12]
182,[9,12]
183,[8,12]
184,[7,12]
185,[6,12]
186,[6,11]
187,[5,11]
188,[4,11]
189,[3,11]
190,[3,10]
191,[3,9]
192,[3,8]
