//Quantitative values
263	//Makespan
264	//Mission completion time hauler 1
1	//Application execution time (in millisecond)
//Path to the final points
0,[1,12]
1,[1,11]
2,[1,10]
3,[2,10]
4,[2,9]
5,[2,8]
6,[2,7]
7,[2,6]
8,[2,5]
9,[2,4]
10,[2,3]
11,[3,3]
12,[3,2]
13,[3,1]
14,[4,1]
15,[5,1]
16,[6,1]
17,[7,1]
18,[8,1]
19,[9,1]
20,[9,1]
21,[9,1]
22,[9,1]
23,[9,1]
24,[9,1]
25,[8,1]
26,[7,1]
27,[6,1]
28,[5,1]
29,[4,1]
30,[3,1]
31,[3,2]
32,[3,3]
33,[2,3]
34,[1,3]
35,[1,4]
36,[1,5]
37,[1,6]
38,[1,5]
39,[1,4]
40,[1,3]
41,[2,3]
42,[3,3]
43,[3,2]
44,[3,1]
45,[4,1]
46,[5,1]
47,[6,1]
48,[7,1]
49,[8,1]
50,[9,1]
51,[9,1]
52,[9,1]
53,[9,1]
54,[9,1]
55,[9,1]
56,[8,1]
57,[7,1]
58,[6,1]
59,[6,2]
60,[6,3]
61,[6,4]
62,[5,4]
63,[4,4]
64,[4,5]
65,[4,6]
66,[4,5]
67,[4,4]
68,[5,4]
69,[6,4]
70,[6,3]
71,[6,2]
72,[6,1]
73,[7,1]
74,[8,1]
75,[9,1]
76,[8,1]
77,[7,1]
78,[6,1]
79,[6,2]
80,[6,3]
81,[6,4]
82,[6,5]
83,[6,6]
84,[6,7]
85,[6,8]
86,[6,9]
87,[5,9]
88,[6,9]
89,[6,8]
90,[6,7]
91,[6,6]
92,[6,5]
93,[6,4]
94,[6,3]
95,[6,2]
96,[6,1]
97,[7,1]
98,[8,1]
99,[9,1]
100,[9,1]
101,[9,1]
102,[9,1]
103,[9,1]
104,[9,1]
105,[8,1]
106,[7,1]
107,[6,1]
108,[6,2]
109,[6,3]
110,[6,4]
111,[5,4]
112,[5,5]
113,[5,6]
114,[5,5]
115,[5,4]
116,[6,4]
117,[6,3]
118,[6,2]
119,[6,1]
120,[7,1]
121,[8,1]
122,[9,1]
123,[8,1]
124,[7,1]
125,[6,1]
126,[5,1]
127,[4,1]
128,[3,1]
129,[3,2]
130,[3,3]
131,[2,3]
132,[1,3]
133,[1,4]
134,[1,5]
135,[1,6]
136,[1,5]
137,[1,4]
138,[1,3]
139,[2,3]
140,[3,3]
141,[3,2]
142,[3,1]
143,[4,1]
144,[5,1]
145,[6,1]
146,[7,1]
147,[8,1]
148,[9,1]
149,[9,1]
150,[9,1]
151,[9,1]
152,[9,1]
153,[9,1]
154,[8,1]
155,[7,1]
156,[6,1]
157,[6,2]
158,[6,3]
159,[6,4]
160,[5,4]
161,[4,4]
162,[4,5]
163,[4,6]
164,[4,5]
165,[4,4]
166,[5,4]
167,[6,4]
168,[6,3]
169,[6,2]
170,[6,1]
171,[7,1]
172,[8,1]
173,[9,1]
174,[8,1]
175,[7,1]
176,[6,1]
177,[6,2]
178,[6,3]
179,[6,4]
180,[6,5]
181,[6,6]
182,[6,7]
183,[6,8]
184,[6,9]
185,[5,9]
186,[6,9]
187,[6,8]
188,[6,7]
189,[6,6]
190,[6,5]
191,[6,4]
192,[6,3]
193,[6,2]
194,[6,1]
195,[7,1]
196,[8,1]
197,[9,1]
198,[9,1]
199,[9,1]
200,[9,1]
201,[9,1]
202,[9,1]
203,[8,1]
204,[7,1]
205,[6,1]
206,[6,2]
207,[6,3]
208,[6,4]
209,[5,4]
210,[4,4]
211,[4,5]
212,[4,6]
213,[4,5]
214,[4,4]
215,[5,4]
216,[6,4]
217,[6,3]
218,[6,2]
219,[6,1]
220,[7,1]
221,[8,1]
222,[9,1]
223,[8,1]
224,[7,1]
225,[6,1]
226,[5,1]
227,[4,1]
228,[3,1]
229,[3,2]
230,[3,3]
231,[2,3]
232,[1,3]
233,[1,4]
234,[1,5]
235,[1,6]
236,[1,5]
237,[1,4]
238,[1,3]
239,[2,3]
240,[3,3]
241,[3,2]
242,[3,1]
243,[4,1]
244,[5,1]
245,[6,1]
246,[7,1]
247,[8,1]
248,[9,1]
249,[9,1]
250,[9,1]
251,[9,1]
252,[9,1]
253,[9,1]
254,[8,1]
255,[7,1]
256,[6,1]
257,[6,2]
258,[6,3]
259,[6,4]
260,[5,4]
261,[4,4]
262,[4,5]
263,[4,6]
