//Quantitative values
173	//Makespan
174	//Mission completion time hauler 1
1	//Application execution time (in millisecond)
//Path to the final points
0,[9,8]
1,[8,8]
2,[8,9]
3,[8,10]
4,[7,10]
5,[6,10]
6,[6,9]
7,[5,9]
8,[5,8]
9,[5,7]
10,[5,6]
11,[4,6]
12,[3,6]
13,[2,6]
14,[2,5]
15,[2,4]
16,[2,5]
17,[2,6]
18,[3,6]
19,[4,6]
20,[5,6]
21,[5,6]
22,[5,6]
23,[5,6]
24,[5,6]
25,[5,6]
26,[5,5]
27,[5,4]
28,[5,3]
29,[6,3]
30,[7,3]
31,[8,3]
32,[7,3]
33,[6,3]
34,[5,3]
35,[5,4]
36,[5,5]
37,[5,6]
38,[4,6]
39,[3,6]
40,[2,6]
41,[2,5]
42,[2,4]
43,[2,5]
44,[2,6]
45,[3,6]
46,[4,6]
47,[5,6]
48,[5,6]
49,[5,6]
50,[5,6]
51,[5,6]
52,[5,6]
53,[5,5]
54,[5,4]
55,[5,3]
56,[6,3]
57,[7,3]
58,[8,3]
59,[7,3]
60,[6,3]
61,[5,3]
62,[5,4]
63,[5,5]
64,[5,6]
65,[5,5]
66,[5,4]
67,[5,3]
68,[5,2]
69,[6,2]
70,[7,2]
71,[8,2]
72,[9,2]
73,[10,2]
74,[11,2]
75,[10,2]
76,[9,2]
77,[8,2]
78,[7,2]
79,[6,2]
80,[5,2]
81,[5,3]
82,[5,4]
83,[5,5]
84,[5,6]
85,[5,6]
86,[5,6]
87,[5,6]
88,[5,6]
89,[5,6]
90,[5,7]
91,[5,8]
92,[5,9]
93,[6,9]
94,[6,10]
95,[7,10]
96,[8,10]
97,[9,10]
98,[9,11]
99,[10,11]
100,[11,11]
101,[12,11]
102,[11,11]
103,[10,11]
104,[9,11]
105,[9,10]
106,[8,10]
107,[7,10]
108,[6,10]
109,[6,9]
110,[5,9]
111,[5,8]
112,[5,7]
113,[5,6]
114,[5,6]
115,[5,6]
116,[5,6]
117,[5,6]
118,[5,6]
119,[4,6]
120,[3,6]
121,[2,6]
122,[2,5]
123,[2,4]
124,[2,5]
125,[2,6]
126,[3,6]
127,[4,6]
128,[5,6]
129,[5,7]
130,[5,8]
131,[5,9]
132,[6,9]
133,[6,10]
134,[7,10]
135,[8,10]
136,[9,10]
137,[9,11]
138,[10,11]
139,[11,11]
140,[12,11]
141,[11,11]
142,[10,11]
143,[9,11]
144,[9,10]
145,[8,10]
146,[7,10]
147,[6,10]
148,[6,9]
149,[5,9]
150,[5,8]
151,[5,7]
152,[5,6]
153,[5,6]
154,[5,6]
155,[5,6]
156,[5,6]
157,[5,6]
158,[4,6]
159,[3,6]
160,[2,6]
161,[2,5]
162,[2,4]
163,[2,5]
164,[2,6]
165,[3,6]
166,[4,6]
167,[5,6]
168,[5,5]
169,[5,4]
170,[5,3]
171,[6,3]
172,[7,3]
173,[8,3]
