//Quantitative values
124	//Makespan
125	//Mission completion time hauler 1
1	//Application execution time (in millisecond)
//Path to the final points
0,[10,10]
1,[9,10]
2,[9,9]
3,[9,8]
4,[9,7]
5,[9,6]
6,[9,5]
7,[9,4]
8,[9,3]
9,[8,3]
10,[8,2]
11,[7,2]
12,[6,2]
13,[6,3]
14,[6,4]
15,[6,5]
16,[7,5]
17,[6,5]
18,[6,4]
19,[6,3]
20,[6,2]
21,[7,2]
22,[8,2]
23,[8,2]
24,[8,2]
25,[8,2]
26,[8,2]
27,[8,2]
28,[7,2]
29,[6,2]
30,[5,2]
31,[5,3]
32,[5,4]
33,[5,5]
34,[4,5]
35,[4,6]
36,[4,7]
37,[4,8]
38,[4,7]
39,[4,6]
40,[4,5]
41,[5,5]
42,[5,4]
43,[5,3]
44,[5,2]
45,[6,2]
46,[7,2]
47,[8,2]
48,[8,2]
49,[8,2]
50,[8,2]
51,[8,2]
52,[8,2]
53,[9,2]
54,[8,2]
55,[7,2]
56,[6,2]
57,[5,2]
58,[5,3]
59,[5,4]
60,[5,5]
61,[4,5]
62,[4,6]
63,[4,7]
64,[4,8]
65,[4,7]
66,[4,6]
67,[4,5]
68,[5,5]
69,[5,4]
70,[5,3]
71,[5,2]
72,[6,2]
73,[7,2]
74,[8,2]
75,[8,2]
76,[8,2]
77,[8,2]
78,[8,2]
79,[8,2]
80,[9,2]
81,[10,2]
82,[11,2]
83,[10,2]
84,[9,2]
85,[8,2]
86,[7,2]
87,[6,2]
88,[6,3]
89,[6,4]
90,[6,3]
91,[6,2]
92,[7,2]
93,[8,2]
94,[9,2]
95,[8,2]
96,[8,2]
97,[8,2]
98,[8,2]
99,[8,2]
100,[8,2]
101,[7,2]
102,[6,2]
103,[6,3]
104,[6,4]
105,[6,3]
106,[6,2]
107,[7,2]
108,[8,2]
109,[9,2]
110,[10,2]
111,[11,2]
112,[10,2]
113,[9,2]
114,[8,2]
115,[7,2]
116,[6,2]
117,[5,2]
118,[5,3]
119,[5,4]
120,[5,5]
121,[4,5]
122,[4,6]
123,[4,7]
124,[4,8]
