//Quantitative values
162	//Makespan
163	//Mission completion time hauler 1
2	//Application execution time (in millisecond)
//Path to the final points
0,[12,7]
1,[12,8]
2,[11,8]
3,[10,8]
4,[9,8]
5,[8,8]
6,[7,8]
7,[7,9]
8,[6,9]
9,[5,9]
10,[4,9]
11,[3,9]
12,[2,9]
13,[1,9]
14,[1,9]
15,[1,9]
16,[1,9]
17,[1,9]
18,[1,9]
19,[2,9]
20,[2,8]
21,[3,8]
22,[2,8]
23,[2,9]
24,[1,9]
25,[2,9]
26,[2,8]
27,[2,7]
28,[2,6]
29,[2,5]
30,[3,5]
31,[3,4]
32,[3,3]
33,[3,2]
34,[3,1]
35,[4,1]
36,[3,1]
37,[3,2]
38,[3,3]
39,[3,4]
40,[3,5]
41,[2,5]
42,[2,6]
43,[2,7]
44,[2,8]
45,[2,9]
46,[1,9]
47,[1,9]
48,[1,9]
49,[1,9]
50,[1,9]
51,[1,9]
52,[2,9]
53,[2,8]
54,[2,7]
55,[2,6]
56,[2,5]
57,[3,5]
58,[2,5]
59,[2,6]
60,[2,7]
61,[2,8]
62,[2,9]
63,[1,9]
64,[2,9]
65,[2,8]
66,[2,7]
67,[2,6]
68,[2,5]
69,[3,5]
70,[3,4]
71,[3,3]
72,[3,2]
73,[3,1]
74,[4,1]
75,[3,1]
76,[3,2]
77,[3,3]
78,[3,4]
79,[3,5]
80,[2,5]
81,[2,6]
82,[2,7]
83,[2,8]
84,[2,9]
85,[1,9]
86,[1,9]
87,[1,9]
88,[1,9]
89,[1,9]
90,[1,9]
91,[2,9]
92,[2,8]
93,[2,7]
94,[2,6]
95,[2,5]
96,[3,5]
97,[2,5]
98,[2,6]
99,[2,7]
100,[2,8]
101,[2,9]
102,[1,9]
103,[2,9]
104,[1,9]
105,[1,9]
106,[1,9]
107,[1,9]
108,[1,9]
109,[1,9]
110,[2,9]
111,[2,8]
112,[2,7]
113,[2,6]
114,[2,5]
115,[3,5]
116,[3,4]
117,[3,3]
118,[3,2]
119,[4,2]
120,[3,2]
121,[3,3]
122,[3,4]
123,[3,5]
124,[2,5]
125,[2,6]
126,[2,7]
127,[2,8]
128,[2,9]
129,[1,9]
130,[1,9]
131,[1,9]
132,[1,9]
133,[1,9]
134,[1,9]
135,[2,9]
136,[1,9]
137,[2,9]
138,[2,8]
139,[2,7]
140,[2,6]
141,[2,5]
142,[3,5]
143,[3,4]
144,[3,3]
145,[3,2]
146,[4,2]
147,[3,2]
148,[3,3]
149,[3,4]
150,[3,5]
151,[2,5]
152,[2,6]
153,[2,7]
154,[2,8]
155,[2,9]
156,[1,9]
157,[1,9]
158,[1,9]
159,[1,9]
160,[1,9]
161,[1,9]
162,[2,9]
