//Quantitative values
162	//Makespan
163	//Mission completion time hauler 1
2	//Application execution time (in millisecond)
//Path to the final points
0,[10,10]
1,[9,10]
2,[9,11]
3,[9,12]
4,[8,12]
5,[8,11]
6,[8,10]
7,[8,9]
8,[8,8]
9,[8,7]
10,[8,6]
11,[8,5]
12,[8,6]
13,[8,7]
14,[8,8]
15,[8,9]
16,[8,10]
17,[8,11]
18,[8,12]
19,[9,12]
20,[9,12]
21,[9,12]
22,[9,12]
23,[9,12]
24,[9,12]
25,[9,11]
26,[9,10]
27,[9,9]
28,[10,9]
29,[10,8]
30,[10,7]
31,[10,6]
32,[11,6]
33,[10,6]
34,[10,7]
35,[10,8]
36,[10,9]
37,[9,9]
38,[9,10]
39,[9,11]
40,[9,12]
41,[9,12]
42,[9,12]
43,[9,12]
44,[9,12]
45,[9,12]
46,[8,12]
47,[7,12]
48,[6,12]
49,[6,11]
50,[5,11]
51,[4,11]
52,[3,11]
53,[3,10]
54,[3,9]
55,[3,8]
56,[3,9]
57,[3,10]
58,[3,11]
59,[4,11]
60,[5,11]
61,[6,11]
62,[6,12]
63,[7,12]
64,[8,12]
65,[9,12]
66,[9,12]
67,[9,12]
68,[9,12]
69,[9,12]
70,[9,12]
71,[9,11]
72,[9,10]
73,[9,9]
74,[10,9]
75,[10,8]
76,[10,7]
77,[10,6]
78,[11,6]
79,[10,6]
80,[10,7]
81,[10,8]
82,[10,9]
83,[9,9]
84,[9,10]
85,[9,11]
86,[9,12]
87,[9,12]
88,[9,12]
89,[9,12]
90,[9,12]
91,[9,12]
92,[8,12]
93,[7,12]
94,[6,12]
95,[6,11]
96,[5,11]
97,[4,11]
98,[3,11]
99,[3,10]
100,[3,9]
101,[3,8]
102,[3,9]
103,[3,10]
104,[3,11]
105,[4,11]
106,[5,11]
107,[6,11]
108,[6,12]
109,[7,12]
110,[8,12]
111,[9,12]
112,[9,12]
113,[9,12]
114,[9,12]
115,[9,12]
116,[9,12]
117,[8,12]
118,[7,12]
119,[6,12]
120,[6,11]
121,[5,11]
122,[4,11]
123,[3,11]
124,[4,11]
125,[5,11]
126,[6,11]
127,[6,12]
128,[7,12]
129,[8,12]
130,[9,12]
131,[8,12]
132,[7,12]
133,[6,12]
134,[6,11]
135,[5,11]
136,[4,11]
137,[3,11]
138,[3,10]
139,[3,9]
140,[3,8]
141,[3,9]
142,[3,10]
143,[3,11]
144,[4,11]
145,[5,11]
146,[6,11]
147,[6,12]
148,[7,12]
149,[8,12]
150,[9,12]
151,[9,12]
152,[9,12]
153,[9,12]
154,[9,12]
155,[9,12]
156,[8,12]
157,[7,12]
158,[6,12]
159,[6,11]
160,[5,11]
161,[4,11]
162,[3,11]
