//Quantitative values
194	//Makespan
195	//Mission completion time hauler 1
1	//Application execution time (in millisecond)
//Path to the final points
0,[1,12]
1,[1,11]
2,[1,10]
3,[2,10]
4,[2,9]
5,[2,8]
6,[2,7]
7,[2,6]
8,[2,5]
9,[2,4]
10,[2,3]
11,[3,3]
12,[3,2]
13,[3,1]
14,[4,1]
15,[5,1]
16,[6,1]
17,[7,1]
18,[8,1]
19,[9,1]
20,[9,1]
21,[9,1]
22,[9,1]
23,[9,1]
24,[9,1]
25,[8,1]
26,[7,1]
27,[6,1]
28,[6,2]
29,[6,3]
30,[6,4]
31,[5,4]
32,[4,4]
33,[4,5]
34,[4,6]
35,[4,5]
36,[4,4]
37,[5,4]
38,[6,4]
39,[6,3]
40,[6,2]
41,[6,1]
42,[7,1]
43,[8,1]
44,[9,1]
45,[8,1]
46,[7,1]
47,[6,1]
48,[5,1]
49,[4,1]
50,[3,1]
51,[3,2]
52,[3,3]
53,[2,3]
54,[1,3]
55,[1,4]
56,[1,5]
57,[1,6]
58,[1,5]
59,[1,4]
60,[1,3]
61,[2,3]
62,[3,3]
63,[3,2]
64,[3,1]
65,[4,1]
66,[5,1]
67,[6,1]
68,[7,1]
69,[8,1]
70,[9,1]
71,[9,1]
72,[9,1]
73,[9,1]
74,[9,1]
75,[9,1]
76,[9,2]
77,[9,3]
78,[9,4]
79,[9,5]
80,[9,6]
81,[9,7]
82,[10,7]
83,[9,7]
84,[9,6]
85,[9,5]
86,[9,4]
87,[9,3]
88,[9,2]
89,[9,1]
90,[8,1]
91,[7,1]
92,[6,1]
93,[6,2]
94,[6,3]
95,[6,4]
96,[6,5]
97,[6,6]
98,[6,7]
99,[6,8]
100,[6,9]
101,[5,9]
102,[6,9]
103,[6,8]
104,[6,7]
105,[6,6]
106,[6,5]
107,[6,4]
108,[6,3]
109,[6,2]
110,[6,1]
111,[7,1]
112,[8,1]
113,[9,1]
114,[9,1]
115,[9,1]
116,[9,1]
117,[9,1]
118,[9,1]
119,[9,2]
120,[9,3]
121,[9,4]
122,[9,5]
123,[9,6]
124,[9,7]
125,[10,7]
126,[9,7]
127,[9,6]
128,[9,5]
129,[9,4]
130,[9,3]
131,[9,2]
132,[9,1]
133,[8,1]
134,[7,1]
135,[6,1]
136,[5,1]
137,[4,1]
138,[3,1]
139,[3,2]
140,[3,3]
141,[2,3]
142,[1,3]
143,[1,4]
144,[1,5]
145,[1,6]
146,[1,5]
147,[1,4]
148,[1,3]
149,[2,3]
150,[3,3]
151,[3,2]
152,[3,1]
153,[4,1]
154,[5,1]
155,[6,1]
156,[7,1]
157,[8,1]
158,[9,1]
159,[9,1]
160,[9,1]
161,[9,1]
162,[9,1]
163,[9,1]
164,[8,1]
165,[7,1]
166,[6,1]
167,[6,2]
168,[6,3]
169,[6,4]
170,[5,4]
171,[5,5]
172,[5,6]
173,[5,5]
174,[5,4]
175,[6,4]
176,[6,3]
177,[6,2]
178,[6,1]
179,[7,1]
180,[8,1]
181,[9,1]
182,[8,1]
183,[7,1]
184,[6,1]
185,[5,1]
186,[4,1]
187,[3,1]
188,[3,2]
189,[3,3]
190,[2,3]
191,[1,3]
192,[1,4]
193,[1,5]
194,[1,6]
