//Quantitative values
130	//Makespan
131	//Mission completion time hauler 1
1	//Application execution time (in millisecond)
//Path to the final points
0,[9,8]
1,[8,8]
2,[8,9]
3,[8,10]
4,[7,10]
5,[6,10]
6,[6,9]
7,[5,9]
8,[5,8]
9,[5,7]
10,[5,6]
11,[5,7]
12,[5,8]
13,[5,9]
14,[6,9]
15,[6,10]
16,[7,10]
17,[8,10]
18,[9,10]
19,[9,11]
20,[10,11]
21,[11,11]
22,[12,11]
23,[11,11]
24,[10,11]
25,[9,11]
26,[9,10]
27,[8,10]
28,[7,10]
29,[6,10]
30,[6,9]
31,[5,9]
32,[5,8]
33,[5,7]
34,[5,6]
35,[5,6]
36,[5,6]
37,[5,6]
38,[5,6]
39,[5,6]
40,[4,6]
41,[3,6]
42,[2,6]
43,[2,5]
44,[2,4]
45,[2,5]
46,[2,6]
47,[3,6]
48,[4,6]
49,[5,6]
50,[5,5]
51,[5,4]
52,[5,3]
53,[6,3]
54,[7,3]
55,[8,3]
56,[7,3]
57,[6,3]
58,[5,3]
59,[5,4]
60,[5,5]
61,[5,6]
62,[5,6]
63,[5,6]
64,[5,6]
65,[5,6]
66,[5,6]
67,[4,6]
68,[3,6]
69,[2,6]
70,[2,5]
71,[2,4]
72,[2,5]
73,[2,6]
74,[3,6]
75,[4,6]
76,[5,6]
77,[5,5]
78,[5,4]
79,[5,3]
80,[6,3]
81,[7,3]
82,[8,3]
83,[7,3]
84,[6,3]
85,[5,3]
86,[5,4]
87,[5,5]
88,[5,6]
89,[5,6]
90,[5,6]
91,[5,6]
92,[5,6]
93,[5,6]
94,[4,6]
95,[3,6]
96,[2,6]
97,[2,5]
98,[2,4]
99,[2,5]
100,[2,6]
101,[3,6]
102,[4,6]
103,[5,6]
104,[5,5]
105,[5,4]
106,[5,3]
107,[6,3]
108,[7,3]
109,[8,3]
110,[7,3]
111,[6,3]
112,[5,3]
113,[5,4]
114,[5,5]
115,[5,6]
116,[5,6]
117,[5,6]
118,[5,6]
119,[5,6]
120,[5,6]
121,[5,5]
122,[5,4]
123,[5,3]
124,[5,2]
125,[6,2]
126,[7,2]
127,[8,2]
128,[9,2]
129,[10,2]
130,[11,2]
