//Quantitative values
103	//Makespan
104	//Mission completion time hauler 1
1	//Application execution time (in millisecond)
//Path to the final points
0,[10,10]
1,[9,10]
2,[9,9]
3,[9,8]
4,[9,7]
5,[9,6]
6,[9,5]
7,[9,4]
8,[9,3]
9,[8,3]
10,[8,2]
11,[9,2]
12,[10,2]
13,[11,2]
14,[10,2]
15,[9,2]
16,[8,2]
17,[8,2]
18,[8,2]
19,[8,2]
20,[8,2]
21,[8,2]
22,[7,2]
23,[6,2]
24,[6,3]
25,[6,4]
26,[6,3]
27,[6,2]
28,[7,2]
29,[8,2]
30,[9,2]
31,[8,2]
32,[7,2]
33,[6,2]
34,[5,2]
35,[5,3]
36,[5,4]
37,[5,5]
38,[4,5]
39,[4,6]
40,[4,7]
41,[4,8]
42,[4,7]
43,[4,6]
44,[4,5]
45,[5,5]
46,[5,4]
47,[5,3]
48,[5,2]
49,[6,2]
50,[7,2]
51,[8,2]
52,[8,2]
53,[8,2]
54,[8,2]
55,[8,2]
56,[8,2]
57,[9,2]
58,[10,2]
59,[11,2]
60,[10,2]
61,[9,2]
62,[8,2]
63,[7,2]
64,[6,2]
65,[5,2]
66,[5,3]
67,[5,4]
68,[5,5]
69,[4,5]
70,[4,6]
71,[4,7]
72,[4,8]
73,[4,7]
74,[4,6]
75,[4,5]
76,[5,5]
77,[5,4]
78,[5,3]
79,[5,2]
80,[6,2]
81,[7,2]
82,[8,2]
83,[8,2]
84,[8,2]
85,[8,2]
86,[8,2]
87,[8,2]
88,[7,2]
89,[6,2]
90,[6,3]
91,[6,4]
92,[6,5]
93,[7,5]
94,[6,5]
95,[6,4]
96,[6,3]
97,[6,2]
98,[7,2]
99,[8,2]
100,[7,2]
101,[6,2]
102,[6,3]
103,[6,4]
