//Quantitative values
135	//Makespan
136	//Mission completion time hauler 1
1	//Application execution time (in millisecond)
//Path to the final points
0,[12,7]
1,[12,8]
2,[11,8]
3,[10,8]
4,[9,8]
5,[8,8]
6,[7,8]
7,[7,9]
8,[6,9]
9,[5,9]
10,[4,9]
11,[3,9]
12,[2,9]
13,[1,9]
14,[1,9]
15,[1,9]
16,[1,9]
17,[1,9]
18,[1,9]
19,[2,9]
20,[1,9]
21,[2,9]
22,[2,8]
23,[3,8]
24,[2,8]
25,[2,9]
26,[1,9]
27,[2,9]
28,[2,8]
29,[2,7]
30,[2,6]
31,[2,5]
32,[3,5]
33,[3,4]
34,[3,3]
35,[3,2]
36,[3,1]
37,[4,1]
38,[3,1]
39,[3,2]
40,[3,3]
41,[3,4]
42,[3,5]
43,[2,5]
44,[2,6]
45,[2,7]
46,[2,8]
47,[2,9]
48,[1,9]
49,[1,9]
50,[1,9]
51,[1,9]
52,[1,9]
53,[1,9]
54,[2,9]
55,[2,8]
56,[3,8]
57,[2,8]
58,[2,9]
59,[1,9]
60,[2,9]
61,[2,8]
62,[2,7]
63,[2,6]
64,[2,5]
65,[3,5]
66,[3,4]
67,[3,3]
68,[3,2]
69,[3,1]
70,[4,1]
71,[3,1]
72,[3,2]
73,[3,3]
74,[3,4]
75,[3,5]
76,[2,5]
77,[2,6]
78,[2,7]
79,[2,8]
80,[2,9]
81,[1,9]
82,[1,9]
83,[1,9]
84,[1,9]
85,[1,9]
86,[1,9]
87,[2,9]
88,[2,8]
89,[2,7]
90,[2,6]
91,[2,5]
92,[3,5]
93,[2,5]
94,[2,6]
95,[2,7]
96,[2,8]
97,[2,9]
98,[1,9]
99,[2,9]
100,[2,8]
101,[2,7]
102,[2,6]
103,[2,5]
104,[3,5]
105,[3,4]
106,[3,3]
107,[3,2]
108,[3,1]
109,[4,1]
110,[3,1]
111,[3,2]
112,[3,3]
113,[3,4]
114,[3,5]
115,[2,5]
116,[2,6]
117,[2,7]
118,[2,8]
119,[2,9]
120,[1,9]
121,[1,9]
122,[1,9]
123,[1,9]
124,[1,9]
125,[1,9]
126,[2,9]
127,[2,8]
128,[2,7]
129,[2,6]
130,[2,5]
131,[3,5]
132,[3,4]
133,[3,3]
134,[3,2]
135,[4,2]
