//Quantitative values
83	//Makespan
84	//Mission completion time hauler 1
1	//Application execution time (in millisecond)
//Path to the final points
0,[3,2]
1,[2,2]
2,[1,2]
3,[1,3]
4,[1,4]
5,[1,5]
6,[1,6]
7,[1,7]
8,[1,8]
9,[2,8]
10,[3,8]
11,[4,8]
12,[5,8]
13,[6,8]
14,[7,8]
15,[8,8]
16,[8,9]
17,[8,10]
18,[8,11]
19,[7,11]
20,[6,11]
21,[5,11]
22,[5,12]
23,[5,11]
24,[6,11]
25,[7,11]
26,[8,11]
27,[7,11]
28,[6,11]
29,[5,11]
30,[5,12]
31,[4,12]
32,[3,12]
33,[2,12]
34,[1,12]
35,[1,11]
36,[1,10]
37,[1,9]
38,[1,8]
39,[1,7]
40,[1,6]
41,[1,5]
42,[1,4]
43,[1,3]
44,[1,4]
45,[1,5]
46,[2,5]
47,[3,5]
48,[4,5]
49,[5,5]
50,[6,5]
51,[7,5]
52,[8,5]
53,[9,5]
54,[10,5]
55,[11,5]
56,[11,4]
57,[11,3]
58,[11,2]
59,[12,2]
60,[11,2]
61,[10,2]
62,[9,2]
63,[8,2]
64,[7,2]
65,[6,2]
66,[5,2]
67,[4,2]
68,[3,2]
69,[2,2]
70,[1,2]
71,[1,3]
72,[1,4]
73,[1,5]
74,[1,6]
75,[1,7]
76,[1,8]
77,[2,8]
78,[3,8]
79,[4,8]
80,[5,8]
81,[6,8]
82,[7,8]
83,[8,8]
