//Quantitative values
96	//Makespan
97	//Mission completion time hauler 1
1	//Application execution time (in millisecond)
//Path to the final points
0,[10,8]
1,[9,8]
2,[8,8]
3,[7,8]
4,[6,8]
5,[5,8]
6,[4,8]
7,[4,7]
8,[4,6]
9,[4,5]
10,[3,5]
11,[2,5]
12,[1,5]
13,[1,6]
14,[1,7]
15,[1,8]
16,[1,9]
17,[1,10]
18,[1,11]
19,[1,12]
20,[2,12]
21,[3,12]
22,[4,12]
23,[5,12]
24,[6,12]
25,[7,12]
26,[6,12]
27,[5,12]
28,[5,11]
29,[5,10]
30,[5,9]
31,[5,8]
32,[5,7]
33,[4,7]
34,[4,6]
35,[4,7]
36,[3,7]
37,[3,8]
38,[3,9]
39,[3,10]
40,[3,11]
41,[3,12]
42,[3,11]
43,[3,10]
44,[3,9]
45,[3,8]
46,[3,7]
47,[4,7]
48,[4,6]
49,[4,5]
50,[4,4]
51,[4,3]
52,[4,2]
53,[5,2]
54,[6,2]
55,[7,2]
56,[8,2]
57,[9,2]
58,[10,2]
59,[11,2]
60,[10,2]
61,[9,2]
62,[8,2]
63,[7,2]
64,[6,2]
65,[5,2]
66,[4,2]
67,[4,3]
68,[4,4]
69,[4,5]
70,[4,6]
71,[4,7]
72,[4,8]
73,[4,9]
74,[4,10]
75,[4,11]
76,[4,12]
77,[5,12]
78,[6,12]
79,[7,12]
80,[6,12]
81,[5,12]
82,[4,12]
83,[4,11]
84,[4,10]
85,[4,9]
86,[4,8]
87,[4,7]
88,[4,6]
89,[4,5]
90,[4,4]
91,[4,3]
92,[4,4]
93,[4,5]
94,[4,6]
95,[4,7]
96,[5,7]
