//Quantitative values
102	//Makespan
103	//Mission completion time hauler 1
1	//Application execution time (in millisecond)
//Path to the final points
0,[3,1]
1,[4,1]
2,[4,2]
3,[4,3]
4,[4,4]
5,[4,5]
6,[4,6]
7,[4,7]
8,[4,8]
9,[4,9]
10,[4,10]
11,[5,10]
12,[6,10]
13,[7,10]
14,[8,10]
15,[8,11]
16,[8,10]
17,[7,10]
18,[7,9]
19,[7,8]
20,[7,7]
21,[7,6]
22,[7,5]
23,[7,6]
24,[7,7]
25,[7,8]
26,[7,9]
27,[7,10]
28,[8,10]
29,[8,11]
30,[8,10]
31,[7,10]
32,[6,10]
33,[5,10]
34,[4,10]
35,[4,9]
36,[4,8]
37,[4,7]
38,[4,8]
39,[4,9]
40,[5,9]
41,[6,9]
42,[7,9]
43,[7,8]
44,[7,7]
45,[7,6]
46,[7,5]
47,[7,4]
48,[7,3]
49,[7,2]
50,[7,1]
51,[8,1]
52,[9,1]
53,[10,1]
54,[9,1]
55,[8,1]
56,[7,1]
57,[6,1]
58,[5,1]
59,[5,2]
60,[5,3]
61,[5,4]
62,[5,5]
63,[5,6]
64,[5,7]
65,[5,8]
66,[5,7]
67,[5,6]
68,[5,5]
69,[6,5]
70,[7,5]
71,[6,5]
72,[5,5]
73,[5,6]
74,[5,7]
75,[5,8]
76,[5,7]
77,[5,6]
78,[5,5]
79,[5,4]
80,[5,3]
81,[5,2]
82,[5,1]
83,[6,1]
84,[7,1]
85,[8,1]
86,[9,1]
87,[10,1]
88,[9,1]
89,[9,2]
90,[9,3]
91,[9,4]
92,[9,5]
93,[9,6]
94,[9,7]
95,[9,8]
96,[9,9]
97,[8,9]
98,[7,9]
99,[7,8]
100,[7,7]
101,[7,6]
102,[7,5]
