//Quantitative values
101	//Makespan
101	//Mission completion time hauler 1
1	//Application execution time (in millisecond)
//Path to the final points
0,[12,7]
1,[12,8]
2,[11,8]
3,[10,8]
4,[9,8]
5,[8,8]
6,[7,8]
7,[7,9]
8,[6,9]
9,[5,9]
10,[4,9]
11,[3,9]
12,[2,9]
13,[2,8]
14,[2,7]
15,[2,6]
16,[2,5]
17,[3,5]
18,[3,4]
19,[3,3]
20,[3,2]
21,[3,1]
22,[4,1]
23,[3,1]
24,[3,2]
25,[3,3]
26,[3,4]
27,[3,5]
28,[2,5]
29,[2,6]
30,[2,7]
31,[2,8]
32,[2,9]
33,[2,8]
34,[2,7]
35,[2,6]
36,[2,5]
37,[3,5]
38,[3,4]
39,[3,3]
40,[3,2]
41,[4,2]
42,[4,1]
43,[4,2]
44,[3,2]
45,[3,3]
46,[3,4]
47,[3,5]
48,[2,5]
49,[2,6]
50,[2,7]
51,[2,8]
52,[2,9]
53,[2,8]
54,[2,7]
55,[2,6]
56,[2,5]
57,[3,5]
58,[3,4]
59,[3,3]
60,[3,2]
61,[4,2]
62,[4,1]
63,[3,1]
64,[3,2]
65,[3,3]
66,[3,4]
67,[3,5]
68,[2,5]
69,[2,6]
70,[2,7]
71,[2,8]
72,[2,9]
73,[2,8]
74,[2,7]
75,[2,6]
76,[2,5]
77,[3,5]
78,[3,4]
79,[3,3]
80,[3,2]
81,[4,2]
82,[4,1]
83,[4,2]
84,[3,2]
85,[3,3]
86,[3,4]
87,[3,5]
88,[2,5]
89,[2,6]
90,[2,7]
91,[2,8]
92,[2,9]
93,[2,8]
94,[2,7]
95,[2,6]
96,[2,5]
97,[3,5]
98,[3,4]
99,[3,3]
100,[3,2]
101,[4,2]
