//Quantitative values
43	//Makespan
43	//Mission completion time hauler 1
1	//Application execution time (in millisecond)
//Path to the final points
0,[3,2]
1,[3,3]
2,[3,4]
3,[3,5]
4,[3,6]
5,[3,7]
6,[3,8]
7,[3,9]
8,[3,10]
9,[3,11]
10,[4,11]
11,[5,11]
12,[6,11]
13,[7,11]
14,[8,11]
15,[8,10]
16,[8,9]
17,[8,8]
18,[8,7]
19,[8,6]
20,[8,5]
21,[9,5]
22,[10,5]
23,[11,5]
24,[10,5]
25,[9,5]
26,[8,5]
27,[8,6]
28,[8,7]
29,[8,8]
30,[8,9]
31,[8,10]
32,[8,11]
33,[7,11]
34,[6,11]
35,[5,11]
36,[5,12]
37,[5,11]
38,[6,11]
39,[7,11]
40,[8,11]
41,[8,10]
42,[8,9]
43,[8,8]
