//Quantitative values
55	//Makespan
55	//Mission completion time hauler 1
1	//Application execution time (in millisecond)
//Path to the final points
0,[10,5]
1,[10,4]
2,[10,3]
3,[9,3]
4,[8,3]
5,[7,3]
6,[7,4]
7,[7,3]
8,[7,2]
9,[8,2]
10,[9,2]
11,[10,2]
12,[9,2]
13,[8,2]
14,[7,2]
15,[7,3]
16,[7,4]
17,[7,5]
18,[7,6]
19,[7,7]
20,[7,8]
21,[7,9]
22,[7,10]
23,[6,10]
24,[5,10]
25,[4,10]
26,[3,10]
27,[2,10]
28,[2,9]
29,[2,8]
30,[2,7]
31,[2,6]
32,[2,5]
33,[2,4]
34,[2,3]
35,[2,2]
36,[2,1]
37,[2,2]
38,[2,3]
39,[2,4]
40,[2,5]
41,[2,6]
42,[2,7]
43,[3,7]
44,[4,7]
45,[5,7]
46,[6,7]
47,[7,7]
48,[7,6]
49,[7,5]
50,[7,4]
51,[7,3]
52,[7,2]
53,[7,1]
54,[8,1]
55,[9,1]
