//Quantitative values
41	//Makespan
41	//Mission completion time hauler 1
1	//Application execution time (in millisecond)
//Path to the final points
0,[3,1]
1,[4,1]
2,[4,2]
3,[4,3]
4,[4,4]
5,[4,5]
6,[5,5]
7,[6,5]
8,[7,5]
9,[6,5]
10,[5,5]
11,[5,6]
12,[5,7]
13,[5,8]
14,[4,8]
15,[4,7]
16,[4,8]
17,[5,8]
18,[5,7]
19,[5,6]
20,[5,5]
21,[5,4]
22,[5,3]
23,[5,2]
24,[5,1]
25,[6,1]
26,[7,1]
27,[8,1]
28,[9,1]
29,[10,1]
30,[9,1]
31,[9,2]
32,[9,3]
33,[9,4]
34,[9,5]
35,[9,6]
36,[9,7]
37,[9,8]
38,[9,9]
39,[8,9]
40,[8,10]
41,[8,11]
