//Quantitative values
117	//Makespan
117	//Mission completion time hauler 1
98	//Mission completion time hauler 2
2	//Application execution time (in millisecond)
//Path to the final points
0,[1,2],[3,4]
1,[1,3],[3,5]
2,[1,4],[3,6]
3,[1,5],[3,7]
4,[1,6],[3,8]
5,[2,6],[3,7]
6,[2,7],[3,6]
7,[2,8],[3,5]
8,[2,9],[3,4]
9,[2,10],[3,3]
10,[2,11],[3,2]
11,[2,12],[3,3]
12,[3,12],[3,4]
13,[4,12],[3,5]
14,[5,12],[3,6]
15,[6,12],[3,7]
16,[7,12],[3,8]
17,[8,12],[3,7]
18,[9,12],[3,6]
19,[10,12],[3,5]
20,[9,12],[3,4]
21,[8,12],[4,4]
22,[7,12],[5,4]
23,[6,12],[6,4]
24,[6,11],[7,4]
25,[6,10],[8,4]
26,[6,9],[7,4]
27,[6,8],[6,4]
28,[6,7],[5,4]
29,[6,6],[4,4]
30,[6,5],[3,4]
31,[5,5],[3,5]
32,[4,5],[3,6]
33,[3,5],[3,7]
34,[3,6],[3,8]
35,[3,7],[3,8]
36,[3,8],[3,7]
37,[3,7],[3,6]
38,[3,6],[3,5]
39,[3,5],[3,4]
40,[4,5],[4,4]
41,[5,5],[5,4]
42,[6,5],[6,4]
43,[6,4],[7,4]
44,[7,4],[8,4]
45,[7,3],[8,5]
46,[7,2],[8,6]
47,[8,2],[8,7]
48,[7,2],[8,8]
49,[6,2],[8,9]
50,[5,2],[8,10]
51,[4,2],[8,11]
52,[3,2],[8,12]
53,[3,3],[9,12]
54,[3,4],[10,12]
55,[3,5],[9,12]
56,[3,6],[8,12]
57,[3,7],[7,12]
58,[3,8],[6,12]
59,[3,9],[5,12]
60,[3,10],[4,12]
61,[3,11],[3,12]
62,[3,12],[3,11]
63,[4,12],[3,10]
64,[5,12],[3,9]
65,[6,12],[3,8]
66,[7,12],[3,7]
67,[8,12],[3,6]
68,[9,12],[3,5]
69,[10,12],[3,4]
70,[9,12],[3,3]
71,[8,12],[3,2]
72,[7,12],[4,2]
73,[6,12],[5,2]
74,[5,12],[6,2]
75,[4,12],[7,2]
76,[3,12],[8,2]
77,[3,11],[8,3]
78,[3,10],[8,4]
79,[3,9],[8,5]
80,[3,8],[8,6]
81,[3,7],[8,7]
82,[3,6],[8,8]
83,[3,5],[8,9]
84,[3,4],[8,10]
85,[3,3],[8,11]
86,[3,2],[8,12]
87,[3,3],[9,12]
88,[3,4],[10,12]
89,[3,5],[9,12]
90,[3,6],[8,12]
91,[3,7],[8,11]
92,[3,8],[8,10]
93,[3,9],[8,9]
94,[3,10],[8,8]
95,[3,11],[8,7]
96,[3,12],[8,6]
97,[4,12],[8,5]
98,[5,12],[8,4]
99,[6,12],[8,4]
100,[7,12],[8,4]
101,[8,12],[8,4]
102,[9,12],[8,4]
103,[10,12],[8,4]
104,[9,12],[8,4]
105,[8,12],[8,4]
106,[7,12],[8,4]
107,[6,12],[8,4]
108,[5,12],[8,4]
109,[4,12],[8,4]
110,[3,12],[8,4]
111,[3,11],[8,4]
112,[3,10],[8,4]
113,[3,9],[8,4]
114,[3,8],[8,4]
115,[3,7],[8,4]
116,[3,8],[8,4]
117,[3,7],[8,4]
