//Quantitative values
119	//Makespan
120	//Mission completion time hauler 1
1	//Application execution time (in millisecond)
//Path to the final points
0,[7,10]
1,[7,9]
2,[7,8]
3,[7,7]
4,[7,6]
5,[7,5]
6,[7,4]
7,[7,3]
8,[7,2]
9,[8,2]
10,[9,2]
11,[10,2]
12,[9,2]
13,[8,2]
14,[7,2]
15,[6,2]
16,[5,2]
17,[5,1]
18,[4,1]
19,[3,1]
20,[2,1]
21,[1,1]
22,[1,2]
23,[1,3]
24,[1,4]
25,[1,5]
26,[1,6]
27,[1,7]
28,[1,8]
29,[1,9]
30,[1,8]
31,[1,7]
32,[1,6]
33,[1,5]
34,[1,4]
35,[1,3]
36,[1,2]
37,[1,1]
38,[2,1]
39,[3,1]
40,[4,1]
41,[5,1]
42,[5,2]
43,[6,2]
44,[7,2]
45,[8,2]
46,[9,2]
47,[10,2]
48,[9,2]
49,[8,2]
50,[7,2]
51,[7,3]
52,[7,4]
53,[7,5]
54,[7,6]
55,[7,7]
56,[8,7]
57,[7,7]
58,[7,6]
59,[7,5]
60,[7,4]
61,[8,4]
62,[7,4]
63,[6,4]
64,[5,4]
65,[5,3]
66,[5,2]
67,[5,1]
68,[4,1]
69,[3,1]
70,[2,1]
71,[1,1]
72,[1,2]
73,[1,3]
74,[1,4]
75,[1,5]
76,[1,6]
77,[1,7]
78,[1,8]
79,[1,9]
80,[1,10]
81,[1,11]
82,[1,12]
83,[2,12]
84,[3,12]
85,[4,12]
86,[5,12]
87,[6,12]
88,[7,12]
89,[8,12]
90,[9,12]
91,[9,11]
92,[9,10]
93,[8,10]
94,[7,10]
95,[7,9]
96,[7,8]
97,[7,7]
98,[8,7]
99,[7,7]
100,[7,6]
101,[7,5]
102,[7,4]
103,[7,3]
104,[7,2]
105,[8,2]
106,[9,2]
107,[10,2]
108,[9,2]
109,[8,2]
110,[7,2]
111,[7,3]
112,[7,4]
113,[7,5]
114,[7,6]
115,[7,7]
116,[8,7]
117,[7,7]
118,[7,6]
119,[7,5]
