//Quantitative values
121	//Makespan
122	//Mission completion time hauler 1
1	//Application execution time (in millisecond)
//Path to the final points
0,[8,9]
1,[8,10]
2,[9,10]
3,[9,11]
4,[9,12]
5,[8,12]
6,[7,12]
7,[6,12]
8,[5,12]
9,[4,12]
10,[3,12]
11,[3,11]
12,[3,10]
13,[3,11]
14,[3,12]
15,[4,12]
16,[5,12]
17,[6,12]
18,[7,12]
19,[8,12]
20,[9,12]
21,[8,12]
22,[7,12]
23,[6,12]
24,[5,12]
25,[4,12]
26,[3,12]
27,[2,12]
28,[3,12]
29,[4,12]
30,[5,12]
31,[6,12]
32,[7,12]
33,[8,12]
34,[9,12]
35,[9,11]
36,[9,10]
37,[9,9]
38,[10,9]
39,[11,9]
40,[12,9]
41,[12,8]
42,[12,9]
43,[11,9]
44,[10,9]
45,[9,9]
46,[8,9]
47,[8,8]
48,[8,7]
49,[7,7]
50,[7,6]
51,[7,5]
52,[7,4]
53,[7,3]
54,[6,3]
55,[5,3]
56,[5,4]
57,[5,5]
58,[5,6]
59,[5,7]
60,[4,7]
61,[3,7]
62,[3,8]
63,[3,9]
64,[3,10]
65,[3,9]
66,[3,8]
67,[3,7]
68,[4,7]
69,[5,7]
70,[5,6]
71,[5,5]
72,[5,4]
73,[5,3]
74,[6,3]
75,[7,3]
76,[6,3]
77,[5,3]
78,[5,4]
79,[5,5]
80,[5,6]
81,[5,7]
82,[4,7]
83,[3,7]
84,[2,7]
85,[2,8]
86,[2,9]
87,[2,10]
88,[2,11]
89,[2,12]
90,[2,11]
91,[2,10]
92,[2,9]
93,[2,8]
94,[2,7]
95,[3,7]
96,[4,7]
97,[5,7]
98,[5,6]
99,[5,5]
100,[5,4]
101,[5,3]
102,[6,3]
103,[7,3]
104,[7,4]
105,[7,5]
106,[7,6]
107,[7,7]
108,[8,7]
109,[8,8]
110,[8,9]
111,[8,10]
112,[9,10]
113,[9,11]
114,[9,12]
115,[8,12]
116,[7,12]
117,[6,12]
118,[5,12]
119,[4,12]
120,[3,12]
121,[2,12]
