//Quantitative values
156	//Makespan
157	//Mission completion time hauler 1
2	//Application execution time (in millisecond)
//Path to the final points
0,[7,3]
1,[7,4]
2,[8,4]
3,[7,4]
4,[6,4]
5,[5,4]
6,[4,4]
7,[3,4]
8,[2,4]
9,[2,5]
10,[2,4]
11,[3,4]
12,[4,4]
13,[5,4]
14,[6,4]
15,[7,4]
16,[8,4]
17,[8,4]
18,[8,4]
19,[8,4]
20,[8,4]
21,[8,4]
22,[7,4]
23,[6,4]
24,[5,4]
25,[4,4]
26,[4,5]
27,[4,6]
28,[4,7]
29,[4,8]
30,[4,9]
31,[3,9]
32,[3,10]
33,[3,11]
34,[3,12]
35,[3,11]
36,[3,10]
37,[3,9]
38,[4,9]
39,[4,8]
40,[4,7]
41,[4,6]
42,[4,5]
43,[4,4]
44,[5,4]
45,[6,4]
46,[7,4]
47,[8,4]
48,[8,4]
49,[8,4]
50,[8,4]
51,[8,4]
52,[8,4]
53,[7,4]
54,[6,4]
55,[5,4]
56,[4,4]
57,[4,5]
58,[4,6]
59,[4,7]
60,[4,8]
61,[4,9]
62,[4,10]
63,[4,11]
64,[4,12]
65,[4,11]
66,[4,10]
67,[4,9]
68,[4,8]
69,[4,7]
70,[4,6]
71,[4,5]
72,[4,4]
73,[5,4]
74,[6,4]
75,[7,4]
76,[8,4]
77,[8,4]
78,[8,4]
79,[8,4]
80,[8,4]
81,[8,4]
82,[7,4]
83,[6,4]
84,[5,4]
85,[4,4]
86,[4,5]
87,[4,6]
88,[4,7]
89,[4,8]
90,[4,9]
91,[3,9]
92,[3,10]
93,[3,11]
94,[3,12]
95,[3,11]
96,[3,10]
97,[3,9]
98,[4,9]
99,[4,8]
100,[4,7]
101,[4,6]
102,[4,5]
103,[4,4]
104,[5,4]
105,[6,4]
106,[7,4]
107,[8,4]
108,[8,4]
109,[8,4]
110,[8,4]
111,[8,4]
112,[8,4]
113,[7,4]
114,[6,4]
115,[7,4]
116,[8,4]
117,[7,4]
118,[7,5]
119,[7,6]
120,[7,7]
121,[7,8]
122,[7,9]
123,[8,9]
124,[9,9]
125,[10,9]
126,[9,9]
127,[8,9]
128,[7,9]
129,[7,8]
130,[7,7]
131,[7,6]
132,[7,5]
133,[7,4]
134,[8,4]
135,[8,4]
136,[8,4]
137,[8,4]
138,[8,4]
139,[8,4]
140,[7,4]
141,[6,4]
142,[7,4]
143,[8,4]
144,[7,4]
145,[6,4]
146,[5,4]
147,[4,4]
148,[4,5]
149,[4,6]
150,[4,7]
151,[4,8]
152,[4,9]
153,[3,9]
154,[3,10]
155,[3,11]
156,[3,12]
