//Quantitative values
130	//Makespan
131	//Mission completion time hauler 1
1	//Application execution time (in millisecond)
//Path to the final points
0,[2,1]
1,[2,2]
2,[2,3]
3,[2,4]
4,[2,5]
5,[2,6]
6,[3,6]
7,[4,6]
8,[5,6]
9,[6,6]
10,[7,6]
11,[8,6]
12,[9,6]
13,[9,6]
14,[9,6]
15,[9,6]
16,[9,6]
17,[9,6]
18,[10,6]
19,[10,7]
20,[10,8]
21,[10,9]
22,[10,10]
23,[10,11]
24,[10,12]
25,[10,11]
26,[10,10]
27,[10,9]
28,[10,8]
29,[10,7]
30,[10,6]
31,[9,6]
32,[8,6]
33,[7,6]
34,[6,6]
35,[5,6]
36,[5,7]
37,[5,8]
38,[5,7]
39,[5,6]
40,[6,6]
41,[7,6]
42,[8,6]
43,[9,6]
44,[9,6]
45,[9,6]
46,[9,6]
47,[9,6]
48,[9,6]
49,[10,6]
50,[10,7]
51,[10,8]
52,[10,9]
53,[10,10]
54,[10,11]
55,[10,12]
56,[10,11]
57,[10,10]
58,[10,9]
59,[10,8]
60,[10,7]
61,[10,6]
62,[9,6]
63,[8,6]
64,[7,6]
65,[6,6]
66,[5,6]
67,[5,7]
68,[5,8]
69,[5,7]
70,[5,6]
71,[6,6]
72,[7,6]
73,[8,6]
74,[9,6]
75,[9,6]
76,[9,6]
77,[9,6]
78,[9,6]
79,[9,6]
80,[9,5]
81,[9,4]
82,[9,3]
83,[10,3]
84,[10,2]
85,[10,1]
86,[9,1]
87,[10,1]
88,[10,2]
89,[10,3]
90,[9,3]
91,[9,4]
92,[9,5]
93,[9,6]
94,[8,6]
95,[7,6]
96,[6,6]
97,[5,6]
98,[5,7]
99,[5,8]
100,[5,7]
101,[5,6]
102,[6,6]
103,[7,6]
104,[8,6]
105,[9,6]
106,[9,6]
107,[9,6]
108,[9,6]
109,[9,6]
110,[9,6]
111,[9,5]
112,[9,4]
113,[9,3]
114,[10,3]
115,[10,2]
116,[10,1]
117,[9,1]
118,[10,1]
119,[10,2]
120,[10,3]
121,[9,3]
122,[9,4]
123,[9,5]
124,[9,6]
125,[8,6]
126,[7,6]
127,[6,6]
128,[5,6]
129,[5,7]
130,[5,8]
