//Quantitative values
197	//Makespan
198	//Mission completion time hauler 1
2	//Application execution time (in millisecond)
//Path to the final points
0,[8,5]
1,[8,4]
2,[8,3]
3,[8,2]
4,[9,2]
5,[10,2]
6,[11,2]
7,[10,2]
8,[9,2]
9,[8,2]
10,[7,2]
11,[6,2]
12,[5,2]
13,[4,2]
14,[3,2]
15,[2,2]
16,[1,2]
17,[1,3]
18,[1,4]
19,[1,5]
20,[1,4]
21,[1,3]
22,[1,2]
23,[2,2]
24,[3,2]
25,[4,2]
26,[5,2]
27,[6,2]
28,[7,2]
29,[8,2]
30,[9,2]
31,[10,2]
32,[11,2]
33,[11,2]
34,[11,2]
35,[11,2]
36,[11,2]
37,[11,2]
38,[10,2]
39,[9,2]
40,[8,2]
41,[7,2]
42,[7,3]
43,[7,4]
44,[7,5]
45,[7,6]
46,[7,7]
47,[7,8]
48,[7,7]
49,[7,6]
50,[7,5]
51,[7,4]
52,[7,3]
53,[7,2]
54,[8,2]
55,[9,2]
56,[10,2]
57,[11,2]
58,[11,2]
59,[11,2]
60,[11,2]
61,[11,2]
62,[11,2]
63,[10,2]
64,[9,2]
65,[8,2]
66,[7,2]
67,[6,2]
68,[5,2]
69,[4,2]
70,[3,2]
71,[3,3]
72,[3,2]
73,[4,2]
74,[5,2]
75,[6,2]
76,[7,2]
77,[8,2]
78,[9,2]
79,[10,2]
80,[11,2]
81,[11,2]
82,[11,2]
83,[11,2]
84,[11,2]
85,[11,2]
86,[10,2]
87,[9,2]
88,[8,2]
89,[7,2]
90,[6,2]
91,[5,2]
92,[4,2]
93,[3,2]
94,[3,3]
95,[3,4]
96,[3,3]
97,[3,2]
98,[4,2]
99,[5,2]
100,[6,2]
101,[7,2]
102,[8,2]
103,[9,2]
104,[10,2]
105,[11,2]
106,[11,2]
107,[11,2]
108,[11,2]
109,[11,2]
110,[11,2]
111,[10,2]
112,[9,2]
113,[8,2]
114,[7,2]
115,[6,2]
116,[5,2]
117,[5,3]
118,[5,4]
119,[5,5]
120,[5,6]
121,[5,7]
122,[5,8]
123,[5,7]
124,[5,6]
125,[5,5]
126,[5,4]
127,[5,3]
128,[5,2]
129,[6,2]
130,[7,2]
131,[8,2]
132,[9,2]
133,[10,2]
134,[11,2]
135,[11,2]
136,[11,2]
137,[11,2]
138,[11,2]
139,[11,2]
140,[10,2]
141,[9,2]
142,[8,2]
143,[7,2]
144,[7,3]
145,[7,4]
146,[7,5]
147,[7,6]
148,[7,7]
149,[7,8]
150,[7,7]
151,[7,6]
152,[7,5]
153,[7,4]
154,[7,3]
155,[7,2]
156,[8,2]
157,[9,2]
158,[10,2]
159,[11,2]
160,[11,2]
161,[11,2]
162,[11,2]
163,[11,2]
164,[11,2]
165,[10,2]
166,[9,2]
167,[8,2]
168,[7,2]
169,[6,2]
170,[5,2]
171,[4,2]
172,[3,2]
173,[3,3]
174,[3,2]
175,[4,2]
176,[5,2]
177,[6,2]
178,[7,2]
179,[8,2]
180,[9,2]
181,[10,2]
182,[11,2]
183,[11,2]
184,[11,2]
185,[11,2]
186,[11,2]
187,[11,2]
188,[10,2]
189,[9,2]
190,[8,2]
191,[7,2]
192,[7,3]
193,[7,4]
194,[7,5]
195,[7,6]
196,[7,7]
197,[7,8]
