//Quantitative values
147	//Makespan
148	//Mission completion time hauler 1
2	//Application execution time (in millisecond)
//Path to the final points
0,[6,5]
1,[5,5]
2,[4,5]
3,[3,5]
4,[2,5]
5,[2,6]
6,[2,7]
7,[2,8]
8,[3,8]
9,[4,8]
10,[5,8]
11,[6,8]
12,[7,8]
13,[8,8]
14,[9,8]
15,[10,8]
16,[10,9]
17,[10,8]
18,[9,8]
19,[8,8]
20,[7,8]
21,[6,8]
22,[5,8]
23,[4,8]
24,[3,8]
25,[2,8]
26,[2,7]
27,[2,6]
28,[2,6]
29,[2,6]
30,[2,6]
31,[2,6]
32,[2,6]
33,[2,5]
34,[3,5]
35,[4,5]
36,[5,5]
37,[6,5]
38,[6,6]
39,[7,6]
40,[8,6]
41,[9,6]
42,[10,6]
43,[9,6]
44,[8,6]
45,[7,6]
46,[6,6]
47,[6,5]
48,[5,5]
49,[4,5]
50,[3,5]
51,[2,5]
52,[2,6]
53,[2,6]
54,[2,6]
55,[2,6]
56,[2,6]
57,[2,6]
58,[2,7]
59,[1,7]
60,[1,8]
61,[1,9]
62,[1,10]
63,[1,11]
64,[1,10]
65,[1,9]
66,[1,8]
67,[1,7]
68,[2,7]
69,[2,6]
70,[2,5]
71,[3,5]
72,[4,5]
73,[5,5]
74,[6,5]
75,[6,6]
76,[7,6]
77,[8,6]
78,[9,6]
79,[10,6]
80,[9,6]
81,[8,6]
82,[7,6]
83,[6,6]
84,[6,5]
85,[5,5]
86,[4,5]
87,[3,5]
88,[2,5]
89,[2,6]
90,[2,6]
91,[2,6]
92,[2,6]
93,[2,6]
94,[2,6]
95,[2,7]
96,[1,7]
97,[1,8]
98,[1,9]
99,[1,10]
100,[1,11]
101,[1,10]
102,[1,9]
103,[1,8]
104,[1,7]
105,[2,7]
106,[2,6]
107,[2,5]
108,[2,4]
109,[3,4]
110,[4,4]
111,[5,4]
112,[6,4]
113,[7,4]
114,[6,4]
115,[5,4]
116,[4,4]
117,[3,4]
118,[2,4]
119,[2,5]
120,[2,6]
121,[2,6]
122,[2,6]
123,[2,6]
124,[2,6]
125,[2,6]
126,[2,7]
127,[1,7]
128,[1,8]
129,[1,9]
130,[1,10]
131,[1,11]
132,[1,10]
133,[1,9]
134,[1,8]
135,[1,7]
136,[2,7]
137,[2,6]
138,[2,5]
139,[3,5]
140,[4,5]
141,[5,5]
142,[6,5]
143,[6,6]
144,[7,6]
145,[8,6]
146,[9,6]
147,[10,6]
