//Quantitative values
167	//Makespan
168	//Mission completion time hauler 1
1	//Application execution time (in millisecond)
//Path to the final points
0,[10,12]
1,[9,12]
2,[8,12]
3,[7,12]
4,[6,12]
5,[5,12]
6,[4,12]
7,[4,11]
8,[4,10]
9,[4,9]
10,[4,8]
11,[4,7]
12,[4,6]
13,[4,5]
14,[4,4]
15,[4,3]
16,[4,3]
17,[4,3]
18,[4,3]
19,[4,3]
20,[4,3]
21,[5,3]
22,[6,3]
23,[7,3]
24,[8,3]
25,[9,3]
26,[10,3]
27,[11,3]
28,[12,3]
29,[11,3]
30,[10,3]
31,[9,3]
32,[8,3]
33,[7,3]
34,[6,3]
35,[5,3]
36,[4,3]
37,[4,2]
38,[4,1]
39,[4,2]
40,[4,3]
41,[5,3]
42,[6,3]
43,[7,3]
44,[8,3]
45,[9,3]
46,[10,3]
47,[11,3]
48,[12,3]
49,[11,3]
50,[10,3]
51,[9,3]
52,[8,3]
53,[7,3]
54,[6,3]
55,[5,3]
56,[4,3]
57,[4,3]
58,[4,3]
59,[4,3]
60,[4,3]
61,[4,3]
62,[4,4]
63,[4,5]
64,[4,6]
65,[4,7]
66,[4,8]
67,[4,9]
68,[5,9]
69,[6,9]
70,[7,9]
71,[8,9]
72,[9,9]
73,[10,9]
74,[9,9]
75,[8,9]
76,[7,9]
77,[6,9]
78,[5,9]
79,[4,9]
80,[4,8]
81,[4,7]
82,[4,6]
83,[4,5]
84,[4,4]
85,[4,3]
86,[4,3]
87,[4,3]
88,[4,3]
89,[4,3]
90,[4,3]
91,[3,3]
92,[3,4]
93,[3,5]
94,[3,6]
95,[3,7]
96,[3,8]
97,[3,9]
98,[3,10]
99,[2,10]
100,[3,10]
101,[3,9]
102,[3,8]
103,[3,7]
104,[3,6]
105,[3,5]
106,[3,4]
107,[3,3]
108,[4,3]
109,[4,4]
110,[4,5]
111,[4,6]
112,[4,7]
113,[4,8]
114,[4,9]
115,[5,9]
116,[6,9]
117,[7,9]
118,[8,9]
119,[9,9]
120,[10,9]
121,[9,9]
122,[8,9]
123,[7,9]
124,[6,9]
125,[5,9]
126,[4,9]
127,[4,8]
128,[4,7]
129,[4,6]
130,[4,5]
131,[4,4]
132,[4,3]
133,[4,3]
134,[4,3]
135,[4,3]
136,[4,3]
137,[4,3]
138,[3,3]
139,[3,4]
140,[3,5]
141,[3,6]
142,[3,7]
143,[3,8]
144,[3,9]
145,[3,10]
146,[2,10]
147,[3,10]
148,[3,9]
149,[3,8]
150,[3,7]
151,[3,6]
152,[3,5]
153,[3,4]
154,[3,3]
155,[4,3]
156,[4,4]
157,[4,5]
158,[4,6]
159,[4,7]
160,[4,8]
161,[4,9]
162,[5,9]
163,[6,9]
164,[7,9]
165,[8,9]
166,[9,9]
167,[10,9]
