//Quantitative values
265	//Makespan
266	//Mission completion time hauler 1
2	//Application execution time (in millisecond)
//Path to the final points
0,[7,3]
1,[7,4]
2,[8,4]
3,[7,4]
4,[6,4]
5,[5,4]
6,[4,4]
7,[4,5]
8,[4,6]
9,[4,7]
10,[4,8]
11,[4,9]
12,[4,10]
13,[4,11]
14,[4,12]
15,[4,11]
16,[4,10]
17,[4,9]
18,[4,8]
19,[4,7]
20,[4,6]
21,[4,5]
22,[4,4]
23,[5,4]
24,[6,4]
25,[7,4]
26,[8,4]
27,[8,4]
28,[8,4]
29,[8,4]
30,[8,4]
31,[8,4]
32,[7,4]
33,[7,5]
34,[7,6]
35,[7,7]
36,[7,8]
37,[7,9]
38,[8,9]
39,[9,9]
40,[10,9]
41,[9,9]
42,[8,9]
43,[7,9]
44,[7,8]
45,[7,7]
46,[7,6]
47,[7,5]
48,[7,4]
49,[8,4]
50,[8,4]
51,[8,4]
52,[8,4]
53,[8,4]
54,[8,4]
55,[7,4]
56,[6,4]
57,[5,4]
58,[4,4]
59,[3,4]
60,[2,4]
61,[2,5]
62,[2,4]
63,[3,4]
64,[4,4]
65,[5,4]
66,[6,4]
67,[7,4]
68,[8,4]
69,[7,4]
70,[7,5]
71,[7,6]
72,[7,7]
73,[7,8]
74,[7,9]
75,[8,9]
76,[9,9]
77,[10,9]
78,[9,9]
79,[8,9]
80,[7,9]
81,[7,8]
82,[7,7]
83,[7,6]
84,[7,5]
85,[7,4]
86,[8,4]
87,[8,4]
88,[8,4]
89,[8,4]
90,[8,4]
91,[8,4]
92,[7,4]
93,[6,4]
94,[5,4]
95,[4,4]
96,[4,5]
97,[4,6]
98,[4,7]
99,[4,8]
100,[4,9]
101,[4,10]
102,[4,11]
103,[4,12]
104,[4,11]
105,[4,10]
106,[4,9]
107,[4,8]
108,[4,7]
109,[4,6]
110,[4,5]
111,[4,4]
112,[5,4]
113,[6,4]
114,[7,4]
115,[8,4]
116,[8,4]
117,[8,4]
118,[8,4]
119,[8,4]
120,[8,4]
121,[7,4]
122,[7,5]
123,[7,6]
124,[7,7]
125,[7,8]
126,[7,9]
127,[8,9]
128,[9,9]
129,[10,9]
130,[9,9]
131,[8,9]
132,[7,9]
133,[7,8]
134,[7,7]
135,[7,6]
136,[7,5]
137,[7,4]
138,[8,4]
139,[8,4]
140,[8,4]
141,[8,4]
142,[8,4]
143,[8,4]
144,[7,4]
145,[6,4]
146,[7,4]
147,[8,4]
148,[7,4]
149,[6,4]
150,[5,4]
151,[4,4]
152,[4,5]
153,[4,6]
154,[4,7]
155,[4,8]
156,[4,9]
157,[3,9]
158,[3,10]
159,[3,11]
160,[3,12]
161,[3,11]
162,[3,10]
163,[3,9]
164,[4,9]
165,[4,8]
166,[4,7]
167,[4,6]
168,[4,5]
169,[4,4]
170,[5,4]
171,[6,4]
172,[7,4]
173,[8,4]
174,[8,4]
175,[8,4]
176,[8,4]
177,[8,4]
178,[8,4]
179,[7,4]
180,[6,4]
181,[5,4]
182,[4,4]
183,[3,4]
184,[2,4]
185,[2,5]
186,[2,4]
187,[3,4]
188,[4,4]
189,[5,4]
190,[6,4]
191,[7,4]
192,[8,4]
193,[7,4]
194,[6,4]
195,[5,4]
196,[4,4]
197,[4,5]
198,[4,6]
199,[4,7]
200,[4,8]
201,[4,9]
202,[3,9]
203,[3,10]
204,[3,11]
205,[3,12]
206,[3,11]
207,[3,10]
208,[3,9]
209,[4,9]
210,[4,8]
211,[4,7]
212,[4,6]
213,[4,5]
214,[4,4]
215,[5,4]
216,[6,4]
217,[7,4]
218,[8,4]
219,[8,4]
220,[8,4]
221,[8,4]
222,[8,4]
223,[8,4]
224,[7,4]
225,[6,4]
226,[5,4]
227,[4,4]
228,[4,5]
229,[4,6]
230,[4,7]
231,[4,8]
232,[4,9]
233,[4,10]
234,[4,11]
235,[4,12]
236,[4,11]
237,[4,10]
238,[4,9]
239,[4,8]
240,[4,7]
241,[4,6]
242,[4,5]
243,[4,4]
244,[5,4]
245,[6,4]
246,[7,4]
247,[8,4]
248,[8,4]
249,[8,4]
250,[8,4]
251,[8,4]
252,[8,4]
253,[7,4]
254,[6,4]
255,[5,4]
256,[4,4]
257,[4,5]
258,[4,6]
259,[4,7]
260,[4,8]
261,[4,9]
262,[3,9]
263,[3,10]
264,[3,11]
265,[3,12]
