//Quantitative values
215	//Makespan
216	//Mission completion time hauler 1
2	//Application execution time (in millisecond)
//Path to the final points
0,[2,1]
1,[2,2]
2,[2,3]
3,[2,4]
4,[2,5]
5,[2,6]
6,[3,6]
7,[4,6]
8,[5,6]
9,[6,6]
10,[7,6]
11,[8,6]
12,[9,6]
13,[9,6]
14,[9,6]
15,[9,6]
16,[9,6]
17,[9,6]
18,[8,6]
19,[7,6]
20,[6,6]
21,[5,6]
22,[4,6]
23,[3,6]
24,[2,6]
25,[2,5]
26,[2,6]
27,[3,6]
28,[4,6]
29,[5,6]
30,[6,6]
31,[7,6]
32,[8,6]
33,[9,6]
34,[9,5]
35,[9,4]
36,[9,3]
37,[10,3]
38,[10,2]
39,[10,1]
40,[9,1]
41,[10,1]
42,[10,2]
43,[10,3]
44,[9,3]
45,[9,4]
46,[9,5]
47,[9,6]
48,[9,6]
49,[9,6]
50,[9,6]
51,[9,6]
52,[9,6]
53,[8,6]
54,[7,6]
55,[6,6]
56,[5,6]
57,[4,6]
58,[3,6]
59,[2,6]
60,[2,5]
61,[2,6]
62,[3,6]
63,[4,6]
64,[5,6]
65,[6,6]
66,[7,6]
67,[8,6]
68,[9,6]
69,[9,5]
70,[9,4]
71,[9,3]
72,[10,3]
73,[10,2]
74,[10,1]
75,[9,1]
76,[10,1]
77,[10,2]
78,[10,3]
79,[9,3]
80,[9,4]
81,[9,5]
82,[9,6]
83,[9,6]
84,[9,6]
85,[9,6]
86,[9,6]
87,[9,6]
88,[8,6]
89,[7,6]
90,[6,6]
91,[5,6]
92,[4,6]
93,[3,6]
94,[2,6]
95,[2,5]
96,[2,6]
97,[3,6]
98,[4,6]
99,[5,6]
100,[6,6]
101,[7,6]
102,[8,6]
103,[9,6]
104,[8,6]
105,[7,6]
106,[6,6]
107,[5,6]
108,[4,6]
109,[3,6]
110,[3,7]
111,[3,8]
112,[3,7]
113,[3,6]
114,[4,6]
115,[5,6]
116,[6,6]
117,[7,6]
118,[8,6]
119,[9,6]
120,[9,6]
121,[9,6]
122,[9,6]
123,[9,6]
124,[9,6]
125,[8,6]
126,[7,6]
127,[6,6]
128,[5,6]
129,[4,6]
130,[3,6]
131,[2,6]
132,[2,5]
133,[2,6]
134,[3,6]
135,[4,6]
136,[5,6]
137,[6,6]
138,[7,6]
139,[8,6]
140,[9,6]
141,[10,6]
142,[10,7]
143,[10,8]
144,[10,9]
145,[10,10]
146,[10,11]
147,[10,12]
148,[10,11]
149,[10,10]
150,[10,9]
151,[10,8]
152,[10,7]
153,[10,6]
154,[9,6]
155,[9,6]
156,[9,6]
157,[9,6]
158,[9,6]
159,[9,6]
160,[8,6]
161,[7,6]
162,[6,6]
163,[5,6]
164,[4,6]
165,[3,6]
166,[2,6]
167,[2,5]
168,[2,6]
169,[3,6]
170,[4,6]
171,[5,6]
172,[6,6]
173,[7,6]
174,[8,6]
175,[9,6]
176,[8,6]
177,[7,6]
178,[6,6]
179,[5,6]
180,[4,6]
181,[3,6]
182,[3,7]
183,[3,8]
184,[3,7]
185,[3,6]
186,[4,6]
187,[5,6]
188,[6,6]
189,[7,6]
190,[8,6]
191,[9,6]
192,[9,6]
193,[9,6]
194,[9,6]
195,[9,6]
196,[9,6]
197,[8,6]
198,[7,6]
199,[6,6]
200,[5,6]
201,[5,7]
202,[5,8]
203,[5,7]
204,[5,6]
205,[6,6]
206,[7,6]
207,[8,6]
208,[9,6]
209,[9,5]
210,[9,4]
211,[9,3]
212,[10,3]
213,[10,2]
214,[10,1]
215,[9,1]
