//Quantitative values
299	//Makespan
300	//Mission completion time hauler 1
2	//Application execution time (in millisecond)
//Path to the final points
0,[8,5]
1,[8,4]
2,[8,3]
3,[8,2]
4,[9,2]
5,[10,2]
6,[11,2]
7,[10,2]
8,[9,2]
9,[8,2]
10,[7,2]
11,[6,2]
12,[5,2]
13,[4,2]
14,[3,2]
15,[3,3]
16,[3,2]
17,[4,2]
18,[5,2]
19,[6,2]
20,[7,2]
21,[8,2]
22,[9,2]
23,[10,2]
24,[11,2]
25,[11,2]
26,[11,2]
27,[11,2]
28,[11,2]
29,[11,2]
30,[10,2]
31,[9,2]
32,[8,2]
33,[7,2]
34,[7,3]
35,[7,4]
36,[7,5]
37,[7,6]
38,[7,7]
39,[7,8]
40,[7,7]
41,[7,6]
42,[7,5]
43,[7,4]
44,[7,3]
45,[7,2]
46,[8,2]
47,[9,2]
48,[10,2]
49,[11,2]
50,[11,2]
51,[11,2]
52,[11,2]
53,[11,2]
54,[11,2]
55,[10,2]
56,[9,2]
57,[8,2]
58,[7,2]
59,[6,2]
60,[5,2]
61,[4,2]
62,[3,2]
63,[2,2]
64,[1,2]
65,[1,3]
66,[1,4]
67,[1,5]
68,[1,4]
69,[1,3]
70,[1,2]
71,[2,2]
72,[3,2]
73,[4,2]
74,[5,2]
75,[6,2]
76,[7,2]
77,[8,2]
78,[9,2]
79,[10,2]
80,[11,2]
81,[11,2]
82,[11,2]
83,[11,2]
84,[11,2]
85,[11,2]
86,[10,2]
87,[9,2]
88,[8,2]
89,[7,2]
90,[7,3]
91,[7,4]
92,[7,5]
93,[7,6]
94,[7,7]
95,[7,8]
96,[7,7]
97,[7,6]
98,[7,5]
99,[7,4]
100,[7,3]
101,[7,2]
102,[8,2]
103,[9,2]
104,[10,2]
105,[11,2]
106,[11,2]
107,[11,2]
108,[11,2]
109,[11,2]
110,[11,2]
111,[10,2]
112,[9,2]
113,[8,2]
114,[7,2]
115,[6,2]
116,[5,2]
117,[5,3]
118,[5,4]
119,[5,5]
120,[5,6]
121,[5,7]
122,[5,8]
123,[5,7]
124,[5,6]
125,[5,5]
126,[5,4]
127,[5,3]
128,[5,2]
129,[6,2]
130,[7,2]
131,[8,2]
132,[9,2]
133,[10,2]
134,[11,2]
135,[11,2]
136,[11,2]
137,[11,2]
138,[11,2]
139,[11,2]
140,[10,2]
141,[9,2]
142,[8,2]
143,[7,2]
144,[6,2]
145,[5,2]
146,[4,2]
147,[3,2]
148,[3,3]
149,[3,4]
150,[3,3]
151,[3,2]
152,[4,2]
153,[5,2]
154,[6,2]
155,[7,2]
156,[8,2]
157,[9,2]
158,[10,2]
159,[11,2]
160,[11,2]
161,[11,2]
162,[11,2]
163,[11,2]
164,[11,2]
165,[10,2]
166,[9,2]
167,[8,2]
168,[7,2]
169,[6,2]
170,[5,2]
171,[5,3]
172,[5,4]
173,[5,5]
174,[5,6]
175,[5,7]
176,[5,8]
177,[5,7]
178,[5,6]
179,[5,5]
180,[5,4]
181,[5,3]
182,[5,2]
183,[6,2]
184,[7,2]
185,[8,2]
186,[9,2]
187,[10,2]
188,[11,2]
189,[11,2]
190,[11,2]
191,[11,2]
192,[11,2]
193,[11,2]
194,[10,2]
195,[9,2]
196,[8,2]
197,[7,2]
198,[6,2]
199,[5,2]
200,[4,2]
201,[3,2]
202,[3,3]
203,[3,4]
204,[3,3]
205,[3,2]
206,[4,2]
207,[5,2]
208,[6,2]
209,[7,2]
210,[8,2]
211,[9,2]
212,[10,2]
213,[11,2]
214,[11,2]
215,[11,2]
216,[11,2]
217,[11,2]
218,[11,2]
219,[10,2]
220,[9,2]
221,[8,2]
222,[7,2]
223,[6,2]
224,[5,2]
225,[4,2]
226,[3,2]
227,[3,3]
228,[3,2]
229,[4,2]
230,[5,2]
231,[6,2]
232,[7,2]
233,[8,2]
234,[9,2]
235,[10,2]
236,[11,2]
237,[11,2]
238,[11,2]
239,[11,2]
240,[11,2]
241,[11,2]
242,[10,2]
243,[9,2]
244,[8,2]
245,[7,2]
246,[6,2]
247,[5,2]
248,[4,2]
249,[3,2]
250,[3,3]
251,[3,4]
252,[3,3]
253,[3,2]
254,[4,2]
255,[5,2]
256,[6,2]
257,[7,2]
258,[8,2]
259,[9,2]
260,[10,2]
261,[11,2]
262,[11,2]
263,[11,2]
264,[11,2]
265,[11,2]
266,[11,2]
267,[10,2]
268,[9,2]
269,[8,2]
270,[7,2]
271,[6,2]
272,[5,2]
273,[4,2]
274,[3,2]
275,[3,3]
276,[3,2]
277,[4,2]
278,[5,2]
279,[6,2]
280,[7,2]
281,[8,2]
282,[9,2]
283,[10,2]
284,[11,2]
285,[11,2]
286,[11,2]
287,[11,2]
288,[11,2]
289,[11,2]
290,[10,2]
291,[9,2]
292,[8,2]
293,[7,2]
294,[6,2]
295,[5,2]
296,[4,2]
297,[3,2]
298,[3,3]
299,[3,4]
