//Quantitative values
258	//Makespan
259	//Mission completion time hauler 1
2	//Application execution time (in millisecond)
//Path to the final points
0,[6,5]
1,[5,5]
2,[4,5]
3,[3,5]
4,[2,5]
5,[2,6]
6,[2,7]
7,[1,7]
8,[1,8]
9,[1,9]
10,[1,10]
11,[1,11]
12,[1,10]
13,[1,9]
14,[1,8]
15,[1,7]
16,[2,7]
17,[2,6]
18,[2,6]
19,[2,6]
20,[2,6]
21,[2,6]
22,[2,6]
23,[2,5]
24,[2,4]
25,[3,4]
26,[4,4]
27,[5,4]
28,[6,4]
29,[7,4]
30,[6,4]
31,[5,4]
32,[4,4]
33,[3,4]
34,[2,4]
35,[2,5]
36,[2,6]
37,[2,6]
38,[2,6]
39,[2,6]
40,[2,6]
41,[2,6]
42,[2,5]
43,[2,4]
44,[3,4]
45,[4,4]
46,[5,4]
47,[6,4]
48,[7,4]
49,[8,4]
50,[8,3]
51,[9,3]
52,[10,3]
53,[11,3]
54,[10,3]
55,[9,3]
56,[8,3]
57,[8,4]
58,[7,4]
59,[6,4]
60,[5,4]
61,[4,4]
62,[3,4]
63,[2,4]
64,[2,5]
65,[2,6]
66,[2,6]
67,[2,6]
68,[2,6]
69,[2,6]
70,[2,6]
71,[2,5]
72,[2,4]
73,[3,4]
74,[4,4]
75,[5,4]
76,[6,4]
77,[7,4]
78,[6,4]
79,[5,4]
80,[4,4]
81,[3,4]
82,[2,4]
83,[2,5]
84,[2,6]
85,[2,6]
86,[2,6]
87,[2,6]
88,[2,6]
89,[2,6]
90,[2,7]
91,[1,7]
92,[1,8]
93,[1,9]
94,[1,10]
95,[1,11]
96,[1,10]
97,[1,9]
98,[1,8]
99,[1,7]
100,[2,7]
101,[2,6]
102,[2,5]
103,[2,4]
104,[3,4]
105,[4,4]
106,[5,4]
107,[6,4]
108,[7,4]
109,[6,4]
110,[5,4]
111,[4,4]
112,[3,4]
113,[2,4]
114,[2,5]
115,[2,6]
116,[2,6]
117,[2,6]
118,[2,6]
119,[2,6]
120,[2,6]
121,[2,7]
122,[2,8]
123,[3,8]
124,[4,8]
125,[5,8]
126,[6,8]
127,[7,8]
128,[8,8]
129,[9,8]
130,[10,8]
131,[10,9]
132,[10,8]
133,[9,8]
134,[8,8]
135,[7,8]
136,[6,8]
137,[5,8]
138,[4,8]
139,[3,8]
140,[2,8]
141,[2,7]
142,[2,6]
143,[2,6]
144,[2,6]
145,[2,6]
146,[2,6]
147,[2,6]
148,[2,5]
149,[3,5]
150,[4,5]
151,[5,5]
152,[6,5]
153,[6,6]
154,[7,6]
155,[8,6]
156,[9,6]
157,[10,6]
158,[9,6]
159,[8,6]
160,[7,6]
161,[6,6]
162,[6,5]
163,[5,5]
164,[4,5]
165,[3,5]
166,[2,5]
167,[2,6]
168,[2,6]
169,[2,6]
170,[2,6]
171,[2,6]
172,[2,6]
173,[2,7]
174,[2,8]
175,[3,8]
176,[4,8]
177,[5,8]
178,[6,8]
179,[7,8]
180,[8,8]
181,[9,8]
182,[10,8]
183,[10,9]
184,[10,8]
185,[9,8]
186,[8,8]
187,[7,8]
188,[6,8]
189,[5,8]
190,[4,8]
191,[3,8]
192,[2,8]
193,[2,7]
194,[2,6]
195,[2,6]
196,[2,6]
197,[2,6]
198,[2,6]
199,[2,6]
200,[2,5]
201,[3,5]
202,[4,5]
203,[5,5]
204,[6,5]
205,[6,6]
206,[7,6]
207,[8,6]
208,[9,6]
209,[10,6]
210,[9,6]
211,[8,6]
212,[7,6]
213,[6,6]
214,[6,5]
215,[5,5]
216,[4,5]
217,[3,5]
218,[2,5]
219,[2,6]
220,[2,6]
221,[2,6]
222,[2,6]
223,[2,6]
224,[2,6]
225,[2,7]
226,[2,8]
227,[3,8]
228,[4,8]
229,[5,8]
230,[6,8]
231,[7,8]
232,[8,8]
233,[9,8]
234,[10,8]
235,[10,9]
236,[10,8]
237,[9,8]
238,[8,8]
239,[7,8]
240,[6,8]
241,[5,8]
242,[4,8]
243,[3,8]
244,[2,8]
245,[2,7]
246,[2,6]
247,[2,6]
248,[2,6]
249,[2,6]
250,[2,6]
251,[2,6]
252,[2,5]
253,[2,4]
254,[3,4]
255,[4,4]
256,[5,4]
257,[6,4]
258,[7,4]
