//Quantitative values
206	//Makespan
207	//Mission completion time hauler 1
2	//Application execution time (in millisecond)
//Path to the final points
0,[10,12]
1,[9,12]
2,[8,12]
3,[7,12]
4,[6,12]
5,[5,12]
6,[4,12]
7,[4,11]
8,[4,10]
9,[4,9]
10,[4,8]
11,[4,7]
12,[4,6]
13,[4,5]
14,[4,4]
15,[4,3]
16,[4,3]
17,[4,3]
18,[4,3]
19,[4,3]
20,[4,3]
21,[3,3]
22,[3,4]
23,[3,5]
24,[3,6]
25,[3,7]
26,[3,8]
27,[3,9]
28,[3,10]
29,[2,10]
30,[3,10]
31,[3,9]
32,[3,8]
33,[3,7]
34,[3,6]
35,[3,5]
36,[3,4]
37,[3,3]
38,[4,3]
39,[4,4]
40,[4,5]
41,[4,6]
42,[4,7]
43,[4,8]
44,[4,9]
45,[5,9]
46,[6,9]
47,[7,9]
48,[8,9]
49,[9,9]
50,[10,9]
51,[9,9]
52,[8,9]
53,[7,9]
54,[6,9]
55,[5,9]
56,[4,9]
57,[4,8]
58,[4,7]
59,[4,6]
60,[4,5]
61,[4,4]
62,[4,3]
63,[4,3]
64,[4,3]
65,[4,3]
66,[4,3]
67,[4,3]
68,[5,3]
69,[6,3]
70,[7,3]
71,[8,3]
72,[9,3]
73,[10,3]
74,[11,3]
75,[12,3]
76,[11,3]
77,[10,3]
78,[9,3]
79,[8,3]
80,[7,3]
81,[6,3]
82,[5,3]
83,[4,3]
84,[3,3]
85,[2,3]
86,[2,4]
87,[2,5]
88,[1,5]
89,[1,6]
90,[1,7]
91,[1,6]
92,[1,5]
93,[2,5]
94,[2,4]
95,[2,3]
96,[3,3]
97,[4,3]
98,[4,3]
99,[4,3]
100,[4,3]
101,[4,3]
102,[4,3]
103,[5,3]
104,[6,3]
105,[7,3]
106,[8,3]
107,[9,3]
108,[10,3]
109,[11,3]
110,[12,3]
111,[11,3]
112,[10,3]
113,[9,3]
114,[8,3]
115,[7,3]
116,[6,3]
117,[5,3]
118,[4,3]
119,[4,2]
120,[4,1]
121,[4,2]
122,[4,3]
123,[3,3]
124,[3,4]
125,[3,5]
126,[3,6]
127,[3,7]
128,[3,8]
129,[3,9]
130,[3,10]
131,[2,10]
132,[3,10]
133,[3,9]
134,[3,8]
135,[3,7]
136,[3,6]
137,[3,5]
138,[3,4]
139,[3,3]
140,[4,3]
141,[4,3]
142,[4,3]
143,[4,3]
144,[4,3]
145,[4,3]
146,[4,2]
147,[4,1]
148,[4,2]
149,[4,3]
150,[3,3]
151,[3,4]
152,[3,5]
153,[3,6]
154,[3,7]
155,[3,8]
156,[3,9]
157,[3,10]
158,[2,10]
159,[3,10]
160,[3,9]
161,[3,8]
162,[3,7]
163,[3,6]
164,[3,5]
165,[3,4]
166,[3,3]
167,[4,3]
168,[3,3]
169,[2,3]
170,[2,4]
171,[2,5]
172,[1,5]
173,[1,6]
174,[1,7]
175,[1,6]
176,[1,5]
177,[2,5]
178,[2,4]
179,[2,3]
180,[3,3]
181,[4,3]
182,[4,3]
183,[4,3]
184,[4,3]
185,[4,3]
186,[4,3]
187,[3,3]
188,[3,4]
189,[3,5]
190,[3,6]
191,[3,7]
192,[3,8]
193,[3,9]
194,[3,10]
195,[2,10]
196,[3,10]
197,[3,9]
198,[3,8]
199,[3,7]
200,[3,6]
201,[3,5]
202,[3,4]
203,[3,3]
204,[4,3]
205,[4,2]
206,[4,1]
