//Quantitative values
70	//Makespan
71	//Mission completion time hauler 1
1	//Application execution time (in millisecond)
//Path to the final points
0,[1,12]
1,[1,11]
2,[1,10]
3,[2,10]
4,[2,9]
5,[2,8]
6,[2,7]
7,[1,7]
8,[1,6]
9,[2,6]
10,[3,6]
11,[4,6]
12,[3,6]
13,[2,6]
14,[1,6]
15,[1,7]
16,[2,7]
17,[3,7]
18,[4,7]
19,[5,7]
20,[6,7]
21,[7,7]
22,[8,7]
23,[9,7]
24,[10,7]
25,[9,7]
26,[8,7]
27,[7,7]
28,[6,7]
29,[6,8]
30,[6,9]
31,[5,9]
32,[4,9]
33,[4,8]
34,[4,7]
35,[4,6]
36,[5,6]
37,[4,6]
38,[3,6]
39,[2,6]
40,[1,6]
41,[1,7]
42,[2,7]
43,[3,7]
44,[4,7]
45,[5,7]
46,[6,7]
47,[7,7]
48,[8,7]
49,[9,7]
50,[10,7]
51,[9,7]
52,[8,7]
53,[7,7]
54,[6,7]
55,[6,8]
56,[6,9]
57,[5,9]
58,[4,9]
59,[4,8]
60,[4,7]
61,[4,6]
62,[5,6]
63,[4,6]
64,[3,6]
65,[2,6]
66,[1,6]
67,[2,6]
68,[3,6]
69,[4,6]
70,[5,6]
