//Quantitative values
108	//Makespan
109	//Mission completion time hauler 1
1	//Application execution time (in millisecond)
//Path to the final points
0,[9,8]
1,[9,7]
2,[9,6]
3,[10,6]
4,[10,5]
5,[10,4]
6,[10,3]
7,[10,2]
8,[11,2]
9,[10,2]
10,[10,3]
11,[10,4]
12,[10,5]
13,[10,6]
14,[10,7]
15,[10,8]
16,[10,9]
17,[10,10]
18,[10,11]
19,[11,11]
20,[12,11]
21,[11,11]
22,[10,11]
23,[9,11]
24,[9,10]
25,[8,10]
26,[7,10]
27,[6,10]
28,[6,9]
29,[5,9]
30,[4,9]
31,[3,9]
32,[2,9]
33,[2,8]
34,[2,7]
35,[2,6]
36,[2,5]
37,[2,4]
38,[2,3]
39,[3,3]
40,[4,3]
41,[5,3]
42,[6,3]
43,[7,3]
44,[8,3]
45,[7,3]
46,[6,3]
47,[5,3]
48,[4,3]
49,[3,3]
50,[2,3]
51,[2,4]
52,[2,5]
53,[2,6]
54,[2,7]
55,[2,8]
56,[2,9]
57,[3,9]
58,[4,9]
59,[5,9]
60,[6,9]
61,[6,10]
62,[7,10]
63,[8,10]
64,[9,10]
65,[9,11]
66,[10,11]
67,[11,11]
68,[12,11]
69,[11,11]
70,[10,11]
71,[10,10]
72,[10,9]
73,[10,8]
74,[10,7]
75,[10,6]
76,[10,5]
77,[10,4]
78,[10,3]
79,[10,2]
80,[11,2]
81,[10,2]
82,[9,2]
83,[8,2]
84,[7,2]
85,[6,2]
86,[5,2]
87,[6,2]
88,[7,2]
89,[8,2]
90,[9,2]
91,[10,2]
92,[11,2]
93,[10,2]
94,[9,2]
95,[8,2]
96,[8,3]
97,[7,3]
98,[6,3]
99,[5,3]
100,[4,3]
101,[3,3]
102,[2,3]
103,[2,4]
104,[2,3]
105,[2,2]
106,[3,2]
107,[4,2]
108,[5,2]
