//Quantitative values
81	//Makespan
81	//Mission completion time hauler 1
2	//Application execution time (in millisecond)
//Path to the final points
0,[10,10]
1,[9,10]
2,[8,10]
3,[7,10]
4,[6,10]
5,[6,9]
6,[6,8]
7,[6,7]
8,[6,6]
9,[6,5]
10,[6,4]
11,[6,5]
12,[7,5]
13,[6,5]
14,[6,4]
15,[6,3]
16,[6,2]
17,[7,2]
18,[8,2]
19,[9,2]
20,[8,2]
21,[7,2]
22,[6,2]
23,[6,3]
24,[6,4]
25,[6,3]
26,[6,2]
27,[7,2]
28,[8,2]
29,[9,2]
30,[8,2]
31,[7,2]
32,[6,2]
33,[5,2]
34,[5,3]
35,[5,4]
36,[5,5]
37,[4,5]
38,[4,6]
39,[4,7]
40,[4,8]
41,[4,7]
42,[4,6]
43,[4,5]
44,[5,5]
45,[5,4]
46,[5,3]
47,[5,2]
48,[6,2]
49,[7,2]
50,[8,2]
51,[9,2]
52,[10,2]
53,[11,2]
54,[10,2]
55,[9,2]
56,[8,2]
57,[7,2]
58,[6,2]
59,[5,2]
60,[5,3]
61,[5,4]
62,[5,5]
63,[4,5]
64,[4,6]
65,[4,7]
66,[4,8]
67,[4,7]
68,[4,6]
69,[4,5]
70,[5,5]
71,[6,5]
72,[7,5]
73,[6,5]
74,[6,4]
75,[6,3]
76,[6,2]
77,[7,2]
78,[8,2]
79,[9,2]
80,[10,2]
81,[11,2]
