//Quantitative values
85	//Makespan
54	//Mission completion time hauler 1
86	//Mission completion time hauler 2
1	//Application execution time (in millisecond)
//Path to the final points
0,[6 ,11],[10,10]
1,[5 ,11],[9,10]
2,[5 ,10],[8,10]
3,[5 ,9],[7,10]
4,[5 ,8],[6,10]
5,[5 ,7],[5,10]
6,[5 ,6],[5,9]
7,[6 ,6],[5,8]
8,[7 ,6],[5,7]
9,[7 ,5],[5,6]
10,[7 ,4],[5,5]
11,[6 ,4],[5,4]
12,[5 ,4],[5,3]
13,[5 ,3],[5,2]
14,[5 ,2],[5,1]
15,[5 ,1],[5,2]
16,[5 ,2],[5,3]
17,[5 ,3],[5,4]
18,[5 ,4],[5,5]
19,[6 ,4],[5,6]
20,[7 ,4],[5,7]
21,[7 ,5],[5,8]
22,[7 ,6],[6,8]
23,[6 ,6],[7,8]
24,[6 ,7],[8,8]
25,[6 ,6],[9,8]
26,[7 ,6],[10,8]
27,[7 ,5],[11,8]
28,[7 ,4],[10,8]
29,[6 ,4],[9,8]
30,[5 ,4],[8,8]
31,[5 ,3],[7,8]
32,[5 ,2],[6,8]
33,[5 ,1],[6,7]
34,[5 ,2],[6,8]
35,[5 ,3],[7,8]
36,[5 ,4],[8,8]
37,[5 ,5],[9,8]
38,[5 ,6],[10,8]
39,[5 ,7],[11,8]
40,[5 ,8],[10,8]
41,[6 ,8],[9,8]
42,[7 ,8],[8,8]
43,[8 ,8],[7,8]
44,[9 ,8],[6,8]
45,[10 ,8],[5,8]
46,[11 ,8],[5,7]
47,[10 ,8],[5,6]
48,[9 ,8],[5,5]
49,[9 ,7],[5,4]
50,[9 ,6],[5,3]
51,[9 ,5],[5,2]
52,[9 ,4],[5,1]
53,[9 ,3],[5,2]
54,[9 ,3],[5,3]
55,[9 ,3],[5,4]
56,[9 ,3],[5,5]
57,[9 ,3],[5,6]
58,[9 ,3],[5,7]
59,[9 ,3],[5,8]
60,[9 ,3],[6,8]
61,[9 ,3],[7,8]
62,[9 ,3],[8,8]
63,[9 ,3],[9,8]
64,[9 ,3],[10,8]
65,[9 ,3],[11,8]
66,[9 ,3],[10,8]
67,[9 ,3],[9,8]
68,[9 ,3],[8,8]
69,[9 ,3],[7,8]
70,[9 ,3],[6,8]
71,[9 ,3],[5,8]
72,[9 ,3],[5,7]
73,[9 ,3],[5,6]
74,[9 ,3],[5,5]
75,[9 ,3],[5,4]
76,[9 ,3],[5,3]
77,[9 ,3],[5,2]
78,[9 ,3],[5,1]
79,[9 ,3],[5,2]
80,[9 ,3],[5,3]
81,[9 ,3],[5,4]
82,[9 ,3],[6,4]
83,[9 ,3],[7,4]
84,[9 ,3],[7,5]
85,[9 ,3],[7,5]
