//Quantitative values
159	//Makespan
160	//Mission completion time hauler 1
1	//Application execution time (in millisecond)
//Path to the final points
0,[5,9]
1,[5,8]
2,[5,7]
3,[5,6]
4,[5,5]
5,[5,4]
6,[5,3]
7,[6,3]
8,[6,4]
9,[7,4]
10,[7,5]
11,[7,6]
12,[7,7]
13,[7,8]
14,[7,9]
15,[7,10]
16,[8,10]
17,[9,10]
18,[8,10]
19,[7,10]
20,[7,9]
21,[7,8]
22,[7,7]
23,[7,6]
24,[7,5]
25,[7,4]
26,[6,4]
27,[6,3]
28,[6,4]
29,[7,4]
30,[7,5]
31,[7,6]
32,[7,7]
33,[7,8]
34,[7,9]
35,[7,10]
36,[8,10]
37,[9,10]
38,[8,10]
39,[7,10]
40,[7,9]
41,[7,8]
42,[7,7]
43,[7,6]
44,[7,5]
45,[7,4]
46,[6,4]
47,[5,4]
48,[5,3]
49,[5,4]
50,[6,4]
51,[7,4]
52,[7,5]
53,[7,6]
54,[7,7]
55,[7,8]
56,[7,9]
57,[7,10]
58,[8,10]
59,[9,10]
60,[9,11]
61,[10,11]
62,[11,11]
63,[12,11]
64,[11,11]
65,[10,11]
66,[9,11]
67,[9,10]
68,[8,10]
69,[7,10]
70,[7,9]
71,[7,8]
72,[7,7]
73,[7,6]
74,[7,5]
75,[7,4]
76,[6,4]
77,[6,3]
78,[6,4]
79,[7,4]
80,[7,5]
81,[7,6]
82,[7,7]
83,[7,8]
84,[7,9]
85,[7,10]
86,[8,10]
87,[9,10]
88,[8,10]
89,[7,10]
90,[7,9]
91,[7,8]
92,[7,7]
93,[7,6]
94,[7,5]
95,[7,4]
96,[6,4]
97,[6,3]
98,[5,3]
99,[5,4]
100,[5,5]
101,[5,6]
102,[5,7]
103,[4,7]
104,[3,7]
105,[2,7]
106,[2,8]
107,[2,9]
108,[2,10]
109,[2,11]
110,[2,12]
111,[3,12]
112,[2,12]
113,[2,11]
114,[2,10]
115,[2,9]
116,[2,8]
117,[2,7]
118,[3,7]
119,[4,7]
120,[5,7]
121,[5,6]
122,[5,5]
123,[5,4]
124,[5,3]
125,[6,3]
126,[5,3]
127,[5,4]
128,[5,5]
129,[5,6]
130,[5,7]
131,[4,7]
132,[3,7]
133,[2,7]
134,[2,8]
135,[2,9]
136,[2,10]
137,[2,11]
138,[2,12]
139,[3,12]
140,[4,12]
141,[5,12]
142,[6,12]
143,[7,12]
144,[8,12]
145,[9,12]
146,[9,11]
147,[10,11]
148,[11,11]
149,[12,11]
150,[11,11]
151,[10,11]
152,[9,11]
153,[9,12]
154,[8,12]
155,[7,12]
156,[6,12]
157,[5,12]
158,[4,12]
159,[3,12]
