//Quantitative values
208	//Makespan
209	//Mission completion time hauler 1
1	//Application execution time (in millisecond)
//Path to the final points
0,[1,5]
1,[1,4]
2,[1,5]
3,[1,6]
4,[1,7]
5,[1,8]
6,[1,9]
7,[1,10]
8,[1,11]
9,[1,12]
10,[2,12]
11,[1,12]
12,[1,11]
13,[1,10]
14,[1,9]
15,[1,8]
16,[1,7]
17,[1,6]
18,[1,5]
19,[1,4]
20,[1,3]
21,[1,2]
22,[1,1]
23,[2,1]
24,[3,1]
25,[4,1]
26,[5,1]
27,[5,2]
28,[6,2]
29,[7,2]
30,[8,2]
31,[9,2]
32,[10,2]
33,[9,2]
34,[8,2]
35,[7,2]
36,[6,2]
37,[5,2]
38,[5,1]
39,[4,1]
40,[3,1]
41,[2,1]
42,[1,1]
43,[1,2]
44,[1,3]
45,[1,4]
46,[1,5]
47,[1,6]
48,[1,7]
49,[1,8]
50,[1,9]
51,[1,10]
52,[1,11]
53,[1,12]
54,[2,12]
55,[1,12]
56,[1,11]
57,[1,10]
58,[1,9]
59,[1,8]
60,[1,7]
61,[1,6]
62,[1,5]
63,[1,4]
64,[1,3]
65,[1,2]
66,[1,1]
67,[2,1]
68,[3,1]
69,[4,1]
70,[5,1]
71,[5,2]
72,[6,2]
73,[7,2]
74,[8,2]
75,[9,2]
76,[10,2]
77,[9,2]
78,[8,2]
79,[7,2]
80,[6,2]
81,[5,2]
82,[5,1]
83,[4,1]
84,[3,1]
85,[2,1]
86,[3,1]
87,[4,1]
88,[5,1]
89,[5,2]
90,[5,3]
91,[6,3]
92,[6,4]
93,[7,4]
94,[7,5]
95,[7,6]
96,[7,7]
97,[7,8]
98,[7,9]
99,[8,9]
100,[8,10]
101,[9,10]
102,[9,11]
103,[9,12]
104,[10,12]
105,[11,12]
106,[12,12]
107,[11,12]
108,[10,12]
109,[9,12]
110,[8,12]
111,[7,12]
112,[6,12]
113,[5,12]
114,[4,12]
115,[3,12]
116,[2,12]
117,[1,12]
118,[1,11]
119,[1,10]
120,[1,9]
121,[1,8]
122,[1,7]
123,[1,6]
124,[1,5]
125,[1,4]
126,[1,3]
127,[1,2]
128,[1,1]
129,[2,1]
130,[3,1]
131,[4,1]
132,[5,1]
133,[5,2]
134,[6,2]
135,[7,2]
136,[8,2]
137,[9,2]
138,[10,2]
139,[9,2]
140,[8,2]
141,[7,2]
142,[6,2]
143,[5,2]
144,[5,1]
145,[4,1]
146,[3,1]
147,[2,1]
148,[1,1]
149,[1,2]
150,[1,3]
151,[1,4]
152,[1,5]
153,[1,6]
154,[1,7]
155,[1,8]
156,[1,9]
157,[1,10]
158,[1,11]
159,[1,12]
160,[2,12]
161,[3,12]
162,[4,12]
163,[5,12]
164,[6,12]
165,[7,12]
166,[8,12]
167,[9,12]
168,[10,12]
169,[11,12]
170,[12,12]
171,[11,12]
172,[10,12]
173,[9,12]
174,[8,12]
175,[7,12]
176,[6,12]
177,[5,12]
178,[4,12]
179,[3,12]
180,[2,12]
181,[1,12]
182,[1,11]
183,[1,10]
184,[1,9]
185,[1,8]
186,[1,7]
187,[1,6]
188,[1,5]
189,[1,4]
190,[1,5]
191,[1,6]
192,[1,7]
193,[1,8]
194,[1,9]
195,[1,10]
196,[1,11]
197,[1,12]
198,[2,12]
199,[3,12]
200,[4,12]
201,[5,12]
202,[6,12]
203,[7,12]
204,[8,12]
205,[9,12]
206,[10,12]
207,[11,12]
208,[12,12]
