//Quantitative values
108	//Makespan
109	//Mission completion time hauler 1
1	//Application execution time (in millisecond)
//Path to the final points
0,[6,12]
1,[5,12]
2,[4,12]
3,[3,12]
4,[3,11]
5,[3,10]
6,[3,9]
7,[3,8]
8,[3,7]
9,[3,6]
10,[3,5]
11,[3,4]
12,[3,3]
13,[3,4]
14,[3,5]
15,[3,6]
16,[3,7]
17,[4,7]
18,[5,7]
19,[5,6]
20,[5,5]
21,[5,4]
22,[6,4]
23,[7,4]
24,[7,5]
25,[7,6]
26,[7,7]
27,[7,6]
28,[7,5]
29,[7,4]
30,[7,3]
31,[7,2]
32,[8,2]
33,[9,2]
34,[10,2]
35,[11,2]
36,[12,2]
37,[11,2]
38,[10,2]
39,[9,2]
40,[8,2]
41,[8,3]
42,[8,4]
43,[8,5]
44,[7,5]
45,[7,4]
46,[6,4]
47,[5,4]
48,[5,5]
49,[5,6]
50,[5,7]
51,[4,7]
52,[3,7]
53,[3,6]
54,[3,5]
55,[3,4]
56,[3,3]
57,[3,4]
58,[3,5]
59,[3,6]
60,[3,7]
61,[4,7]
62,[5,7]
63,[5,6]
64,[5,5]
65,[5,4]
66,[6,4]
67,[7,4]
68,[7,5]
69,[8,5]
70,[7,5]
71,[7,4]
72,[6,4]
73,[5,4]
74,[5,5]
75,[5,4]
76,[6,4]
77,[7,4]
78,[7,5]
79,[7,6]
80,[7,7]
81,[7,6]
82,[7,5]
83,[7,4]
84,[6,4]
85,[5,4]
86,[5,5]
87,[5,6]
88,[5,7]
89,[4,7]
90,[3,7]
91,[3,6]
92,[3,5]
93,[3,4]
94,[3,3]
95,[3,4]
96,[3,5]
97,[3,6]
98,[3,7]
99,[4,7]
100,[5,7]
101,[5,6]
102,[5,5]
103,[5,4]
104,[6,4]
105,[7,4]
106,[7,5]
107,[7,6]
108,[7,7]
