//Quantitative values
107	//Makespan
93	//Mission completion time hauler 1
108	//Mission completion time hauler 2
1	//Application execution time (in millisecond)
//Path to the final points
0,[12 ,7],[4,5]
1,[11 ,7],[4,6]
2,[10 ,7],[4,7]
3,[9 ,7],[5,7]
4,[8 ,7],[6,7]
5,[7 ,7],[7,7]
6,[6 ,7],[8,7]
7,[5 ,7],[9,7]
8,[4 ,7],[10,7]
9,[3 ,7],[10,8]
10,[2 ,7],[11,8]
11,[1 ,7],[10,8]
12,[2 ,7],[10,7]
13,[3 ,7],[9,7]
14,[4 ,7],[8,7]
15,[5 ,7],[7,7]
16,[6 ,7],[6,7]
17,[7 ,7],[5,7]
18,[8 ,7],[5,6]
19,[9 ,7],[5,5]
20,[10 ,7],[5,4]
21,[10 ,8],[4,4]
22,[11 ,8],[3,4]
23,[10 ,8],[3,5]
24,[10 ,7],[3,6]
25,[9 ,7],[3,7]
26,[8 ,7],[3,8]
27,[7 ,7],[3,7]
28,[6 ,7],[3,6]
29,[5 ,7],[3,5]
30,[5 ,6],[3,4]
31,[5 ,5],[4,4]
32,[5 ,4],[5,4]
33,[4 ,4],[5,5]
34,[3 ,4],[5,6]
35,[3 ,5],[5,7]
36,[3 ,6],[6,7]
37,[3 ,7],[7,7]
38,[3 ,8],[8,7]
39,[2 ,8],[9,7]
40,[1 ,8],[10,7]
41,[1 ,7],[10,8]
42,[1 ,8],[11,8]
43,[2 ,8],[10,8]
44,[3 ,8],[10,7]
45,[3 ,7],[9,7]
46,[3 ,6],[8,7]
47,[3 ,5],[7,7]
48,[3 ,4],[6,7]
49,[4 ,4],[5,7]
50,[5 ,4],[5,6]
51,[5 ,5],[5,5]
52,[5 ,6],[5,4]
53,[5 ,7],[4,4]
54,[6 ,7],[3,4]
55,[7 ,7],[3,5]
56,[8 ,7],[3,6]
57,[9 ,7],[3,7]
58,[10 ,7],[3,8]
59,[10 ,8],[3,7]
60,[11 ,8],[3,6]
61,[10 ,8],[3,5]
62,[10 ,7],[3,4]
63,[9 ,7],[4,4]
64,[8 ,7],[5,4]
65,[7 ,7],[5,5]
66,[6 ,7],[5,6]
67,[5 ,7],[5,7]
68,[4 ,7],[6,7]
69,[3 ,7],[7,7]
70,[2 ,7],[8,7]
71,[1 ,7],[9,7]
72,[1 ,8],[10,7]
73,[2 ,8],[10,8]
74,[3 ,8],[11,8]
75,[3 ,7],[10,8]
76,[4 ,7],[10,7]
77,[5 ,7],[9,7]
78,[6 ,7],[8,7]
79,[7 ,7],[7,7]
80,[8 ,7],[6,7]
81,[9 ,7],[5,7]
82,[10 ,7],[4,7]
83,[11 ,7],[3,7]
84,[10 ,7],[2,7]
85,[9 ,7],[1,7]
86,[8 ,7],[2,7]
87,[7 ,7],[3,7]
88,[6 ,7],[4,7]
89,[5 ,7],[5,7]
90,[4 ,7],[6,7]
91,[3 ,7],[7,7]
92,[3 ,8],[8,7]
93,[3 ,8],[9,7]
94,[3 ,8],[10,7]
95,[3 ,8],[10,8]
96,[3 ,8],[11,8]
97,[3 ,8],[10,8]
98,[3 ,8],[10,7]
99,[3 ,8],[9,7]
100,[3 ,8],[8,7]
101,[3 ,8],[7,7]
102,[3 ,8],[6,7]
103,[3 ,8],[5,7]
104,[3 ,8],[5,6]
105,[3 ,8],[5,5]
106,[3 ,8],[5,4]
107,[3 ,8],[5,4]
