//Quantitative values
52	//Makespan
50	//Mission completion time hauler 1
51	//Mission completion time hauler 2
52	//Mission completion time hauler 3
2	//Application execution time (in millisecond)
//Path to the final points
0,[6,3],[7,6],[3,7]
1,[6,4],[6,6],[2,7]
2,[6,5],[5,6],[1,7]
3,[6,6],[5,7],[1,8]
4,[6,7],[5,8],[1,9]
5,[7,7],[5,7],[1,10]
6,[6,7],[5,7],[2,10]
7,[5,7],[6,7],[1,10]
8,[5,8],[7,7],[1,9]
9,[4,8],[6,7],[1,8]
10,[3,8],[5,7],[1,7]
11,[3,7],[4,7],[2,7]
12,[3,6],[3,7],[2,7]
13,[3,5],[2,7],[3,7]
14,[3,4],[1,7],[4,7]
15,[3,3],[1,8],[5,7]
16,[3,2],[1,9],[6,7]
17,[2,2],[1,10],[7,7]
18,[2,1],[2,10],[6,7]
19,[2,2],[1,10],[5,7]
20,[3,2],[1,9],[4,7]
21,[3,3],[1,8],[3,7]
22,[3,4],[1,7],[2,7]
23,[3,5],[1,6],[1,7]
24,[3,6],[1,5],[1,8]
25,[3,7],[2,5],[1,9]
26,[3,8],[2,4],[1,10]
27,[4,8],[3,4],[2,10]
28,[5,8],[3,3],[1,10]
29,[5,7],[3,2],[1,9]
30,[5,6],[2,2],[1,8]
31,[6,6],[2,1],[1,7]
32,[7,6],[2,2],[2,7]
33,[8,6],[3,2],[3,7]
34,[8,5],[3,3],[4,7]
35,[9,5],[3,4],[5,7]
36,[10,5],[3,5],[6,7]
37,[11,5],[3,6],[7,7]
38,[12,5],[3,7],[6,7]
39,[12,4],[3,8],[5,7]
40,[12,5],[4,8],[5,8]
41,[11,5],[5,8],[5,7]
42,[10,5],[4,8],[5,6]
43,[9,5],[3,8],[6,6]
44,[8,5],[3,7],[7,6]
45,[8,6],[3,6],[7,6]
46,[7,6],[3,5],[8,6]
47,[6,6],[3,4],[8,5]
48,[5,6],[3,3],[9,5]
49,[5,7],[3,2],[10,5]
50,[5,8],[2,2],[11,5]
51,[5,8],[2,1],[12,5]
52,[5,8],[2,1],[12,4]
