//Quantitative values
61	//Makespan
61	//Mission completion time hauler 1
58	//Mission completion time hauler 2
35	//Mission completion time hauler 3
2	//Application execution time (in millisecond)
//Path to the final points
0,[10,1],[3,3],[12,6]
1,[9,1],[3,4],[11,6]
2,[8,1],[4,4],[10,6]
3,[7,1],[5,4],[9,6]
4,[7,2],[6,4],[8,6]
5,[7,3],[6,5],[7,6]
6,[7,4],[7,5],[7,7]
7,[7,5],[7,6],[6,7]
8,[7,6],[7,7],[5,7]
9,[7,7],[7,8],[5,6]
10,[7,8],[7,9],[5,7]
11,[7,9],[7,10],[4,7]
12,[7,10],[8,10],[4,8]
13,[7,11],[9,10],[4,9]
14,[7,12],[10,10],[4,10]
15,[7,11],[9,10],[4,11]
16,[7,10],[8,10],[4,12]
17,[8,10],[7,10],[5,12]
18,[9,10],[6,10],[6,12]
19,[10,10],[5,10],[7,12]
20,[9,10],[5,9],[6,12]
21,[8,10],[5,8],[5,12]
22,[7,10],[5,7],[4,12]
23,[7,11],[5,6],[4,11]
24,[7,12],[5,7],[4,10]
25,[6,12],[5,8],[4,11]
26,[5,12],[5,9],[4,12]
27,[4,12],[5,10],[5,12]
28,[4,11],[6,10],[6,12]
29,[4,10],[7,10],[7,12]
30,[4,9],[8,10],[7,11]
31,[4,8],[9,10],[7,10]
32,[4,7],[10,10],[8,10]
33,[5,7],[9,10],[8,10]
34,[6,7],[8,10],[9,10]
35,[7,7],[7,10],[10,10]
36,[7,6],[7,11],[10,10]
37,[7,5],[7,12],[10,10]
38,[6,5],[6,12],[10,10]
39,[6,4],[5,12],[10,10]
40,[5,4],[4,12],[10,10]
41,[4,4],[4,11],[10,10]
42,[3,4],[4,10],[10,10]
43,[2,4],[4,9],[10,10]
44,[2,3],[4,8],[10,10]
45,[2,2],[4,7],[10,10]
46,[2,3],[5,7],[10,10]
47,[2,4],[6,7],[10,10]
48,[3,4],[7,7],[10,10]
49,[4,4],[7,6],[10,10]
50,[5,4],[7,5],[10,10]
51,[6,4],[6,5],[10,10]
52,[6,5],[6,4],[10,10]
53,[7,5],[5,4],[10,10]
54,[7,6],[4,4],[10,10]
55,[7,7],[3,4],[10,10]
56,[6,7],[2,4],[10,10]
57,[5,7],[2,3],[10,10]
58,[4,7],[2,2],[10,10]
59,[4,8],[2,2],[10,10]
60,[4,9],[2,2],[10,10]
61,[4,10],[2,2],[10,10]
