//Quantitative values
70	//Makespan
70	//Mission completion time hauler 1
2	//Application execution time (in millisecond)
//Path to the final points
0,[6,12]
1,[7,12]
2,[8,12]
3,[9,12]
4,[9,11]
5,[9,10]
6,[8,10]
7,[8,9]
8,[8,8]
9,[8,7]
10,[8,6]
11,[8,5]
12,[8,4]
13,[8,3]
14,[8,2]
15,[9,2]
16,[10,2]
17,[11,2]
18,[12,2]
19,[11,2]
20,[10,2]
21,[9,2]
22,[8,2]
23,[7,2]
24,[7,3]
25,[7,4]
26,[7,5]
27,[7,6]
28,[7,7]
29,[7,6]
30,[7,5]
31,[7,4]
32,[6,4]
33,[5,4]
34,[5,5]
35,[5,6]
36,[5,7]
37,[4,7]
38,[3,7]
39,[3,6]
40,[3,5]
41,[3,4]
42,[3,3]
43,[3,4]
44,[3,5]
45,[3,6]
46,[3,7]
47,[4,7]
48,[5,7]
49,[5,6]
50,[5,5]
51,[5,4]
52,[6,4]
53,[7,4]
54,[7,5]
55,[7,6]
56,[7,7]
57,[7,6]
58,[7,5]
59,[7,4]
60,[6,4]
61,[5,4]
62,[5,5]
63,[5,6]
64,[5,7]
65,[4,7]
66,[3,7]
67,[3,6]
68,[3,5]
69,[3,4]
70,[3,3]
